   -2.58697e-01    -8.37923e-01
   -2.19324e-01    -8.32593e-01

   -2.19324e-01    -8.32593e-01
   -2.19324e-01    -8.32593e-01

   -2.19324e-01    -8.32593e-01
   -2.19324e-01    -8.32593e-01

   -1.70505e-01    -8.16452e-01
   -2.19324e-01    -8.32593e-01

   -8.37923e-01    -2.58697e-01
   -8.32593e-01    -2.19324e-01

   -8.32593e-01    -2.19324e-01
   -8.32593e-01    -2.19324e-01

   -8.32593e-01    -2.19324e-01
   -8.32593e-01    -2.19324e-01

   -8.16452e-01    -1.70505e-01
   -8.32593e-01    -2.19324e-01

    8.41075e-01     2.78545e-01
    8.37923e-01     2.58697e-01

    8.41075e-01     2.78545e-01
    8.43761e-01     2.95451e-01

    8.48766e-01     3.28986e-01
    8.43761e-01     2.95451e-01

    8.48766e-01     3.28986e-01
    8.48766e-01     3.28986e-01

    8.48766e-01     3.28986e-01
    8.48766e-01     3.28986e-01

    8.48766e-01     3.28986e-01
    8.48766e-01     3.28986e-01

    8.48766e-01     3.28986e-01
    8.48766e-01     3.28986e-01

    8.48766e-01     3.28986e-01
    8.19373e-01     3.80725e-01

    8.16534e-01     3.86825e-01
    8.13990e-01     3.92291e-01

    8.16534e-01     3.86825e-01
    8.19373e-01     3.80725e-01

    3.28986e-01     8.48766e-01
    2.95451e-01     8.43761e-01

    3.28986e-01     8.48766e-01
    3.28986e-01     8.48766e-01

    3.28986e-01     8.48766e-01
    3.28986e-01     8.48766e-01

    2.78545e-01     8.41075e-01
    2.58697e-01     8.37923e-01

    2.78545e-01     8.41075e-01
    2.95451e-01     8.43761e-01

    3.28986e-01     8.48766e-01
    3.28986e-01     8.48766e-01

    3.28986e-01     8.48766e-01
    3.28986e-01     8.48766e-01

    3.86825e-01     8.16534e-01
    3.92291e-01     8.13990e-01

    3.86825e-01     8.16534e-01
    3.80725e-01     8.19373e-01

    3.28986e-01     8.48766e-01
    3.80725e-01     8.19373e-01

   -1.53554e-01    -8.11526e-01
   -1.09662e-01    -8.05643e-01

   -1.61579e-01    -8.13858e-01
   -1.53554e-01    -8.11526e-01

   -1.61579e-01    -8.13858e-01
   -1.70505e-01    -8.16452e-01

   -1.09662e-01    -8.05643e-01
   -1.09662e-01    -8.05643e-01

   -7.85780e-02    -7.98718e-01
   -1.09662e-01    -8.05643e-01

   -8.13858e-01    -1.61579e-01
   -8.11526e-01    -1.53554e-01

   -8.13858e-01    -1.61579e-01
   -8.16452e-01    -1.70505e-01

   -8.05643e-01    -1.09662e-01
   -8.11526e-01    -1.53554e-01

   -8.05643e-01    -1.09662e-01
   -8.05643e-01    -1.09662e-01

   -8.05643e-01    -1.09662e-01
   -8.05643e-01    -1.09662e-01

   -8.05643e-01    -1.09662e-01
   -7.98718e-01    -7.85779e-02

    8.00751e-01     4.38648e-01
    8.13990e-01     3.92291e-01

    8.00751e-01     4.38648e-01
    8.00751e-01     4.38648e-01

    7.67634e-01     4.89367e-01
    7.37625e-01     5.18301e-01

    7.67634e-01     4.89367e-01
    7.67634e-01     4.89367e-01

    7.26147e-01     5.48310e-01
    7.37625e-01     5.18301e-01

    7.26147e-01     5.48310e-01
    7.26147e-01     5.48310e-01

    8.00751e-01     4.38648e-01
    8.00751e-01     4.38648e-01

    7.67634e-01     4.89367e-01
    7.67634e-01     4.89367e-01

    8.00751e-01     4.38648e-01
    7.87795e-01     4.58809e-01

    7.67634e-01     4.89367e-01
    7.87795e-01     4.58809e-01

    6.57972e-01     6.26962e-01
    6.37986e-01     6.37986e-01

    6.57972e-01     6.26962e-01
    6.57972e-01     6.26962e-01

    6.26962e-01     6.57972e-01
    6.37986e-01     6.37986e-01

    6.26962e-01     6.57972e-01
    6.26962e-01     6.57972e-01

    7.26147e-01     5.48310e-01
    7.26147e-01     5.48310e-01

    6.57972e-01     6.26962e-01
    6.57972e-01     6.26962e-01

    7.26147e-01     5.48310e-01
    6.91821e-01     5.82159e-01

    6.57972e-01     6.26962e-01
    6.91821e-01     5.82159e-01

    5.48310e-01     7.26147e-01
    5.18301e-01     7.37625e-01

    5.48310e-01     7.26147e-01
    5.48310e-01     7.26147e-01

    4.89367e-01     7.67634e-01
    5.18301e-01     7.37625e-01

    4.89367e-01     7.67634e-01
    4.89367e-01     7.67634e-01

    6.26962e-01     6.57972e-01
    6.26962e-01     6.57972e-01

    5.48310e-01     7.26147e-01
    5.48310e-01     7.26147e-01

    6.26962e-01     6.57972e-01
    5.82159e-01     6.91821e-01

    5.48310e-01     7.26147e-01
    5.82159e-01     6.91821e-01

    4.38648e-01     8.00751e-01
    3.92291e-01     8.13990e-01

    4.38648e-01     8.00751e-01
    4.38648e-01     8.00751e-01

    4.89367e-01     7.67634e-01
    4.89367e-01     7.67634e-01

    4.38648e-01     8.00751e-01
    4.38648e-01     8.00751e-01

    4.89367e-01     7.67634e-01
    4.58809e-01     7.87795e-01

    4.38648e-01     8.00751e-01
    4.58809e-01     7.87795e-01

    0.00000e+00    -7.93780e-01
   -2.50326e-02    -7.92666e-01

    0.00000e+00    -7.93780e-01
    0.00000e+00    -7.93780e-01

   -4.89183e-02    -7.95366e-01
   -2.50326e-02    -7.92666e-01

   -4.89183e-02    -7.95366e-01
   -7.85780e-02    -7.98718e-01

    0.00000e+00    -7.93780e-01
    0.00000e+00    -7.93780e-01

    0.00000e+00    -7.93780e-01
    2.50326e-02    -7.92666e-01

   -7.95366e-01    -4.89183e-02
   -7.92666e-01    -2.50326e-02

   -7.95366e-01    -4.89183e-02
   -7.98718e-01    -7.85779e-02

   -7.93780e-01     0.00000e+00
   -7.92666e-01    -2.50326e-02

   -7.93780e-01     0.00000e+00
   -7.93780e-01     0.00000e+00

   -7.93780e-01     0.00000e+00
   -7.93780e-01     0.00000e+00

   -7.93780e-01     0.00000e+00
   -7.92666e-01     2.50326e-02

    1.09662e-01    -8.05643e-01
    7.85780e-02    -7.98718e-01

    1.09662e-01    -8.05643e-01
    1.09662e-01    -8.05643e-01

    4.89183e-02    -7.95366e-01
    2.50326e-02    -7.92666e-01

    4.89183e-02    -7.95366e-01
    7.85780e-02    -7.98718e-01

    1.09662e-01    -8.05643e-01
    1.53554e-01    -8.11526e-01

   -7.95366e-01     4.89183e-02
   -7.92666e-01     2.50326e-02

   -7.95366e-01     4.89183e-02
   -7.98718e-01     7.85779e-02

   -8.05643e-01     1.09662e-01
   -7.98718e-01     7.85779e-02

   -8.05643e-01     1.09662e-01
   -8.05643e-01     1.09662e-01

   -8.05643e-01     1.09662e-01
   -8.05643e-01     1.09662e-01

   -8.05643e-01     1.09662e-01
   -8.11526e-01     1.53554e-01

    2.19324e-01    -8.32593e-01
    1.70505e-01    -8.16452e-01

    2.19324e-01    -8.32593e-01
    2.19324e-01    -8.32593e-01

    2.19324e-01    -8.32593e-01
    2.19324e-01    -8.32593e-01

    1.61579e-01    -8.13858e-01
    1.53554e-01    -8.11526e-01

    1.61579e-01    -8.13858e-01
    1.70505e-01    -8.16452e-01

    2.58697e-01    -8.37923e-01
    2.78545e-01    -8.41075e-01

    2.95451e-01    -8.43761e-01
    2.78545e-01    -8.41075e-01

    2.19324e-01    -8.32593e-01
    2.58697e-01    -8.37923e-01

   -8.13858e-01     1.61579e-01
   -8.11526e-01     1.53554e-01

   -8.13858e-01     1.61579e-01
   -8.16452e-01     1.70505e-01

   -8.32593e-01     2.19324e-01
   -8.16452e-01     1.70505e-01

   -8.32593e-01     2.19324e-01
   -8.32593e-01     2.19324e-01

   -8.32593e-01     2.19324e-01
   -8.32593e-01     2.19324e-01

   -8.32593e-01     2.19324e-01
   -8.37923e-01     2.58697e-01

   -8.37923e-01     2.58697e-01
   -8.41075e-01     2.78545e-01

   -8.43761e-01     2.95451e-01
   -8.41075e-01     2.78545e-01

    3.28986e-01    -8.48766e-01
    2.95451e-01    -8.43761e-01

    3.28986e-01    -8.48766e-01
    3.28986e-01    -8.48766e-01

    3.28986e-01    -8.48766e-01
    3.28986e-01    -8.48766e-01

    3.28986e-01    -8.48766e-01
    3.80725e-01    -8.19373e-01

   -8.48766e-01     3.28986e-01
   -8.43761e-01     2.95451e-01

   -8.48766e-01     3.28986e-01
   -8.48766e-01     3.28986e-01

   -8.48766e-01     3.28986e-01
   -8.48766e-01     3.28986e-01

   -8.48766e-01     3.28986e-01
   -8.19373e-01     3.80725e-01

    4.38648e-01    -8.00751e-01
    3.92291e-01    -8.13990e-01

    4.38648e-01    -8.00751e-01
    4.38648e-01    -8.00751e-01

    3.86825e-01    -8.16534e-01
    3.92291e-01    -8.13990e-01

    3.86825e-01    -8.16534e-01
    3.80725e-01    -8.19373e-01

    4.38648e-01    -8.00751e-01
    4.38648e-01    -8.00751e-01

    4.38648e-01    -8.00751e-01
    4.58809e-01    -7.87795e-01

   -8.16534e-01     3.86825e-01
   -8.13990e-01     3.92291e-01

   -8.16534e-01     3.86825e-01
   -8.19373e-01     3.80725e-01

   -8.00751e-01     4.38648e-01
   -8.13990e-01     3.92291e-01

   -8.00751e-01     4.38648e-01
   -8.00751e-01     4.38648e-01

   -8.00751e-01     4.38648e-01
   -8.00751e-01     4.38648e-01

   -8.00751e-01     4.38648e-01
   -7.87795e-01     4.58809e-01

    4.89367e-01    -7.67634e-01
    4.58809e-01    -7.87795e-01

    4.89367e-01    -7.67634e-01
    4.89367e-01    -7.67634e-01

    4.89367e-01    -7.67634e-01
    4.89367e-01    -7.67634e-01

    4.89367e-01    -7.67634e-01
    5.18301e-01    -7.37625e-01

   -7.67634e-01     4.89367e-01
   -7.87795e-01     4.58809e-01

   -7.67634e-01     4.89367e-01
   -7.67634e-01     4.89367e-01

   -7.67634e-01     4.89367e-01
   -7.67634e-01     4.89367e-01

   -7.67634e-01     4.89367e-01
   -7.37625e-01     5.18301e-01

    5.18301e-01    -7.37625e-01
    5.48310e-01    -7.26147e-01

    5.48310e-01    -7.26147e-01
    5.48310e-01    -7.26147e-01

    5.82159e-01    -6.91821e-01
    5.48310e-01    -7.26147e-01

   -7.37625e-01     5.18301e-01
   -7.26147e-01     5.48310e-01

   -7.26147e-01     5.48310e-01
   -7.26147e-01     5.48310e-01

   -6.91821e-01     5.82159e-01
   -7.26147e-01     5.48310e-01

    5.82159e-01    -6.91821e-01
    6.26962e-01    -6.57972e-01

    6.26962e-01    -6.57972e-01
    6.26962e-01    -6.57972e-01

    6.37986e-01    -6.37986e-01
    6.26962e-01    -6.57972e-01

   -6.91821e-01     5.82159e-01
   -6.57972e-01     6.26962e-01

   -6.57972e-01     6.26962e-01
   -6.57972e-01     6.26962e-01

   -6.37986e-01     6.37986e-01
   -6.57972e-01     6.26962e-01

    6.57972e-01    -6.26962e-01
    6.37986e-01    -6.37986e-01

    6.57972e-01    -6.26962e-01
    6.57972e-01    -6.26962e-01

    6.57972e-01    -6.26962e-01
    6.91821e-01    -5.82159e-01

   -6.26962e-01     6.57972e-01
   -6.37986e-01     6.37986e-01

   -6.26962e-01     6.57972e-01
   -6.26962e-01     6.57972e-01

   -6.26962e-01     6.57972e-01
   -5.82159e-01     6.91821e-01

    7.26147e-01    -5.48310e-01
    6.91821e-01    -5.82159e-01

    7.26147e-01    -5.48310e-01
    7.26147e-01    -5.48310e-01

    7.26147e-01    -5.48310e-01
    7.37625e-01    -5.18301e-01

   -5.48310e-01     7.26147e-01
   -5.82159e-01     6.91821e-01

   -5.48310e-01     7.26147e-01
   -5.48310e-01     7.26147e-01

   -5.48310e-01     7.26147e-01
   -5.18301e-01     7.37625e-01

    7.67634e-01    -4.89367e-01
    7.37625e-01    -5.18301e-01

    7.67634e-01    -4.89367e-01
    7.67634e-01    -4.89367e-01

    7.67634e-01    -4.89367e-01
    7.67634e-01    -4.89367e-01

    7.67634e-01    -4.89367e-01
    7.87795e-01    -4.58809e-01

   -4.89367e-01     7.67634e-01
   -5.18301e-01     7.37625e-01

   -4.89367e-01     7.67634e-01
   -4.89367e-01     7.67634e-01

   -4.89367e-01     7.67634e-01
   -4.89367e-01     7.67634e-01

   -4.89367e-01     7.67634e-01
   -4.58809e-01     7.87795e-01

    8.00751e-01    -4.38648e-01
    7.87795e-01    -4.58809e-01

    8.00751e-01    -4.38648e-01
    8.00751e-01    -4.38648e-01

    8.00751e-01    -4.38648e-01
    8.00751e-01    -4.38648e-01

    8.00751e-01    -4.38648e-01
    8.13990e-01    -3.92291e-01

    8.16534e-01    -3.86825e-01
    8.13990e-01    -3.92291e-01

    8.16534e-01    -3.86825e-01
    8.19373e-01    -3.80725e-01

   -4.38648e-01     8.00751e-01
   -4.58809e-01     7.87795e-01

   -4.38648e-01     8.00751e-01
   -4.38648e-01     8.00751e-01

   -4.38648e-01     8.00751e-01
   -4.38648e-01     8.00751e-01

   -3.86825e-01     8.16534e-01
   -3.92291e-01     8.13990e-01

   -3.86825e-01     8.16534e-01
   -3.80725e-01     8.19373e-01

   -4.38648e-01     8.00751e-01
   -3.92291e-01     8.13990e-01

    8.19373e-01    -3.80725e-01
    8.48766e-01    -3.28986e-01

    8.48766e-01    -3.28986e-01
    8.48766e-01    -3.28986e-01

    8.48766e-01    -3.28986e-01
    8.48766e-01    -3.28986e-01

    8.43761e-01    -2.95451e-01
    8.48766e-01    -3.28986e-01

   -3.80725e-01     8.19373e-01
   -3.28986e-01     8.48766e-01

   -3.28986e-01     8.48766e-01
   -3.28986e-01     8.48766e-01

   -3.28986e-01     8.48766e-01
   -3.28986e-01     8.48766e-01

   -2.95451e-01     8.43761e-01
   -3.28986e-01     8.48766e-01

    8.41075e-01    -2.78545e-01
    8.37923e-01    -2.58697e-01

    8.41075e-01    -2.78545e-01
    8.43761e-01    -2.95451e-01

    8.37923e-01    -2.58697e-01
    8.32593e-01    -2.19324e-01

    8.32593e-01    -2.19324e-01
    8.32593e-01    -2.19324e-01

    8.32593e-01    -2.19324e-01
    8.32593e-01    -2.19324e-01

    8.16452e-01    -1.70505e-01
    8.32593e-01    -2.19324e-01

    8.13858e-01    -1.61579e-01
    8.11526e-01    -1.53554e-01

    8.13858e-01    -1.61579e-01
    8.16452e-01    -1.70505e-01

   -2.58697e-01     8.37923e-01
   -2.19324e-01     8.32593e-01

   -2.78545e-01     8.41075e-01
   -2.58697e-01     8.37923e-01

   -2.78545e-01     8.41075e-01
   -2.95451e-01     8.43761e-01

   -2.19324e-01     8.32593e-01
   -2.19324e-01     8.32593e-01

   -2.19324e-01     8.32593e-01
   -2.19324e-01     8.32593e-01

   -1.61579e-01     8.13858e-01
   -1.53554e-01     8.11526e-01

   -1.61579e-01     8.13858e-01
   -1.70505e-01     8.16452e-01

   -1.70505e-01     8.16452e-01
   -2.19324e-01     8.32593e-01

    8.05643e-01    -1.09662e-01
    8.11526e-01    -1.53554e-01

    8.05643e-01    -1.09662e-01
    8.05643e-01    -1.09662e-01

    8.05643e-01    -1.09662e-01
    8.05643e-01    -1.09662e-01

    8.05643e-01    -1.09662e-01
    7.98718e-01    -7.85779e-02

    7.95366e-01    -4.89183e-02
    7.92666e-01    -2.50326e-02

    7.95366e-01    -4.89183e-02
    7.98718e-01    -7.85779e-02

   -1.53554e-01     8.11526e-01
   -1.09662e-01     8.05643e-01

   -1.09662e-01     8.05643e-01
   -1.09662e-01     8.05643e-01

   -4.89183e-02     7.95366e-01
   -2.50326e-02     7.92666e-01

   -4.89183e-02     7.95366e-01
   -7.85780e-02     7.98718e-01

   -7.85780e-02     7.98718e-01
   -1.09662e-01     8.05643e-01

    7.93780e-01     0.00000e+00
    7.92666e-01    -2.50326e-02

    7.93780e-01     0.00000e+00
    7.93780e-01     0.00000e+00

    7.93780e-01     0.00000e+00
    7.93780e-01     0.00000e+00

    7.93780e-01     0.00000e+00
    7.92666e-01     2.50326e-02

    7.95366e-01     4.89183e-02
    7.92666e-01     2.50326e-02

    7.95366e-01     4.89183e-02
    7.98718e-01     7.85779e-02

    0.00000e+00     7.93780e-01
   -2.50326e-02     7.92666e-01

    0.00000e+00     7.93780e-01
    0.00000e+00     7.93780e-01

    0.00000e+00     7.93780e-01
    0.00000e+00     7.93780e-01

    4.89183e-02     7.95366e-01
    2.50326e-02     7.92666e-01

    4.89183e-02     7.95366e-01
    7.85780e-02     7.98718e-01

    0.00000e+00     7.93780e-01
    2.50326e-02     7.92666e-01

   -4.38648e-01    -8.00751e-01
   -4.38648e-01    -8.00751e-01

   -4.38648e-01    -8.00751e-01
   -4.58809e-01    -7.87795e-01

   -4.38648e-01    -8.00751e-01
   -4.38648e-01    -8.00751e-01

   -4.89367e-01    -7.67634e-01
   -4.89367e-01    -7.67634e-01

   -4.89367e-01    -7.67634e-01
   -4.58809e-01    -7.87795e-01

   -4.89367e-01    -7.67634e-01
   -4.89367e-01    -7.67634e-01

   -4.38648e-01    -8.00751e-01
   -4.38648e-01    -8.00751e-01

   -4.38648e-01    -8.00751e-01
   -4.38648e-01    -8.00751e-01

   -4.38648e-01    -8.00751e-01
   -3.92291e-01    -8.13990e-01

   -5.48310e-01    -7.26147e-01
   -5.82159e-01    -6.91821e-01

   -5.48310e-01    -7.26147e-01
   -5.82159e-01    -6.91821e-01

   -5.48310e-01    -7.26147e-01
   -5.48310e-01    -7.26147e-01

   -6.26962e-01    -6.57972e-01
   -5.82159e-01    -6.91821e-01

   -5.82159e-01    -6.91821e-01
   -6.26962e-01    -6.57972e-01

   -6.26962e-01    -6.57972e-01
   -6.26962e-01    -6.57972e-01

   -4.89367e-01    -7.67634e-01
   -4.89367e-01    -7.67634e-01

   -5.48310e-01    -7.26147e-01
   -5.48310e-01    -7.26147e-01

   -4.89367e-01    -7.67634e-01
   -5.18301e-01    -7.37625e-01

   -4.89367e-01    -7.67634e-01
   -5.18301e-01    -7.37625e-01

   -5.48310e-01    -7.26147e-01
   -5.18301e-01    -7.37625e-01

   -5.18301e-01    -7.37625e-01
   -5.48310e-01    -7.26147e-01

   -6.57972e-01    -6.26962e-01
   -6.91821e-01    -5.82159e-01

   -6.57972e-01    -6.26962e-01
   -6.91821e-01    -5.82159e-01

   -6.57972e-01    -6.26962e-01
   -6.57972e-01    -6.26962e-01

   -7.26147e-01    -5.48310e-01
   -6.91821e-01    -5.82159e-01

   -6.91821e-01    -5.82159e-01
   -7.26147e-01    -5.48310e-01

   -7.26147e-01    -5.48310e-01
   -7.26147e-01    -5.48310e-01

   -6.26962e-01    -6.57972e-01
   -6.26962e-01    -6.57972e-01

   -6.57972e-01    -6.26962e-01
   -6.57972e-01    -6.26962e-01

   -6.26962e-01    -6.57972e-01
   -6.37986e-01    -6.37986e-01

   -6.26962e-01    -6.57972e-01
   -6.37986e-01    -6.37986e-01

   -6.57972e-01    -6.26962e-01
   -6.37986e-01    -6.37986e-01

   -6.37986e-01    -6.37986e-01
   -6.57972e-01    -6.26962e-01

   -7.67634e-01    -4.89367e-01
   -7.67634e-01    -4.89367e-01

   -7.67634e-01    -4.89367e-01
   -7.87795e-01    -4.58809e-01

   -7.67634e-01    -4.89367e-01
   -7.67634e-01    -4.89367e-01

   -8.00751e-01    -4.38648e-01
   -8.00751e-01    -4.38648e-01

   -8.00751e-01    -4.38648e-01
   -7.87795e-01    -4.58809e-01

   -8.00751e-01    -4.38648e-01
   -8.00751e-01    -4.38648e-01

   -7.26147e-01    -5.48310e-01
   -7.26147e-01    -5.48310e-01

   -7.67634e-01    -4.89367e-01
   -7.67634e-01    -4.89367e-01

   -7.26147e-01    -5.48310e-01
   -7.37625e-01    -5.18301e-01

   -7.26147e-01    -5.48310e-01
   -7.37625e-01    -5.18301e-01

   -7.67634e-01    -4.89367e-01
   -7.37625e-01    -5.18301e-01

   -7.37625e-01    -5.18301e-01
   -7.67634e-01    -4.89367e-01

   -8.00751e-01    -4.38648e-01
   -8.00751e-01    -4.38648e-01

   -8.00751e-01    -4.38648e-01
   -8.00751e-01    -4.38648e-01

   -8.00751e-01    -4.38648e-01
   -8.13990e-01    -3.92291e-01

    8.05643e-01     1.09662e-01
    7.98718e-01     7.85779e-02

    8.05643e-01     1.09662e-01
    8.05643e-01     1.09662e-01

    8.05643e-01     1.09662e-01
    8.05643e-01     1.09662e-01

    8.05643e-01     1.09662e-01
    8.11526e-01     1.53554e-01

    8.13858e-01     1.61579e-01
    8.11526e-01     1.53554e-01

    8.13858e-01     1.61579e-01
    8.16452e-01     1.70505e-01

    1.09662e-01     8.05643e-01
    7.85780e-02     7.98718e-01

    1.09662e-01     8.05643e-01
    1.09662e-01     8.05643e-01

    1.61579e-01     8.13858e-01
    1.53554e-01     8.11526e-01

    1.61579e-01     8.13858e-01
    1.70505e-01     8.16452e-01

    1.09662e-01     8.05643e-01
    1.53554e-01     8.11526e-01

   -3.28986e-01    -8.48766e-01
   -3.28986e-01    -8.48766e-01

   -3.28986e-01    -8.48766e-01
   -3.80725e-01    -8.19373e-01

   -3.28986e-01    -8.48766e-01
   -3.28986e-01    -8.48766e-01

   -3.28986e-01    -8.48766e-01
   -3.28986e-01    -8.48766e-01

   -3.86825e-01    -8.16534e-01
   -3.92291e-01    -8.13990e-01

   -3.80725e-01    -8.19373e-01
   -3.80725e-01    -8.19373e-01

   -3.80725e-01    -8.19373e-01
   -3.86825e-01    -8.16534e-01

   -3.28986e-01    -8.48766e-01
   -3.28986e-01    -8.48766e-01

   -3.28986e-01    -8.48766e-01
   -3.28986e-01    -8.48766e-01

   -2.78545e-01    -8.41075e-01
   -2.78545e-01    -8.41075e-01

   -2.58697e-01    -8.37923e-01
   -2.78545e-01    -8.41075e-01

   -2.58697e-01    -8.37923e-01
   -2.58697e-01    -8.37923e-01

   -2.58697e-01    -8.37923e-01
   -2.58697e-01    -8.37923e-01

   -2.95451e-01    -8.43761e-01
   -2.95451e-01    -8.43761e-01

   -2.95451e-01    -8.43761e-01
   -2.95451e-01    -8.43761e-01

   -2.78545e-01    -8.41075e-01
   -2.78545e-01    -8.41075e-01

   -2.95451e-01    -8.43761e-01
   -2.78545e-01    -8.41075e-01

   -2.95451e-01    -8.43761e-01
   -2.95451e-01    -8.43761e-01

   -2.95451e-01    -8.43761e-01
   -3.28986e-01    -8.48766e-01

   -3.28986e-01    -8.48766e-01
   -2.95451e-01    -8.43761e-01

   -8.13990e-01    -3.92291e-01
   -8.16534e-01    -3.86825e-01

   -8.19373e-01    -3.80725e-01
   -8.19373e-01    -3.80725e-01

   -8.16534e-01    -3.86825e-01
   -8.19373e-01    -3.80725e-01

   -8.48766e-01    -3.28986e-01
   -8.48766e-01    -3.28986e-01

   -8.48766e-01    -3.28986e-01
   -8.19373e-01    -3.80725e-01

   -8.48766e-01    -3.28986e-01
   -8.48766e-01    -3.28986e-01

   -8.48766e-01    -3.28986e-01
   -8.48766e-01    -3.28986e-01

   -8.48766e-01    -3.28986e-01
   -8.48766e-01    -3.28986e-01

   -8.48766e-01    -3.28986e-01
   -8.48766e-01    -3.28986e-01

   -8.48766e-01    -3.28986e-01
   -8.43761e-01    -2.95451e-01

   -8.43761e-01    -2.95451e-01
   -8.48766e-01    -3.28986e-01

   -8.41075e-01    -2.78545e-01
   -8.41075e-01    -2.78545e-01

   -8.37923e-01    -2.58697e-01
   -8.41075e-01    -2.78545e-01

   -8.37923e-01    -2.58697e-01
   -8.37923e-01    -2.58697e-01

   -8.37923e-01    -2.58697e-01
   -8.37923e-01    -2.58697e-01

   -8.43761e-01    -2.95451e-01
   -8.43761e-01    -2.95451e-01

   -8.43761e-01    -2.95451e-01
   -8.43761e-01    -2.95451e-01

   -8.41075e-01    -2.78545e-01
   -8.41075e-01    -2.78545e-01

   -8.43761e-01    -2.95451e-01
   -8.41075e-01    -2.78545e-01

   -8.43761e-01    -2.95451e-01
   -8.43761e-01    -2.95451e-01

    8.32593e-01     2.19324e-01
    8.16452e-01     1.70505e-01

    8.32593e-01     2.19324e-01
    8.32593e-01     2.19324e-01

    8.32593e-01     2.19324e-01
    8.32593e-01     2.19324e-01

    8.32593e-01     2.19324e-01
    8.37923e-01     2.58697e-01

    2.19324e-01     8.32593e-01
    1.70505e-01     8.16452e-01

    2.19324e-01     8.32593e-01
    2.19324e-01     8.32593e-01

    2.19324e-01     8.32593e-01
    2.19324e-01     8.32593e-01

    2.19324e-01     8.32593e-01
    2.58697e-01     8.37923e-01

   -1.09662e-01    -9.28978e-01
   -1.47588e-01    -9.15221e-01

   -1.09662e-01    -9.28978e-01
   -1.09662e-01    -9.28978e-01

   -1.72843e-01    -9.09446e-01
   -1.91423e-01    -9.05197e-01

   -1.72843e-01    -9.09446e-01
   -1.47588e-01    -9.15221e-01

   -1.09662e-01    -9.28978e-01
   -6.14148e-02    -9.25543e-01

   -9.09446e-01    -1.72843e-01
   -9.05197e-01    -1.91423e-01

   -9.09446e-01    -1.72843e-01
   -9.15221e-01    -1.47588e-01

   -9.28978e-01    -1.09662e-01
   -9.15221e-01    -1.47588e-01

   -9.28978e-01    -1.09662e-01
   -9.28978e-01    -1.09662e-01

   -9.28978e-01    -1.09662e-01
   -9.25543e-01    -6.14148e-02

    9.03011e-01     2.19324e-01
    9.05197e-01     1.91423e-01

    9.03011e-01     2.19324e-01
    9.03011e-01     2.19324e-01

    8.77296e-01     3.03758e-01
    8.70974e-01     3.22664e-01

    8.77296e-01     3.03758e-01
    8.77296e-01     3.03758e-01

    8.77296e-01     3.03758e-01
    8.77296e-01     3.03758e-01

    8.71985e-01     3.28986e-01
    8.70974e-01     3.22664e-01

    8.71985e-01     3.28986e-01
    8.71985e-01     3.28986e-01

    9.03011e-01     2.19324e-01
    9.03011e-01     2.19324e-01

    8.77296e-01     3.03758e-01
    8.77296e-01     3.03758e-01

    8.77296e-01     3.03758e-01
    8.77296e-01     3.03758e-01

    9.03011e-01     2.19324e-01
    8.96348e-01     2.38376e-01

    8.77296e-01     3.03758e-01
    8.96348e-01     2.38376e-01

    8.71985e-01     3.28986e-01
    8.71985e-01     3.28986e-01

    8.71985e-01     3.28986e-01
    8.72953e-01     3.33329e-01

    3.28986e-01     8.71985e-01
    3.22664e-01     8.70974e-01

    3.28986e-01     8.71985e-01
    3.28986e-01     8.71985e-01

    3.03758e-01     8.77296e-01
    3.22664e-01     8.70974e-01

    3.03758e-01     8.77296e-01
    3.03758e-01     8.77296e-01

    3.03758e-01     8.77296e-01
    3.03758e-01     8.77296e-01

    3.28986e-01     8.71985e-01
    3.28986e-01     8.71985e-01

    3.28986e-01     8.71985e-01
    3.33329e-01     8.72953e-01

    2.19324e-01     9.03011e-01
    1.91423e-01     9.05197e-01

    2.19324e-01     9.03011e-01
    2.19324e-01     9.03011e-01

    3.03758e-01     8.77296e-01
    3.03758e-01     8.77296e-01

    3.03758e-01     8.77296e-01
    3.03758e-01     8.77296e-01

    2.19324e-01     9.03011e-01
    2.19324e-01     9.03011e-01

    3.03758e-01     8.77296e-01
    2.38376e-01     8.96348e-01

    2.19324e-01     9.03011e-01
    2.38376e-01     8.96348e-01

    0.00000e+00    -9.37434e-01
   -4.92137e-02    -9.26509e-01

    0.00000e+00    -9.37434e-01
    0.00000e+00    -9.37434e-01

   -5.53748e-02    -9.26021e-01
   -6.14148e-02    -9.25543e-01

   -5.53748e-02    -9.26021e-01
   -4.92137e-02    -9.26509e-01

    0.00000e+00    -9.37434e-01
    0.00000e+00    -9.37434e-01

    0.00000e+00    -9.37434e-01
    4.92137e-02    -9.26509e-01

   -9.26021e-01    -5.53748e-02
   -9.25543e-01    -6.14148e-02

   -9.26021e-01    -5.53748e-02
   -9.26509e-01    -4.92137e-02

   -9.37434e-01     0.00000e+00
   -9.26509e-01    -4.92137e-02

   -9.37434e-01     0.00000e+00
   -9.37434e-01     0.00000e+00

   -9.37434e-01     0.00000e+00
   -9.37434e-01     0.00000e+00

   -9.37434e-01     0.00000e+00
   -9.26509e-01     4.92137e-02

    8.77296e-01     3.59636e-01
    8.72953e-01     3.33329e-01

    8.77296e-01     3.59636e-01
    8.77296e-01     3.59636e-01

    8.77296e-01     3.59636e-01
    8.77296e-01     3.59636e-01

    8.77296e-01     3.59636e-01
    8.77296e-01     3.59636e-01

    8.77296e-01     3.59636e-01
    8.77296e-01     3.59636e-01

    8.77296e-01     3.59636e-01
    8.91669e-01     4.24275e-01

    3.59636e-01     8.77296e-01
    3.33329e-01     8.72953e-01

    3.59636e-01     8.77296e-01
    3.59636e-01     8.77296e-01

    3.59636e-01     8.77296e-01
    3.59636e-01     8.77296e-01

    3.59636e-01     8.77296e-01
    3.59636e-01     8.77296e-01

    3.59636e-01     8.77296e-01
    3.59636e-01     8.77296e-01

    3.59636e-01     8.77296e-01
    4.24275e-01     8.91669e-01

    1.09662e-01    -9.28978e-01
    6.14148e-02    -9.25543e-01

    1.09662e-01    -9.28978e-01
    1.09662e-01    -9.28978e-01

    5.53748e-02    -9.26021e-01
    6.14148e-02    -9.25543e-01

    5.53748e-02    -9.26021e-01
    4.92137e-02    -9.26509e-01

    1.09662e-01    -9.28978e-01
    1.47587e-01    -9.15221e-01

   -9.26021e-01     5.53748e-02
   -9.25543e-01     6.14148e-02

   -9.26021e-01     5.53748e-02
   -9.26509e-01     4.92137e-02

   -9.28978e-01     1.09662e-01
   -9.25543e-01     6.14148e-02

   -9.28978e-01     1.09662e-01
   -9.28978e-01     1.09662e-01

   -9.28978e-01     1.09662e-01
   -9.28978e-01     1.09662e-01

   -9.28978e-01     1.09662e-01
   -9.15221e-01     1.47587e-01

    8.94189e-01     4.38648e-01
    8.91669e-01     4.24275e-01

    8.94189e-01     4.38648e-01
    8.94189e-01     4.38648e-01

    8.94189e-01     4.38648e-01
    8.94189e-01     4.38648e-01

    8.94189e-01     4.38648e-01
    8.95257e-01     4.56609e-01

    8.92189e-01     5.02845e-01
    8.90016e-01     5.35590e-01

    8.92189e-01     5.02845e-01
    8.95257e-01     4.56609e-01

    4.38648e-01     8.94189e-01
    4.24275e-01     8.91669e-01

    4.38648e-01     8.94189e-01
    4.38648e-01     8.94189e-01

    4.38648e-01     8.94189e-01
    4.38648e-01     8.94189e-01

    5.02845e-01     8.92189e-01
    5.35590e-01     8.90016e-01

    5.02845e-01     8.92189e-01
    4.56609e-01     8.95257e-01

    4.38648e-01     8.94189e-01
    4.56609e-01     8.95257e-01

    2.19324e-01    -9.03011e-01
    1.91423e-01    -9.05197e-01

    2.19324e-01    -9.03011e-01
    2.19324e-01    -9.03011e-01

    1.72843e-01    -9.09446e-01
    1.91423e-01    -9.05197e-01

    1.72843e-01    -9.09446e-01
    1.47587e-01    -9.15221e-01

    2.19324e-01    -9.03011e-01
    2.38376e-01    -8.96348e-01

   -9.09446e-01     1.72843e-01
   -9.05197e-01     1.91423e-01

   -9.09446e-01     1.72843e-01
   -9.15221e-01     1.47587e-01

   -9.03011e-01     2.19324e-01
   -9.05197e-01     1.91423e-01

   -9.03011e-01     2.19324e-01
   -9.03011e-01     2.19324e-01

   -9.03011e-01     2.19324e-01
   -8.96348e-01     2.38376e-01

    8.89024e-01     5.48310e-01
    8.90016e-01     5.35590e-01

    8.89024e-01     5.48310e-01
    8.89024e-01     5.48310e-01

    8.77296e-01     5.97598e-01
    8.59403e-01     6.40079e-01

    8.77296e-01     5.97598e-01
    8.77296e-01     5.97598e-01

    8.77296e-01     5.97598e-01
    8.77296e-01     5.97598e-01

    8.59403e-01     6.40079e-01
    8.34837e-01     6.57972e-01

    8.89024e-01     5.48310e-01
    8.89024e-01     5.48310e-01

    8.77296e-01     5.97598e-01
    8.77296e-01     5.97598e-01

    8.77296e-01     5.97598e-01
    8.77296e-01     5.97598e-01

    8.89024e-01     5.48310e-01
    8.90741e-01     5.61755e-01

    8.77296e-01     5.97598e-01
    8.90741e-01     5.61755e-01

    7.67634e-01     7.19363e-01
    7.50268e-01     7.50268e-01

    7.67634e-01     7.19363e-01
    7.67634e-01     7.19363e-01

    7.19363e-01     7.67634e-01
    7.50268e-01     7.50268e-01

    7.19363e-01     7.67634e-01
    7.19363e-01     7.67634e-01

    8.34837e-01     6.57972e-01
    8.34837e-01     6.57972e-01

    7.67634e-01     7.19363e-01
    7.67634e-01     7.19363e-01

    8.07505e-01     6.97843e-01
    8.34837e-01     6.57972e-01

    7.67634e-01     7.19363e-01
    8.07505e-01     6.97843e-01

    6.40079e-01     8.59403e-01
    6.57972e-01     8.34837e-01

    5.97598e-01     8.77296e-01
    6.40079e-01     8.59403e-01

    5.97598e-01     8.77296e-01
    5.97598e-01     8.77296e-01

    5.97598e-01     8.77296e-01
    5.97598e-01     8.77296e-01

    7.19363e-01     7.67634e-01
    7.19363e-01     7.67634e-01

    6.57972e-01     8.34837e-01
    6.57972e-01     8.34837e-01

    7.19363e-01     7.67634e-01
    6.97843e-01     8.07505e-01

    6.97843e-01     8.07505e-01
    6.57972e-01     8.34837e-01

    5.48310e-01     8.89024e-01
    5.35590e-01     8.90016e-01

    5.48310e-01     8.89024e-01
    5.48310e-01     8.89024e-01

    5.97598e-01     8.77296e-01
    5.97598e-01     8.77296e-01

    5.97598e-01     8.77296e-01
    5.97598e-01     8.77296e-01

    5.48310e-01     8.89024e-01
    5.48310e-01     8.89024e-01

    5.97598e-01     8.77296e-01
    5.61755e-01     8.90741e-01

    5.48310e-01     8.89024e-01
    5.61755e-01     8.90741e-01

    3.03758e-01    -8.77296e-01
    2.38376e-01    -8.96348e-01

    3.03758e-01    -8.77296e-01
    3.03758e-01    -8.77296e-01

    3.03758e-01    -8.77296e-01
    3.03758e-01    -8.77296e-01

    3.03758e-01    -8.77296e-01
    3.22664e-01    -8.70974e-01

   -8.77296e-01     3.03758e-01
   -8.96348e-01     2.38376e-01

   -8.77296e-01     3.03758e-01
   -8.77296e-01     3.03758e-01

   -8.77296e-01     3.03758e-01
   -8.77296e-01     3.03758e-01

   -8.77296e-01     3.03758e-01
   -8.70974e-01     3.22664e-01

    4.38648e-01    -8.94189e-01
    4.24275e-01    -8.91669e-01

    4.38648e-01    -8.94189e-01
    4.38648e-01    -8.94189e-01

    3.59636e-01    -8.77296e-01
    4.24275e-01    -8.91669e-01

    3.59636e-01    -8.77296e-01
    3.59636e-01    -8.77296e-01

    3.59636e-01    -8.77296e-01
    3.59636e-01    -8.77296e-01

    4.38648e-01    -8.94189e-01
    4.56609e-01    -8.95257e-01

    3.28986e-01    -8.71985e-01
    3.22664e-01    -8.70974e-01

    3.28986e-01    -8.71985e-01
    3.28986e-01    -8.71985e-01

    3.59636e-01    -8.77296e-01
    3.33329e-01    -8.72953e-01

    3.28986e-01    -8.71985e-01
    3.33329e-01    -8.72953e-01

   -8.71985e-01     3.28986e-01
   -8.70974e-01     3.22664e-01

   -8.71985e-01     3.28986e-01
   -8.71985e-01     3.28986e-01

   -8.77296e-01     3.59636e-01
   -8.91669e-01     4.24275e-01

   -8.77296e-01     3.59636e-01
   -8.77296e-01     3.59636e-01

   -8.77296e-01     3.59636e-01
   -8.77296e-01     3.59636e-01

   -8.94189e-01     4.38648e-01
   -8.91669e-01     4.24275e-01

   -8.94189e-01     4.38648e-01
   -8.94189e-01     4.38648e-01

   -8.71985e-01     3.28986e-01
   -8.72953e-01     3.33329e-01

   -8.77296e-01     3.59636e-01
   -8.72953e-01     3.33329e-01

   -8.94189e-01     4.38648e-01
   -8.95257e-01     4.56609e-01

    5.48310e-01    -8.89024e-01
    5.35590e-01    -8.90016e-01

    5.48310e-01    -8.89024e-01
    5.48310e-01    -8.89024e-01

    5.02845e-01    -8.92189e-01
    5.35590e-01    -8.90016e-01

    5.02845e-01    -8.92189e-01
    4.56609e-01    -8.95257e-01

    5.48310e-01    -8.89024e-01
    5.48310e-01    -8.89024e-01

    5.48310e-01    -8.89024e-01
    5.61755e-01    -8.90741e-01

   -8.92189e-01     5.02845e-01
   -8.90016e-01     5.35590e-01

   -8.92189e-01     5.02845e-01
   -8.95257e-01     4.56609e-01

   -8.89024e-01     5.48310e-01
   -8.90016e-01     5.35590e-01

   -8.89024e-01     5.48310e-01
   -8.89024e-01     5.48310e-01

   -8.89024e-01     5.48310e-01
   -8.90741e-01     5.61755e-01

    5.97598e-01    -8.77296e-01
    5.61755e-01    -8.90741e-01

    5.97598e-01    -8.77296e-01
    5.97598e-01    -8.77296e-01

    5.97598e-01    -8.77296e-01
    5.97598e-01    -8.77296e-01

    5.97598e-01    -8.77296e-01
    6.40079e-01    -8.59403e-01

   -8.77296e-01     5.97598e-01
   -8.90741e-01     5.61755e-01

   -8.77296e-01     5.97598e-01
   -8.77296e-01     5.97598e-01

   -8.77296e-01     5.97598e-01
   -8.77296e-01     5.97598e-01

   -8.77296e-01     5.97598e-01
   -8.59403e-01     6.40079e-01

    6.57972e-01    -8.34837e-01
    6.40079e-01    -8.59403e-01

    6.57972e-01    -8.34837e-01
    6.57972e-01    -8.34837e-01

    6.57972e-01    -8.34837e-01
    6.97843e-01    -8.07505e-01

   -8.34837e-01     6.57972e-01
   -8.59403e-01     6.40079e-01

   -8.34837e-01     6.57972e-01
   -8.34837e-01     6.57972e-01

   -8.34837e-01     6.57972e-01
   -8.07505e-01     6.97843e-01

    7.19363e-01    -7.67634e-01
    6.97843e-01    -8.07505e-01

    7.19363e-01    -7.67634e-01
    7.19363e-01    -7.67634e-01

    7.19363e-01    -7.67634e-01
    7.19363e-01    -7.67634e-01

    7.19363e-01    -7.67634e-01
    7.50268e-01    -7.50268e-01

   -7.67634e-01     7.19363e-01
   -8.07505e-01     6.97843e-01

   -7.67634e-01     7.19363e-01
   -7.67634e-01     7.19363e-01

   -7.67634e-01     7.19363e-01
   -7.67634e-01     7.19363e-01

   -7.67634e-01     7.19363e-01
   -7.50268e-01     7.50268e-01

    7.67634e-01    -7.19363e-01
    7.50268e-01    -7.50268e-01

    7.67634e-01    -7.19363e-01
    7.67634e-01    -7.19363e-01

    7.67634e-01    -7.19363e-01
    7.67634e-01    -7.19363e-01

    7.67634e-01    -7.19363e-01
    8.07505e-01    -6.97843e-01

   -7.19363e-01     7.67634e-01
   -7.50268e-01     7.50268e-01

   -7.19363e-01     7.67634e-01
   -7.19363e-01     7.67634e-01

   -7.19363e-01     7.67634e-01
   -7.19363e-01     7.67634e-01

   -7.19363e-01     7.67634e-01
   -6.97843e-01     8.07505e-01

    8.07505e-01    -6.97843e-01
    8.34837e-01    -6.57972e-01

    8.34837e-01    -6.57972e-01
    8.34837e-01    -6.57972e-01

    8.59403e-01    -6.40079e-01
    8.34837e-01    -6.57972e-01

   -6.97843e-01     8.07505e-01
   -6.57972e-01     8.34837e-01

   -6.57972e-01     8.34837e-01
   -6.57972e-01     8.34837e-01

   -6.40079e-01     8.59403e-01
   -6.57972e-01     8.34837e-01

    8.59403e-01    -6.40079e-01
    8.77296e-01    -5.97598e-01

    8.77296e-01    -5.97598e-01
    8.77296e-01    -5.97598e-01

    8.77296e-01    -5.97598e-01
    8.77296e-01    -5.97598e-01

    8.90741e-01    -5.61755e-01
    8.77296e-01    -5.97598e-01

   -6.40079e-01     8.59403e-01
   -5.97598e-01     8.77296e-01

   -5.97598e-01     8.77296e-01
   -5.97598e-01     8.77296e-01

   -5.97598e-01     8.77296e-01
   -5.97598e-01     8.77296e-01

   -5.61755e-01     8.90741e-01
   -5.97598e-01     8.77296e-01

    8.90741e-01    -5.61755e-01
    8.89024e-01    -5.48310e-01

    8.89024e-01    -5.48310e-01
    8.89024e-01    -5.48310e-01

    8.90016e-01    -5.35590e-01
    8.89024e-01    -5.48310e-01

    8.92189e-01    -5.02845e-01
    8.90016e-01    -5.35590e-01

    8.92189e-01    -5.02845e-01
    8.95257e-01    -4.56609e-01

   -5.48310e-01     8.89024e-01
   -5.61755e-01     8.90741e-01

   -5.48310e-01     8.89024e-01
   -5.48310e-01     8.89024e-01

   -5.48310e-01     8.89024e-01
   -5.48310e-01     8.89024e-01

   -5.02845e-01     8.92189e-01
   -5.35590e-01     8.90016e-01

   -5.02845e-01     8.92189e-01
   -4.56609e-01     8.95257e-01

   -5.48310e-01     8.89024e-01
   -5.35590e-01     8.90016e-01

    8.95257e-01    -4.56609e-01
    8.94189e-01    -4.38648e-01

    8.72953e-01    -3.33329e-01
    8.77296e-01    -3.59636e-01

    8.72953e-01    -3.33329e-01
    8.71985e-01    -3.28986e-01

    8.94189e-01    -4.38648e-01
    8.94189e-01    -4.38648e-01

    8.77296e-01    -3.59636e-01
    8.77296e-01    -3.59636e-01

    8.77296e-01    -3.59636e-01
    8.77296e-01    -3.59636e-01

    8.91669e-01    -4.24275e-01
    8.94189e-01    -4.38648e-01

    8.91669e-01    -4.24275e-01
    8.77296e-01    -3.59636e-01

    8.71985e-01    -3.28986e-01
    8.71985e-01    -3.28986e-01

    8.70974e-01    -3.22664e-01
    8.71985e-01    -3.28986e-01

   -3.33329e-01     8.72953e-01
   -3.28986e-01     8.71985e-01

   -3.33329e-01     8.72953e-01
   -3.59636e-01     8.77296e-01

   -3.28986e-01     8.71985e-01
   -3.28986e-01     8.71985e-01

   -3.22664e-01     8.70974e-01
   -3.28986e-01     8.71985e-01

   -4.56609e-01     8.95257e-01
   -4.38648e-01     8.94189e-01

   -3.59636e-01     8.77296e-01
   -3.59636e-01     8.77296e-01

   -3.59636e-01     8.77296e-01
   -3.59636e-01     8.77296e-01

   -4.38648e-01     8.94189e-01
   -4.38648e-01     8.94189e-01

   -4.24275e-01     8.91669e-01
   -3.59636e-01     8.77296e-01

   -4.24275e-01     8.91669e-01
   -4.38648e-01     8.94189e-01

    8.70974e-01    -3.22664e-01
    8.77296e-01    -3.03758e-01

    8.77296e-01    -3.03758e-01
    8.77296e-01    -3.03758e-01

    8.77296e-01    -3.03758e-01
    8.77296e-01    -3.03758e-01

    8.96348e-01    -2.38376e-01
    8.77296e-01    -3.03758e-01

   -3.22664e-01     8.70974e-01
   -3.03758e-01     8.77296e-01

   -3.03758e-01     8.77296e-01
   -3.03758e-01     8.77296e-01

   -3.03758e-01     8.77296e-01
   -3.03758e-01     8.77296e-01

   -2.38376e-01     8.96348e-01
   -3.03758e-01     8.77296e-01

   -5.61755e-01    -8.90741e-01
   -5.48310e-01    -8.89024e-01

   -5.48310e-01    -8.89024e-01
   -5.61755e-01    -8.90741e-01

   -5.48310e-01    -8.89024e-01
   -5.48310e-01    -8.89024e-01

   -5.61755e-01    -8.90741e-01
   -5.97598e-01    -8.77296e-01

   -5.97598e-01    -8.77296e-01
   -5.61755e-01    -8.90741e-01

   -5.97598e-01    -8.77296e-01
   -5.97598e-01    -8.77296e-01

   -5.97598e-01    -8.77296e-01
   -5.97598e-01    -8.77296e-01

   -5.48310e-01    -8.89024e-01
   -5.48310e-01    -8.89024e-01

   -5.48310e-01    -8.89024e-01
   -5.35590e-01    -8.90016e-01

   -5.35590e-01    -8.90016e-01
   -5.48310e-01    -8.89024e-01

   -6.97843e-01    -8.07505e-01
   -6.97843e-01    -8.07505e-01

   -6.97843e-01    -8.07505e-01
   -6.97843e-01    -8.07505e-01

   -6.97843e-01    -8.07505e-01
   -7.19363e-01    -7.67634e-01

   -6.97843e-01    -8.07505e-01
   -7.19363e-01    -7.67634e-01

   -7.19363e-01    -7.67634e-01
   -7.19363e-01    -7.67634e-01

   -5.97598e-01    -8.77296e-01
   -5.97598e-01    -8.77296e-01

   -5.97598e-01    -8.77296e-01
   -5.97598e-01    -8.77296e-01

   -6.40079e-01    -8.59403e-01
   -5.97598e-01    -8.77296e-01

   -5.97598e-01    -8.77296e-01
   -6.40079e-01    -8.59403e-01

   -6.40079e-01    -8.59403e-01
   -6.40079e-01    -8.59403e-01

   -6.40079e-01    -8.59403e-01
   -6.40079e-01    -8.59403e-01

   -8.07505e-01    -6.97843e-01
   -7.67634e-01    -7.19363e-01

   -7.67634e-01    -7.19363e-01
   -8.07505e-01    -6.97843e-01

   -7.67634e-01    -7.19363e-01
   -7.67634e-01    -7.19363e-01

   -8.07505e-01    -6.97843e-01
   -8.07505e-01    -6.97843e-01

   -8.07505e-01    -6.97843e-01
   -8.07505e-01    -6.97843e-01

   -7.19363e-01    -7.67634e-01
   -7.19363e-01    -7.67634e-01

   -7.67634e-01    -7.19363e-01
   -7.67634e-01    -7.19363e-01

   -7.50267e-01    -7.50267e-01
   -7.19363e-01    -7.67634e-01

   -7.19363e-01    -7.67634e-01
   -7.50267e-01    -7.50267e-01

   -7.50267e-01    -7.50267e-01
   -7.67634e-01    -7.19363e-01

   -7.50267e-01    -7.50267e-01
   -7.67634e-01    -7.19363e-01

   -8.77296e-01    -5.97598e-01
   -8.90741e-01    -5.61755e-01

   -8.90741e-01    -5.61755e-01
   -8.77296e-01    -5.97598e-01

   -8.77296e-01    -5.97598e-01
   -8.77296e-01    -5.97598e-01

   -8.77296e-01    -5.97598e-01
   -8.77296e-01    -5.97598e-01

   -8.90741e-01    -5.61755e-01
   -8.89024e-01    -5.48310e-01

   -8.90741e-01    -5.61755e-01
   -8.89024e-01    -5.48310e-01

   -8.89024e-01    -5.48310e-01
   -8.89024e-01    -5.48310e-01

   -8.77296e-01    -5.97598e-01
   -8.77296e-01    -5.97598e-01

   -8.77296e-01    -5.97598e-01
   -8.77296e-01    -5.97598e-01

   -8.59403e-01    -6.40079e-01
   -8.59403e-01    -6.40079e-01

   -8.59403e-01    -6.40079e-01
   -8.59403e-01    -6.40079e-01

   -8.59403e-01    -6.40079e-01
   -8.77296e-01    -5.97598e-01

   -8.59403e-01    -6.40079e-01
   -8.77296e-01    -5.97598e-01

   -8.89024e-01    -5.48310e-01
   -8.89024e-01    -5.48310e-01

   -8.89024e-01    -5.48310e-01
   -8.90016e-01    -5.35590e-01

   -8.89024e-01    -5.48310e-01
   -8.90016e-01    -5.35590e-01

    8.96348e-01    -2.38376e-01
    9.03011e-01    -2.19324e-01

    9.03011e-01    -2.19324e-01
    9.03011e-01    -2.19324e-01

    9.05197e-01    -1.91423e-01
    9.03011e-01    -2.19324e-01

    9.09446e-01    -1.72843e-01
    9.05197e-01    -1.91423e-01

    9.09446e-01    -1.72843e-01
    9.15221e-01    -1.47587e-01

   -2.38376e-01     8.96348e-01
   -2.19324e-01     9.03011e-01

   -2.19324e-01     9.03011e-01
   -2.19324e-01     9.03011e-01

   -1.72843e-01     9.09446e-01
   -1.91423e-01     9.05197e-01

   -1.72843e-01     9.09446e-01
   -1.47587e-01     9.15221e-01

   -1.91423e-01     9.05197e-01
   -2.19324e-01     9.03011e-01

   -4.56609e-01    -8.95257e-01
   -4.38648e-01    -8.94189e-01

   -4.38648e-01    -8.94189e-01
   -4.56609e-01    -8.95257e-01

   -4.38648e-01    -8.94189e-01
   -4.38648e-01    -8.94189e-01

   -5.35590e-01    -8.90016e-01
   -5.02845e-01    -8.92189e-01

   -5.35590e-01    -8.90016e-01
   -5.35590e-01    -8.90016e-01

   -4.56609e-01    -8.95257e-01
   -4.56609e-01    -8.95257e-01

   -4.56609e-01    -8.95257e-01
   -4.56609e-01    -8.95257e-01

   -4.56609e-01    -8.95257e-01
   -5.02845e-01    -8.92189e-01

   -4.38648e-01    -8.94189e-01
   -4.38648e-01    -8.94189e-01

   -4.24275e-01    -8.91669e-01
   -4.38648e-01    -8.94189e-01

   -4.38648e-01    -8.94189e-01
   -4.24275e-01    -8.91669e-01

   -8.90016e-01    -5.35590e-01
   -8.92189e-01    -5.02845e-01

   -8.90016e-01    -5.35590e-01
   -8.92189e-01    -5.02845e-01

   -8.92189e-01    -5.02845e-01
   -8.92189e-01    -5.02845e-01

   -8.92189e-01    -5.02845e-01
   -8.95257e-01    -4.56609e-01

   -8.95257e-01    -4.56609e-01
   -8.95257e-01    -4.56609e-01

   -8.92189e-01    -5.02845e-01
   -8.95257e-01    -4.56609e-01

   -8.95257e-01    -4.56609e-01
   -8.94189e-01    -4.38648e-01

   -8.95257e-01    -4.56609e-01
   -8.94189e-01    -4.38648e-01

   -8.94189e-01    -4.38648e-01
   -8.94189e-01    -4.38648e-01

   -8.94189e-01    -4.38648e-01
   -8.94189e-01    -4.38648e-01

   -8.94189e-01    -4.38648e-01
   -8.91669e-01    -4.24275e-01

   -8.91669e-01    -4.24275e-01
   -8.94189e-01    -4.38648e-01

    9.28978e-01    -1.09662e-01
    9.15221e-01    -1.47587e-01

    9.28978e-01    -1.09662e-01
    9.28978e-01    -1.09662e-01

    9.28978e-01    -1.09662e-01
    9.28978e-01    -1.09662e-01

    9.28978e-01    -1.09662e-01
    9.25543e-01    -6.14148e-02

    9.26021e-01    -5.53748e-02
    9.25543e-01    -6.14148e-02

    9.26021e-01    -5.53748e-02
    9.26509e-01    -4.92137e-02

   -1.47587e-01     9.15221e-01
   -1.09662e-01     9.28978e-01

   -1.09662e-01     9.28978e-01
   -1.09662e-01     9.28978e-01

   -5.53748e-02     9.26021e-01
   -6.14148e-02     9.25543e-01

   -5.53748e-02     9.26021e-01
   -4.92137e-02     9.26509e-01

   -6.14148e-02     9.25543e-01
   -1.09662e-01     9.28978e-01

   -4.24275e-01    -8.91669e-01
   -3.59636e-01    -8.77296e-01

   -3.59636e-01    -8.77296e-01
   -4.24275e-01    -8.91669e-01

   -3.59636e-01    -8.77296e-01
   -3.59636e-01    -8.77296e-01

   -3.59636e-01    -8.77296e-01
   -3.59636e-01    -8.77296e-01

   -3.59636e-01    -8.77296e-01
   -3.59636e-01    -8.77296e-01

   -3.59636e-01    -8.77296e-01
   -3.59636e-01    -8.77296e-01

   -3.33329e-01    -8.72953e-01
   -3.59636e-01    -8.77296e-01

   -3.59636e-01    -8.77296e-01
   -3.33329e-01    -8.72953e-01

   -8.91669e-01    -4.24275e-01
   -8.77296e-01    -3.59636e-01

   -8.91669e-01    -4.24275e-01
   -8.77296e-01    -3.59636e-01

   -8.77296e-01    -3.59636e-01
   -8.77296e-01    -3.59636e-01

   -8.77296e-01    -3.59636e-01
   -8.77296e-01    -3.59636e-01

   -8.77296e-01    -3.59636e-01
   -8.77296e-01    -3.59636e-01

   -8.77296e-01    -3.59636e-01
   -8.77296e-01    -3.59636e-01

   -8.77296e-01    -3.59636e-01
   -8.72953e-01    -3.33329e-01

   -8.72953e-01    -3.33329e-01
   -8.77296e-01    -3.59636e-01

    9.37434e-01     0.00000e+00
    9.26509e-01    -4.92137e-02

    9.37434e-01     0.00000e+00
    9.37434e-01     0.00000e+00

    9.37434e-01     0.00000e+00
    9.37434e-01     0.00000e+00

    9.37434e-01     0.00000e+00
    9.26509e-01     4.92137e-02

    9.26021e-01     5.53748e-02
    9.25543e-01     6.14148e-02

    9.26021e-01     5.53748e-02
    9.26509e-01     4.92137e-02

    0.00000e+00     9.37434e-01
   -4.92137e-02     9.26509e-01

    0.00000e+00     9.37434e-01
    0.00000e+00     9.37434e-01

    0.00000e+00     9.37434e-01
    0.00000e+00     9.37434e-01

    5.53748e-02     9.26021e-01
    6.14148e-02     9.25543e-01

    5.53748e-02     9.26021e-01
    4.92137e-02     9.26509e-01

    0.00000e+00     9.37434e-01
    4.92137e-02     9.26509e-01

   -2.38376e-01    -8.96348e-01
   -2.19324e-01    -9.03011e-01

   -2.19324e-01    -9.03011e-01
   -2.38376e-01    -8.96348e-01

   -2.19324e-01    -9.03011e-01
   -2.19324e-01    -9.03011e-01

   -2.38376e-01    -8.96348e-01
   -3.03758e-01    -8.77296e-01

   -2.38376e-01    -8.96348e-01
   -3.03758e-01    -8.77296e-01

   -3.03758e-01    -8.77296e-01
   -3.03758e-01    -8.77296e-01

   -3.03758e-01    -8.77296e-01
   -3.03758e-01    -8.77296e-01

   -2.19324e-01    -9.03011e-01
   -2.19324e-01    -9.03011e-01

   -1.91423e-01    -9.05197e-01
   -2.19324e-01    -9.03011e-01

   -1.91423e-01    -9.05197e-01
   -2.19324e-01    -9.03011e-01

   -3.33329e-01    -8.72953e-01
   -3.28986e-01    -8.71985e-01

   -3.28986e-01    -8.71985e-01
   -3.33329e-01    -8.72953e-01

   -3.28986e-01    -8.71985e-01
   -3.28986e-01    -8.71985e-01

   -3.03758e-01    -8.77296e-01
   -3.03758e-01    -8.77296e-01

   -3.03758e-01    -8.77296e-01
   -3.03758e-01    -8.77296e-01

   -3.28986e-01    -8.71985e-01
   -3.28986e-01    -8.71985e-01

   -3.03758e-01    -8.77296e-01
   -3.22664e-01    -8.70974e-01

   -3.22664e-01    -8.70974e-01
   -3.22664e-01    -8.70974e-01

   -3.22664e-01    -8.70974e-01
   -3.03758e-01    -8.77296e-01

   -3.22664e-01    -8.70974e-01
   -3.22664e-01    -8.70974e-01

   -3.22664e-01    -8.70974e-01
   -3.28986e-01    -8.71985e-01

   -3.28986e-01    -8.71985e-01
   -3.22664e-01    -8.70974e-01

   -8.72953e-01    -3.33329e-01
   -8.71985e-01    -3.28986e-01

   -8.72953e-01    -3.33329e-01
   -8.71985e-01    -3.28986e-01

   -8.71985e-01    -3.28986e-01
   -8.71985e-01    -3.28986e-01

   -8.96348e-01    -2.38376e-01
   -8.77296e-01    -3.03758e-01

   -8.77296e-01    -3.03758e-01
   -8.96348e-01    -2.38376e-01

   -8.77296e-01    -3.03758e-01
   -8.77296e-01    -3.03758e-01

   -8.77296e-01    -3.03758e-01
   -8.77296e-01    -3.03758e-01

   -8.96348e-01    -2.38376e-01
   -9.03011e-01    -2.19324e-01

   -8.96348e-01    -2.38376e-01
   -9.03011e-01    -2.19324e-01

   -9.03011e-01    -2.19324e-01
   -9.03011e-01    -2.19324e-01

   -8.71985e-01    -3.28986e-01
   -8.71985e-01    -3.28986e-01

   -8.77296e-01    -3.03758e-01
   -8.77296e-01    -3.03758e-01

   -8.77296e-01    -3.03758e-01
   -8.77296e-01    -3.03758e-01

   -8.71985e-01    -3.28986e-01
   -8.70974e-01    -3.22664e-01

   -8.70974e-01    -3.22664e-01
   -8.71985e-01    -3.28986e-01

   -8.70974e-01    -3.22664e-01
   -8.77296e-01    -3.03758e-01

   -8.70974e-01    -3.22664e-01
   -8.70974e-01    -3.22664e-01

   -8.77296e-01    -3.03758e-01
   -8.70974e-01    -3.22664e-01

   -8.70974e-01    -3.22664e-01
   -8.70974e-01    -3.22664e-01

   -9.03011e-01    -2.19324e-01
   -9.03011e-01    -2.19324e-01

   -9.05197e-01    -1.91423e-01
   -9.03011e-01    -2.19324e-01

   -9.03011e-01    -2.19324e-01
   -9.05197e-01    -1.91423e-01

    9.25543e-01     6.14148e-02
    9.28978e-01     1.09662e-01

    9.28978e-01     1.09662e-01
    9.28978e-01     1.09662e-01

    9.15221e-01     1.47588e-01
    9.28978e-01     1.09662e-01

    9.09446e-01     1.72843e-01
    9.05197e-01     1.91423e-01

    9.09446e-01     1.72843e-01
    9.15221e-01     1.47588e-01

    6.14148e-02     9.25543e-01
    1.09662e-01     9.28978e-01

    1.09662e-01     9.28978e-01
    1.09662e-01     9.28978e-01

    1.72843e-01     9.09446e-01
    1.91423e-01     9.05197e-01

    1.72843e-01     9.09446e-01
    1.47588e-01     9.15221e-01

    1.47588e-01     9.15221e-01
    1.09662e-01     9.28978e-01

   -1.09662e-01    -9.39855e-01
   -1.53409e-01    -9.43211e-01

   -1.09662e-01    -9.39855e-01
   -1.09662e-01    -9.39855e-01

   -5.10763e-02    -9.35881e-01
   -5.50488e-02    -9.36084e-01

   -5.89899e-02    -9.36286e-01
   -5.50488e-02    -9.36084e-01

   -1.09662e-01    -9.39855e-01
   -5.89899e-02    -9.36286e-01

   -9.39855e-01    -1.09662e-01
   -9.43211e-01    -1.53409e-01

   -9.39855e-01    -1.09662e-01
   -9.39855e-01    -1.09662e-01

   -9.39855e-01    -1.09662e-01
   -9.36286e-01    -5.89900e-02

   -9.35881e-01    -5.10763e-02
   -9.36084e-01    -5.50488e-02

   -9.36286e-01    -5.89900e-02
   -9.36084e-01    -5.50488e-02

    9.44673e-01     1.66326e-01
    9.43211e-01     1.53409e-01

    9.44673e-01     1.66326e-01
    9.46041e-01     1.78408e-01

    9.45496e-01     2.19324e-01
    9.46041e-01     1.78408e-01

    9.45496e-01     2.19324e-01
    9.45496e-01     2.19324e-01

    9.45496e-01     2.19324e-01
    9.45496e-01     2.19324e-01

    9.45496e-01     2.19324e-01
    9.49562e-01     2.56719e-01

    2.19324e-01     9.45496e-01
    1.78408e-01     9.46041e-01

    2.19324e-01     9.45496e-01
    2.19324e-01     9.45496e-01

    1.66326e-01     9.44673e-01
    1.53409e-01     9.43211e-01

    1.66326e-01     9.44673e-01
    1.78408e-01     9.46041e-01

    2.19324e-01     9.45496e-01
    2.19324e-01     9.45496e-01

    2.19324e-01     9.45496e-01
    2.56719e-01     9.49562e-01

    0.00000e+00    -9.37434e-01
   -5.10763e-02    -9.35881e-01

    0.00000e+00    -9.37434e-01
    0.00000e+00    -9.37434e-01

    0.00000e+00    -9.37434e-01
    0.00000e+00    -9.37434e-01

    5.10763e-02    -9.35881e-01
    5.50488e-02    -9.36084e-01

    5.89899e-02    -9.36286e-01
    5.50488e-02    -9.36084e-01

    0.00000e+00    -9.37434e-01
    5.10763e-02    -9.35881e-01

   -9.37434e-01     0.00000e+00
   -9.35881e-01    -5.10763e-02

   -9.37434e-01     0.00000e+00
   -9.37434e-01     0.00000e+00

   -9.37434e-01     0.00000e+00
   -9.37434e-01     0.00000e+00

   -9.37434e-01     0.00000e+00
   -9.35881e-01     5.10763e-02

   -9.35881e-01     5.10763e-02
   -9.36084e-01     5.50488e-02

   -9.36286e-01     5.89899e-02
   -9.36084e-01     5.50488e-02

    9.52098e-01     2.77873e-01
    9.49562e-01     2.56719e-01

    9.52098e-01     2.77873e-01
    9.54311e-01     2.96340e-01

    9.50313e-01     3.28986e-01
    9.54311e-01     2.96340e-01

    9.50313e-01     3.28986e-01
    9.50313e-01     3.28986e-01

    9.50313e-01     3.28986e-01
    9.50313e-01     3.28986e-01

    9.50313e-01     3.28986e-01
    9.53286e-01     3.62657e-01

    3.28986e-01     9.50313e-01
    2.96340e-01     9.54311e-01

    3.28986e-01     9.50313e-01
    3.28986e-01     9.50313e-01

    2.77873e-01     9.52098e-01
    2.56719e-01     9.49562e-01

    2.77873e-01     9.52098e-01
    2.96340e-01     9.54311e-01

    3.28986e-01     9.50313e-01
    3.28986e-01     9.50313e-01

    3.28986e-01     9.50313e-01
    3.62657e-01     9.53286e-01

    1.09662e-01    -9.39855e-01
    5.89899e-02    -9.36286e-01

    1.09662e-01    -9.39855e-01
    1.09662e-01    -9.39855e-01

    1.53409e-01    -9.43211e-01
    1.66326e-01    -9.44673e-01

    1.78407e-01    -9.46041e-01
    1.66326e-01    -9.44673e-01

    1.09662e-01    -9.39855e-01
    1.53409e-01    -9.43211e-01

   -9.39855e-01     1.09662e-01
   -9.36286e-01     5.89899e-02

   -9.39855e-01     1.09662e-01
   -9.39855e-01     1.09662e-01

   -9.39855e-01     1.09662e-01
   -9.39855e-01     1.09662e-01

   -9.39855e-01     1.09662e-01
   -9.43211e-01     1.53409e-01

   -9.43211e-01     1.53409e-01
   -9.44673e-01     1.66326e-01

   -9.46041e-01     1.78407e-01
   -9.44673e-01     1.66326e-01

    9.55024e-01     3.86646e-01
    9.53286e-01     3.62657e-01

    9.55024e-01     3.86646e-01
    9.56591e-01     4.08281e-01

    9.46914e-01     4.38648e-01
    9.56591e-01     4.08281e-01

    9.46914e-01     4.38648e-01
    9.46914e-01     4.38648e-01

    9.46914e-01     4.38648e-01
    9.46914e-01     4.38648e-01

    9.46914e-01     4.38648e-01
    9.50668e-01     4.74938e-01

    4.38648e-01     9.46914e-01
    4.08281e-01     9.56591e-01

    4.38648e-01     9.46914e-01
    4.38648e-01     9.46914e-01

    3.86646e-01     9.55024e-01
    3.62657e-01     9.53286e-01

    3.86646e-01     9.55024e-01
    4.08281e-01     9.56591e-01

    4.38648e-01     9.46914e-01
    4.38648e-01     9.46914e-01

    4.38648e-01     9.46914e-01
    4.74938e-01     9.50668e-01

    2.19324e-01    -9.45496e-01
    1.78407e-01    -9.46041e-01

    2.19324e-01    -9.45496e-01
    2.19324e-01    -9.45496e-01

    2.56719e-01    -9.49562e-01
    2.77873e-01    -9.52098e-01

    2.96340e-01    -9.54311e-01
    2.77873e-01    -9.52098e-01

    2.19324e-01    -9.45496e-01
    2.56719e-01    -9.49562e-01

   -9.45496e-01     2.19324e-01
   -9.46041e-01     1.78407e-01

   -9.45496e-01     2.19324e-01
   -9.45496e-01     2.19324e-01

   -9.45496e-01     2.19324e-01
   -9.49562e-01     2.56719e-01

   -9.49562e-01     2.56719e-01
   -9.52098e-01     2.77873e-01

   -9.54311e-01     2.96340e-01
   -9.52098e-01     2.77873e-01

    9.49897e-01     4.92314e-01
    9.49092e-01     5.10445e-01

    9.49897e-01     4.92314e-01
    9.50668e-01     4.74938e-01

    9.52644e-01     5.48310e-01
    9.49092e-01     5.10445e-01

    9.52644e-01     5.48310e-01
    9.52644e-01     5.48310e-01

    9.52644e-01     5.48310e-01
    9.52644e-01     5.48310e-01

    9.52644e-01     5.48310e-01
    9.40141e-01     5.95126e-01

    5.48310e-01     9.52644e-01
    5.10445e-01     9.49092e-01

    5.48310e-01     9.52644e-01
    5.48310e-01     9.52644e-01

    4.92314e-01     9.49897e-01
    5.10445e-01     9.49092e-01

    4.92314e-01     9.49897e-01
    4.74938e-01     9.50668e-01

    5.48310e-01     9.52644e-01
    5.48310e-01     9.52644e-01

    5.48310e-01     9.52644e-01
    5.95126e-01     9.40141e-01

    3.28986e-01    -9.50313e-01
    2.96340e-01    -9.54311e-01

    3.28986e-01    -9.50313e-01
    3.28986e-01    -9.50313e-01

    3.62657e-01    -9.53286e-01
    3.86646e-01    -9.55024e-01

    4.08281e-01    -9.56591e-01
    3.86646e-01    -9.55024e-01

    3.28986e-01    -9.50313e-01
    3.62657e-01    -9.53286e-01

   -9.50313e-01     3.28986e-01
   -9.54311e-01     2.96340e-01

   -9.50313e-01     3.28986e-01
   -9.50313e-01     3.28986e-01

   -9.50313e-01     3.28986e-01
   -9.53286e-01     3.62657e-01

   -9.53286e-01     3.62657e-01
   -9.55024e-01     3.86646e-01

   -9.56591e-01     4.08281e-01
   -9.55024e-01     3.86646e-01

    9.38930e-01     6.01722e-01
    9.37654e-01     6.08668e-01

    9.38930e-01     6.01722e-01
    9.40141e-01     5.95126e-01

    9.43188e-01     6.57972e-01
    9.37654e-01     6.08668e-01

    9.43188e-01     6.57972e-01
    9.43188e-01     6.57972e-01

    9.43188e-01     6.57972e-01
    9.43188e-01     6.57972e-01

    9.43188e-01     6.57972e-01
    9.43188e-01     6.57972e-01

    9.43188e-01     6.57972e-01
    9.26668e-01     6.97298e-01

    9.23696e-01     7.04372e-01
    9.26668e-01     6.97298e-01

    9.01818e-01     7.43112e-01
    9.09382e-01     7.29717e-01

    9.14782e-01     7.20156e-01
    9.11372e-01     7.26194e-01

    9.09382e-01     7.29717e-01
    9.11372e-01     7.26194e-01

    9.14782e-01     7.20156e-01
    9.23696e-01     7.04372e-01

    6.57972e-01     9.43188e-01
    6.08668e-01     9.37654e-01

    6.57972e-01     9.43188e-01
    6.57972e-01     9.43188e-01

    6.57972e-01     9.43188e-01
    6.57972e-01     9.43188e-01

    6.01722e-01     9.38930e-01
    6.08668e-01     9.37654e-01

    6.01722e-01     9.38930e-01
    5.95126e-01     9.40141e-01

    7.43112e-01     9.01818e-01
    7.29717e-01     9.09382e-01

    7.20156e-01     9.14782e-01
    7.26194e-01     9.11372e-01

    7.29717e-01     9.09382e-01
    7.26194e-01     9.11372e-01

    7.20156e-01     9.14782e-01
    7.04372e-01     9.23696e-01

    6.57972e-01     9.43188e-01
    6.57972e-01     9.43188e-01

    6.57972e-01     9.43188e-01
    6.97298e-01     9.26668e-01

    7.04372e-01     9.23696e-01
    6.97298e-01     9.26668e-01

    4.38648e-01    -9.46914e-01
    4.08281e-01    -9.56591e-01

    4.38648e-01    -9.46914e-01
    4.38648e-01    -9.46914e-01

    5.10445e-01    -9.49092e-01
    4.92314e-01    -9.49897e-01

    4.74938e-01    -9.50668e-01
    4.92314e-01    -9.49897e-01

    4.38648e-01    -9.46914e-01
    4.74938e-01    -9.50668e-01

   -9.46914e-01     4.38648e-01
   -9.56591e-01     4.08281e-01

   -9.46914e-01     4.38648e-01
   -9.46914e-01     4.38648e-01

   -9.46914e-01     4.38648e-01
   -9.50668e-01     4.74938e-01

   -9.49092e-01     5.10445e-01
   -9.49897e-01     4.92314e-01

   -9.50668e-01     4.74938e-01
   -9.49897e-01     4.92314e-01

    5.48310e-01    -9.52644e-01
    5.10445e-01    -9.49092e-01

    5.48310e-01    -9.52644e-01
    5.48310e-01    -9.52644e-01

    5.48310e-01    -9.52644e-01
    5.48310e-01    -9.52644e-01

    6.08668e-01    -9.37654e-01
    6.01722e-01    -9.38930e-01

    5.95126e-01    -9.40141e-01
    6.01722e-01    -9.38930e-01

    5.48310e-01    -9.52644e-01
    5.95126e-01    -9.40141e-01

   -9.52644e-01     5.48310e-01
   -9.49092e-01     5.10445e-01

   -9.52644e-01     5.48310e-01
   -9.52644e-01     5.48310e-01

   -9.52644e-01     5.48310e-01
   -9.40141e-01     5.95126e-01

   -9.37654e-01     6.08668e-01
   -9.38930e-01     6.01722e-01

   -9.40141e-01     5.95126e-01
   -9.38930e-01     6.01722e-01

    6.57972e-01    -9.43188e-01
    6.08668e-01    -9.37654e-01

    6.57972e-01    -9.43188e-01
    6.57972e-01    -9.43188e-01

    6.57972e-01    -9.43188e-01
    6.57972e-01    -9.43188e-01

    6.57972e-01    -9.43188e-01
    6.97298e-01    -9.26668e-01

    7.04372e-01    -9.23696e-01
    6.97298e-01    -9.26668e-01

    6.57972e-01    -9.43188e-01
    6.57972e-01    -9.43188e-01

   -9.43188e-01     6.57972e-01
   -9.37654e-01     6.08668e-01

   -9.43188e-01     6.57972e-01
   -9.43188e-01     6.57972e-01

   -9.43188e-01     6.57972e-01
   -9.43188e-01     6.57972e-01

   -9.43188e-01     6.57972e-01
   -9.26668e-01     6.97298e-01

   -9.23696e-01     7.04372e-01
   -9.26668e-01     6.97298e-01

   -9.43188e-01     6.57972e-01
   -9.43188e-01     6.57972e-01

    7.29717e-01    -9.09382e-01
    7.43111e-01    -9.01818e-01

    7.20156e-01    -9.14782e-01
    7.04372e-01    -9.23696e-01

    7.20156e-01    -9.14782e-01
    7.26194e-01    -9.11372e-01

    7.29717e-01    -9.09382e-01
    7.26194e-01    -9.11372e-01

   -9.09382e-01     7.29717e-01
   -9.01818e-01     7.43111e-01

   -9.14782e-01     7.20156e-01
   -9.23696e-01     7.04372e-01

   -9.14782e-01     7.20156e-01
   -9.11372e-01     7.26194e-01

   -9.09382e-01     7.29717e-01
   -9.11372e-01     7.26194e-01

    9.09382e-01    -7.29717e-01
    9.01818e-01    -7.43111e-01

    9.14782e-01    -7.20156e-01
    9.23696e-01    -7.04372e-01

    9.14782e-01    -7.20156e-01
    9.11372e-01    -7.26194e-01

    9.09382e-01    -7.29717e-01
    9.11372e-01    -7.26194e-01

   -7.29717e-01     9.09382e-01
   -7.43111e-01     9.01818e-01

   -7.20156e-01     9.14782e-01
   -7.04372e-01     9.23696e-01

   -7.20156e-01     9.14782e-01
   -7.26194e-01     9.11372e-01

   -7.29717e-01     9.09382e-01
   -7.26194e-01     9.11372e-01

    9.26668e-01    -6.97298e-01
    9.43188e-01    -6.57972e-01

    9.23696e-01    -7.04372e-01
    9.26668e-01    -6.97298e-01

    9.43188e-01    -6.57972e-01
    9.43188e-01    -6.57972e-01

    9.43188e-01    -6.57972e-01
    9.43188e-01    -6.57972e-01

    9.37654e-01    -6.08668e-01
    9.43188e-01    -6.57972e-01

   -6.97298e-01     9.26668e-01
   -6.57972e-01     9.43188e-01

   -7.04372e-01     9.23696e-01
   -6.97298e-01     9.26668e-01

   -6.57972e-01     9.43188e-01
   -6.57972e-01     9.43188e-01

   -6.57972e-01     9.43188e-01
   -6.57972e-01     9.43188e-01

   -6.08668e-01     9.37654e-01
   -6.57972e-01     9.43188e-01

    9.38930e-01    -6.01722e-01
    9.37654e-01    -6.08668e-01

    9.38930e-01    -6.01722e-01
    9.40141e-01    -5.95126e-01

    9.40141e-01    -5.95126e-01
    9.52644e-01    -5.48310e-01

    9.52644e-01    -5.48310e-01
    9.52644e-01    -5.48310e-01

    9.49092e-01    -5.10445e-01
    9.52644e-01    -5.48310e-01

   -5.48310e-01     9.52644e-01
   -5.95126e-01     9.40141e-01

   -5.48310e-01     9.52644e-01
   -5.48310e-01     9.52644e-01

   -6.01722e-01     9.38930e-01
   -6.08668e-01     9.37654e-01

   -6.01722e-01     9.38930e-01
   -5.95126e-01     9.40141e-01

   -5.48310e-01     9.52644e-01
   -5.48310e-01     9.52644e-01

   -5.48310e-01     9.52644e-01
   -5.10445e-01     9.49092e-01

    9.49897e-01    -4.92314e-01
    9.49092e-01    -5.10445e-01

    9.49897e-01    -4.92314e-01
    9.50668e-01    -4.74938e-01

    9.50668e-01    -4.74938e-01
    9.46914e-01    -4.38648e-01

    9.46914e-01    -4.38648e-01
    9.46914e-01    -4.38648e-01

    9.56591e-01    -4.08281e-01
    9.46914e-01    -4.38648e-01

   -4.74938e-01     9.50668e-01
   -4.38648e-01     9.46914e-01

   -4.92314e-01     9.49897e-01
   -5.10445e-01     9.49092e-01

   -4.92314e-01     9.49897e-01
   -4.74938e-01     9.50668e-01

   -4.38648e-01     9.46914e-01
   -4.38648e-01     9.46914e-01

   -4.08281e-01     9.56591e-01
   -4.38648e-01     9.46914e-01

   -7.04372e-01    -9.23696e-01
   -7.04372e-01    -9.23696e-01

   -6.57972e-01    -9.43188e-01
   -7.04372e-01    -9.23696e-01

   -7.43112e-01    -9.01818e-01
   -7.29717e-01    -9.09382e-01

   -7.43112e-01    -9.01818e-01
   -7.43112e-01    -9.01818e-01

   -7.04373e-01    -9.23696e-01
   -7.04372e-01    -9.23696e-01

   -7.29717e-01    -9.09382e-01
   -7.29717e-01    -9.09382e-01

   -7.04373e-01    -9.23696e-01
   -7.29717e-01    -9.09382e-01

   -6.57972e-01    -9.43188e-01
   -6.57972e-01    -9.43188e-01

   -6.57972e-01    -9.43188e-01
   -6.57972e-01    -9.43188e-01

   -6.08668e-01    -9.37654e-01
   -6.01722e-01    -9.38930e-01

   -6.08668e-01    -9.37654e-01
   -6.08668e-01    -9.37654e-01

   -6.08668e-01    -9.37654e-01
   -6.08668e-01    -9.37654e-01

   -5.95126e-01    -9.40141e-01
   -5.95126e-01    -9.40141e-01

   -6.01722e-01    -9.38930e-01
   -6.01722e-01    -9.38930e-01

   -5.95126e-01    -9.40141e-01
   -6.01722e-01    -9.38930e-01

   -6.57972e-01    -9.43188e-01
   -6.08668e-01    -9.37654e-01

   -6.08668e-01    -9.37654e-01
   -6.08668e-01    -9.37654e-01

   -9.01818e-01    -7.43112e-01
   -9.09382e-01    -7.29717e-01

   -9.01818e-01    -7.43112e-01
   -9.01818e-01    -7.43112e-01

   -9.23696e-01    -7.04373e-01
   -9.23696e-01    -7.04372e-01

   -9.09382e-01    -7.29717e-01
   -9.09382e-01    -7.29717e-01

   -9.09382e-01    -7.29717e-01
   -9.23696e-01    -7.04373e-01

   -9.23696e-01    -7.04372e-01
   -9.23696e-01    -7.04372e-01

   -9.23696e-01    -7.04372e-01
   -9.43188e-01    -6.57972e-01

   -9.43188e-01    -6.57972e-01
   -9.43188e-01    -6.57972e-01

   -9.43188e-01    -6.57972e-01
   -9.43188e-01    -6.57972e-01

   -9.37654e-01    -6.08668e-01
   -9.43188e-01    -6.57972e-01

   -9.37654e-01    -6.08668e-01
   -9.37654e-01    -6.08668e-01

   -9.37654e-01    -6.08668e-01
   -9.38930e-01    -6.01722e-01

   -9.37654e-01    -6.08668e-01
   -9.38930e-01    -6.01722e-01

   -9.37654e-01    -6.08668e-01
   -9.37654e-01    -6.08668e-01

   -9.38930e-01    -6.01722e-01
   -9.40141e-01    -5.95126e-01

   -9.38930e-01    -6.01722e-01
   -9.38930e-01    -6.01722e-01

   -9.38930e-01    -6.01722e-01
   -9.40141e-01    -5.95126e-01

    9.55024e-01    -3.86646e-01
    9.53286e-01    -3.62657e-01

    9.55024e-01    -3.86646e-01
    9.56591e-01    -4.08281e-01

    9.53286e-01    -3.62657e-01
    9.50313e-01    -3.28986e-01

    9.50313e-01    -3.28986e-01
    9.50313e-01    -3.28986e-01

    9.54311e-01    -2.96340e-01
    9.50313e-01    -3.28986e-01

   -3.62657e-01     9.53286e-01
   -3.28986e-01     9.50313e-01

   -3.86646e-01     9.55024e-01
   -3.62657e-01     9.53286e-01

   -3.86646e-01     9.55024e-01
   -4.08281e-01     9.56591e-01

   -3.28986e-01     9.50313e-01
   -3.28986e-01     9.50313e-01

   -2.96340e-01     9.54311e-01
   -3.28986e-01     9.50313e-01

   -5.95126e-01    -9.40141e-01
   -5.48310e-01    -9.52644e-01

   -5.48310e-01    -9.52644e-01
   -5.95126e-01    -9.40141e-01

   -5.48310e-01    -9.52644e-01
   -5.48310e-01    -9.52644e-01

   -5.48310e-01    -9.52644e-01
   -5.48310e-01    -9.52644e-01

   -4.92314e-01    -9.49897e-01
   -5.10445e-01    -9.49092e-01

   -5.10445e-01    -9.49092e-01
   -4.92314e-01    -9.49897e-01

   -5.10445e-01    -9.49092e-01
   -5.10445e-01    -9.49092e-01

   -4.92314e-01    -9.49897e-01
   -4.74938e-01    -9.50668e-01

   -4.92314e-01    -9.49897e-01
   -4.92314e-01    -9.49897e-01

   -4.74938e-01    -9.50668e-01
   -4.92314e-01    -9.49897e-01

   -5.10445e-01    -9.49092e-01
   -5.48310e-01    -9.52644e-01

   -5.48310e-01    -9.52644e-01
   -5.10445e-01    -9.49092e-01

   -9.40141e-01    -5.95126e-01
   -9.52644e-01    -5.48310e-01

   -9.40141e-01    -5.95126e-01
   -9.52644e-01    -5.48310e-01

   -9.52644e-01    -5.48310e-01
   -9.52644e-01    -5.48310e-01

   -9.52644e-01    -5.48310e-01
   -9.52644e-01    -5.48310e-01

   -9.52644e-01    -5.48310e-01
   -9.49092e-01    -5.10445e-01

   -9.49092e-01    -5.10445e-01
   -9.52644e-01    -5.48310e-01

   -9.49092e-01    -5.10445e-01
   -9.49897e-01    -4.92314e-01

   -9.49092e-01    -5.10445e-01
   -9.49897e-01    -4.92314e-01

   -9.49092e-01    -5.10445e-01
   -9.49092e-01    -5.10445e-01

   -9.49897e-01    -4.92314e-01
   -9.50668e-01    -4.74938e-01

   -9.49897e-01    -4.92314e-01
   -9.49897e-01    -4.92314e-01

   -9.49897e-01    -4.92314e-01
   -9.50668e-01    -4.74938e-01

    9.52098e-01    -2.77873e-01
    9.49562e-01    -2.56719e-01

    9.52098e-01    -2.77873e-01
    9.54311e-01    -2.96340e-01

    9.49562e-01    -2.56719e-01
    9.45496e-01    -2.19324e-01

    9.45496e-01    -2.19324e-01
    9.45496e-01    -2.19324e-01

    9.46041e-01    -1.78407e-01
    9.45496e-01    -2.19324e-01

   -2.56719e-01     9.49562e-01
   -2.19324e-01     9.45496e-01

   -2.77873e-01     9.52098e-01
   -2.56719e-01     9.49562e-01

   -2.77873e-01     9.52098e-01
   -2.96340e-01     9.54311e-01

   -2.19324e-01     9.45496e-01
   -2.19324e-01     9.45496e-01

   -1.78407e-01     9.46041e-01
   -2.19324e-01     9.45496e-01

   -4.74938e-01    -9.50668e-01
   -4.38648e-01    -9.46914e-01

   -4.38648e-01    -9.46914e-01
   -4.74938e-01    -9.50668e-01

   -4.38648e-01    -9.46914e-01
   -4.38648e-01    -9.46914e-01

   -4.38648e-01    -9.46914e-01
   -4.38648e-01    -9.46914e-01

   -3.86646e-01    -9.55024e-01
   -3.62657e-01    -9.53286e-01

   -3.86646e-01    -9.55024e-01
   -3.86646e-01    -9.55024e-01

   -3.86646e-01    -9.55024e-01
   -3.62657e-01    -9.53286e-01

   -3.62657e-01    -9.53286e-01
   -3.62657e-01    -9.53286e-01

   -3.86646e-01    -9.55024e-01
   -4.08281e-01    -9.56591e-01

   -4.08281e-01    -9.56591e-01
   -4.08281e-01    -9.56591e-01

   -3.86646e-01    -9.55024e-01
   -3.86646e-01    -9.55024e-01

   -4.08281e-01    -9.56591e-01
   -3.86646e-01    -9.55024e-01

   -4.08281e-01    -9.56591e-01
   -4.08281e-01    -9.56591e-01

   -4.38648e-01    -9.46914e-01
   -4.08281e-01    -9.56591e-01

   -4.08281e-01    -9.56591e-01
   -4.38648e-01    -9.46914e-01

   -9.50668e-01    -4.74938e-01
   -9.46914e-01    -4.38648e-01

   -9.50668e-01    -4.74938e-01
   -9.46914e-01    -4.38648e-01

   -9.46914e-01    -4.38648e-01
   -9.46914e-01    -4.38648e-01

   -9.46914e-01    -4.38648e-01
   -9.46914e-01    -4.38648e-01

   -9.46914e-01    -4.38648e-01
   -9.56591e-01    -4.08281e-01

   -9.46914e-01    -4.38648e-01
   -9.56591e-01    -4.08281e-01

   -9.53286e-01    -3.62657e-01
   -9.55024e-01    -3.86646e-01

   -9.55024e-01    -3.86646e-01
   -9.55024e-01    -3.86646e-01

   -9.55024e-01    -3.86646e-01
   -9.53286e-01    -3.62657e-01

   -9.53286e-01    -3.62657e-01
   -9.53286e-01    -3.62657e-01

   -9.56591e-01    -4.08281e-01
   -9.55024e-01    -3.86646e-01

   -9.56591e-01    -4.08281e-01
   -9.56591e-01    -4.08281e-01

   -9.55024e-01    -3.86646e-01
   -9.55024e-01    -3.86646e-01

   -9.55024e-01    -3.86646e-01
   -9.56591e-01    -4.08281e-01

   -9.56591e-01    -4.08281e-01
   -9.56591e-01    -4.08281e-01

    9.44673e-01    -1.66326e-01
    9.43211e-01    -1.53409e-01

    9.44673e-01    -1.66326e-01
    9.46041e-01    -1.78407e-01

    9.39855e-01    -1.09662e-01
    9.43211e-01    -1.53409e-01

    9.39855e-01    -1.09662e-01
    9.39855e-01    -1.09662e-01

    9.39855e-01    -1.09662e-01
    9.39855e-01    -1.09662e-01

    9.39855e-01    -1.09662e-01
    9.36286e-01    -5.89899e-02

   -1.53409e-01     9.43211e-01
   -1.09662e-01     9.39855e-01

   -1.66326e-01     9.44673e-01
   -1.53409e-01     9.43211e-01

   -1.66326e-01     9.44673e-01
   -1.78407e-01     9.46041e-01

   -1.09662e-01     9.39855e-01
   -1.09662e-01     9.39855e-01

   -5.89899e-02     9.36286e-01
   -1.09662e-01     9.39855e-01

   -3.62657e-01    -9.53286e-01
   -3.28986e-01    -9.50313e-01

   -3.28986e-01    -9.50313e-01
   -3.62657e-01    -9.53286e-01

   -3.28986e-01    -9.50313e-01
   -3.28986e-01    -9.50313e-01

   -3.28986e-01    -9.50313e-01
   -3.28986e-01    -9.50313e-01

   -2.77873e-01    -9.52098e-01
   -2.56719e-01    -9.49562e-01

   -2.77873e-01    -9.52098e-01
   -2.56719e-01    -9.49562e-01

   -2.56719e-01    -9.49562e-01
   -2.56719e-01    -9.49562e-01

   -2.96340e-01    -9.54311e-01
   -2.77873e-01    -9.52098e-01

   -2.77873e-01    -9.52098e-01
   -2.77873e-01    -9.52098e-01

   -2.77873e-01    -9.52098e-01
   -2.96340e-01    -9.54311e-01

   -2.96340e-01    -9.54311e-01
   -3.28986e-01    -9.50313e-01

   -2.96340e-01    -9.54311e-01
   -3.28986e-01    -9.50313e-01

   -9.53286e-01    -3.62657e-01
   -9.50313e-01    -3.28986e-01

   -9.53286e-01    -3.62657e-01
   -9.50313e-01    -3.28986e-01

   -9.50313e-01    -3.28986e-01
   -9.50313e-01    -3.28986e-01

   -9.50313e-01    -3.28986e-01
   -9.50313e-01    -3.28986e-01

   -9.54311e-01    -2.96340e-01
   -9.50313e-01    -3.28986e-01

   -9.50313e-01    -3.28986e-01
   -9.54311e-01    -2.96340e-01

   -9.49562e-01    -2.56719e-01
   -9.52098e-01    -2.77873e-01

   -9.52098e-01    -2.77873e-01
   -9.49562e-01    -2.56719e-01

   -9.49562e-01    -2.56719e-01
   -9.49562e-01    -2.56719e-01

   -9.54311e-01    -2.96340e-01
   -9.52098e-01    -2.77873e-01

   -9.52098e-01    -2.77873e-01
   -9.52098e-01    -2.77873e-01

   -9.54311e-01    -2.96340e-01
   -9.52098e-01    -2.77873e-01

    9.36084e-01    -5.50488e-02
    9.35881e-01    -5.10763e-02

    9.36084e-01    -5.50488e-02
    9.36286e-01    -5.89899e-02

    9.37434e-01     0.00000e+00
    9.35881e-01    -5.10763e-02

    9.37434e-01     0.00000e+00
    9.37434e-01     0.00000e+00

    9.37434e-01     0.00000e+00
    9.37434e-01     0.00000e+00

    9.37434e-01     0.00000e+00
    9.35881e-01     5.10763e-02

    0.00000e+00     9.37434e-01
   -5.10763e-02     9.35881e-01

    0.00000e+00     9.37434e-01
    0.00000e+00     9.37434e-01

   -5.50488e-02     9.36084e-01
   -5.10763e-02     9.35881e-01

   -5.50488e-02     9.36084e-01
   -5.89899e-02     9.36286e-01

    0.00000e+00     9.37434e-01
    0.00000e+00     9.37434e-01

    0.00000e+00     9.37434e-01
    5.10763e-02     9.35881e-01

   -2.56719e-01    -9.49562e-01
   -2.19324e-01    -9.45496e-01

   -2.19324e-01    -9.45496e-01
   -2.56719e-01    -9.49562e-01

   -2.19324e-01    -9.45496e-01
   -2.19324e-01    -9.45496e-01

   -2.19324e-01    -9.45496e-01
   -2.19324e-01    -9.45496e-01

   -1.66326e-01    -9.44673e-01
   -1.53409e-01    -9.43211e-01

   -1.66326e-01    -9.44673e-01
   -1.53409e-01    -9.43211e-01

   -1.53409e-01    -9.43211e-01
   -1.53409e-01    -9.43211e-01

   -1.78408e-01    -9.46041e-01
   -1.66326e-01    -9.44673e-01

   -1.66326e-01    -9.44673e-01
   -1.66326e-01    -9.44673e-01

   -1.66326e-01    -9.44673e-01
   -1.78408e-01    -9.46041e-01

   -1.78408e-01    -9.46041e-01
   -2.19324e-01    -9.45496e-01

   -1.78408e-01    -9.46041e-01
   -2.19324e-01    -9.45496e-01

   -9.49562e-01    -2.56719e-01
   -9.45496e-01    -2.19324e-01

   -9.49562e-01    -2.56719e-01
   -9.45496e-01    -2.19324e-01

   -9.45496e-01    -2.19324e-01
   -9.45496e-01    -2.19324e-01

   -9.45496e-01    -2.19324e-01
   -9.45496e-01    -2.19324e-01

   -9.46041e-01    -1.78408e-01
   -9.45496e-01    -2.19324e-01

   -9.45496e-01    -2.19324e-01
   -9.46041e-01    -1.78408e-01

   -9.43211e-01    -1.53409e-01
   -9.44673e-01    -1.66326e-01

   -9.44673e-01    -1.66326e-01
   -9.43211e-01    -1.53409e-01

   -9.43211e-01    -1.53409e-01
   -9.43211e-01    -1.53409e-01

   -9.46041e-01    -1.78408e-01
   -9.44673e-01    -1.66326e-01

   -9.44673e-01    -1.66326e-01
   -9.44673e-01    -1.66326e-01

   -9.46041e-01    -1.78408e-01
   -9.44673e-01    -1.66326e-01

    9.36084e-01     5.50488e-02
    9.35881e-01     5.10763e-02

    9.36084e-01     5.50488e-02
    9.36286e-01     5.89900e-02

    9.36286e-01     5.89900e-02
    9.39855e-01     1.09662e-01

    9.39855e-01     1.09662e-01
    9.39855e-01     1.09662e-01

    9.43211e-01     1.53409e-01
    9.39855e-01     1.09662e-01

    5.89899e-02     9.36286e-01
    1.09662e-01     9.39855e-01

    5.50488e-02     9.36084e-01
    5.10763e-02     9.35881e-01

    5.50488e-02     9.36084e-01
    5.89899e-02     9.36286e-01

    1.09662e-01     9.39855e-01
    1.09662e-01     9.39855e-01

    1.53409e-01     9.43211e-01
    1.09662e-01     9.39855e-01

