   -2.45975e-01    -7.94284e-01
   -2.19324e-01    -7.88441e-01

   -2.63552e-01    -7.99438e-01
   -2.45975e-01    -7.94284e-01

   -2.63552e-01    -7.99438e-01
   -2.89558e-01    -8.07062e-01

   -2.19324e-01    -7.88441e-01
   -2.19324e-01    -7.88441e-01

   -2.03947e-01    -7.83010e-01
   -2.19324e-01    -7.88441e-01

   -7.99438e-01    -2.63552e-01
   -7.94284e-01    -2.45975e-01

   -7.99438e-01    -2.63552e-01
   -8.07062e-01    -2.89558e-01

   -7.94284e-01    -2.45975e-01
   -7.88441e-01    -2.19324e-01

   -7.88441e-01    -2.19324e-01
   -7.88441e-01    -2.19324e-01

   -7.83010e-01    -2.03947e-01
   -7.88441e-01    -2.19324e-01

    8.18453e-01     3.28986e-01
    8.07062e-01     2.89558e-01

    8.18453e-01     3.28986e-01
    8.18453e-01     3.28986e-01

    7.67634e-01     4.36195e-01
    7.66441e-01     4.37455e-01

    7.67634e-01     4.36195e-01
    7.67634e-01     4.36195e-01

    7.67634e-01     4.36195e-01
    7.67634e-01     4.36195e-01

    7.66204e-01     4.38648e-01
    7.66441e-01     4.37455e-01

    7.66204e-01     4.38648e-01
    7.66204e-01     4.38648e-01

    8.18453e-01     3.28986e-01
    8.18453e-01     3.28986e-01

    7.67634e-01     4.36195e-01
    7.67634e-01     4.36195e-01

    7.67634e-01     4.36195e-01
    7.67634e-01     4.36195e-01

    8.18453e-01     3.28986e-01
    8.02359e-01     3.63711e-01

    7.67634e-01     4.36195e-01
    8.02359e-01     3.63711e-01

    7.66204e-01     4.38648e-01
    7.66204e-01     4.38648e-01

    7.66204e-01     4.38648e-01
    7.12053e-01     4.92729e-01

    7.10907e-01     4.94641e-01
    7.09808e-01     4.96473e-01

    7.10907e-01     4.94641e-01
    7.12053e-01     4.92729e-01

    4.38648e-01     7.66204e-01
    4.37455e-01     7.66441e-01

    4.38648e-01     7.66204e-01
    4.38648e-01     7.66204e-01

    4.36195e-01     7.67634e-01
    4.37455e-01     7.66441e-01

    4.36195e-01     7.67634e-01
    4.36195e-01     7.67634e-01

    4.36195e-01     7.67634e-01
    4.36195e-01     7.67634e-01

    4.38648e-01     7.66204e-01
    4.38648e-01     7.66204e-01

    4.94641e-01     7.10907e-01
    4.96473e-01     7.09808e-01

    4.94641e-01     7.10907e-01
    4.92729e-01     7.12053e-01

    4.38648e-01     7.66204e-01
    4.92729e-01     7.12053e-01

    3.28986e-01     8.18453e-01
    2.89558e-01     8.07062e-01

    3.28986e-01     8.18453e-01
    3.28986e-01     8.18453e-01

    4.36195e-01     7.67634e-01
    4.36195e-01     7.67634e-01

    4.36195e-01     7.67634e-01
    4.36195e-01     7.67634e-01

    3.28986e-01     8.18453e-01
    3.28986e-01     8.18453e-01

    4.36195e-01     7.67634e-01
    3.63711e-01     8.02359e-01

    3.28986e-01     8.18453e-01
    3.63711e-01     8.02359e-01

   -2.03947e-01    -7.83010e-01
   -1.55803e-01    -7.67634e-01

   -1.55803e-01    -7.67634e-01
   -1.55803e-01    -7.67634e-01

   -1.55803e-01    -7.67634e-01
   -1.55803e-01    -7.67634e-01

   -1.19160e-01    -7.58136e-01
   -1.55803e-01    -7.67634e-01

   -7.83010e-01    -2.03947e-01
   -7.67634e-01    -1.55803e-01

   -7.67634e-01    -1.55803e-01
   -7.67634e-01    -1.55803e-01

   -7.67634e-01    -1.55803e-01
   -7.67634e-01    -1.55803e-01

   -7.58136e-01    -1.19159e-01
   -7.67634e-01    -1.55803e-01

    6.88094e-01     5.48310e-01
    7.09808e-01     4.96473e-01

    6.88094e-01     5.48310e-01
    6.88094e-01     5.48310e-01

    6.57972e-01     5.82944e-01
    6.10510e-01     6.10510e-01

    6.57972e-01     5.82944e-01
    6.57972e-01     5.82944e-01

    5.82944e-01     6.57972e-01
    6.10510e-01     6.10510e-01

    5.82944e-01     6.57972e-01
    5.82944e-01     6.57972e-01

    6.88094e-01     5.48310e-01
    6.88094e-01     5.48310e-01

    6.57972e-01     5.82944e-01
    6.57972e-01     5.82944e-01

    6.88094e-01     5.48310e-01
    6.73106e-01     5.63444e-01

    6.57972e-01     5.82944e-01
    6.73106e-01     5.63444e-01

    5.48310e-01     6.88094e-01
    4.96473e-01     7.09808e-01

    5.48310e-01     6.88094e-01
    5.48310e-01     6.88094e-01

    5.82944e-01     6.57972e-01
    5.82944e-01     6.57972e-01

    5.48310e-01     6.88094e-01
    5.48310e-01     6.88094e-01

    5.82944e-01     6.57972e-01
    5.63444e-01     6.73106e-01

    5.48310e-01     6.88094e-01
    5.63444e-01     6.73106e-01

   -1.19160e-01    -7.58136e-01
   -1.09662e-01    -7.55412e-01

   -1.09662e-01    -7.55412e-01
   -1.09662e-01    -7.55412e-01

   -2.21468e-02    -7.45487e-01
   -6.56060e-02    -7.49839e-01

   -9.47899e-02    -7.52762e-01
   -6.56060e-02    -7.49839e-01

   -9.47899e-02    -7.52762e-01
   -1.09662e-01    -7.55412e-01

   -7.55412e-01    -1.09662e-01
   -7.58136e-01    -1.19159e-01

   -7.55412e-01    -1.09662e-01
   -7.55412e-01    -1.09662e-01

   -7.55412e-01    -1.09662e-01
   -7.55412e-01    -1.09662e-01

   -7.55412e-01    -1.09662e-01
   -7.52762e-01    -9.47899e-02

   -7.45487e-01    -2.21468e-02
   -7.49839e-01    -6.56060e-02

   -7.52762e-01    -9.47899e-02
   -7.49839e-01    -6.56060e-02

    0.00000e+00    -7.44278e-01
   -2.21468e-02    -7.45487e-01

    0.00000e+00    -7.44278e-01
    0.00000e+00    -7.44278e-01

    0.00000e+00    -7.44278e-01
    0.00000e+00    -7.44278e-01

    2.21468e-02    -7.45487e-01
    6.56061e-02    -7.49839e-01

    9.47899e-02    -7.52762e-01
    6.56061e-02    -7.49839e-01

    0.00000e+00    -7.44278e-01
    2.21468e-02    -7.45487e-01

   -7.44278e-01     0.00000e+00
   -7.45487e-01    -2.21468e-02

   -7.44278e-01     0.00000e+00
   -7.44278e-01     0.00000e+00

   -7.44278e-01     0.00000e+00
   -7.44278e-01     0.00000e+00

   -7.44278e-01     0.00000e+00
   -7.45487e-01     2.21468e-02

   -7.45487e-01     2.21468e-02
   -7.49839e-01     6.56060e-02

   -7.52762e-01     9.47899e-02
   -7.49839e-01     6.56060e-02

    2.03947e-01    -7.83010e-01
    2.19324e-01    -7.88441e-01

    1.55803e-01    -7.67634e-01
    2.03947e-01    -7.83010e-01

    1.55803e-01    -7.67634e-01
    1.55803e-01    -7.67634e-01

    1.55803e-01    -7.67634e-01
    1.55803e-01    -7.67634e-01

    2.19324e-01    -7.88441e-01
    2.19324e-01    -7.88441e-01

    2.45975e-01    -7.94284e-01
    2.19324e-01    -7.88441e-01

    1.09662e-01    -7.55412e-01
    9.47899e-02    -7.52762e-01

    1.09662e-01    -7.55412e-01
    1.09662e-01    -7.55412e-01

    1.55803e-01    -7.67634e-01
    1.19159e-01    -7.58136e-01

    1.09662e-01    -7.55412e-01
    1.19159e-01    -7.58136e-01

   -7.52762e-01     9.47899e-02
   -7.55412e-01     1.09662e-01

   -7.67634e-01     1.55803e-01
   -7.83010e-01     2.03947e-01

   -7.67634e-01     1.55803e-01
   -7.67634e-01     1.55803e-01

   -7.67634e-01     1.55803e-01
   -7.67634e-01     1.55803e-01

   -7.88441e-01     2.19324e-01
   -7.83010e-01     2.03947e-01

   -7.88441e-01     2.19324e-01
   -7.88441e-01     2.19324e-01

   -7.55412e-01     1.09662e-01
   -7.55412e-01     1.09662e-01

   -7.67634e-01     1.55803e-01
   -7.67634e-01     1.55803e-01

   -7.67634e-01     1.55803e-01
   -7.67634e-01     1.55803e-01

   -7.58136e-01     1.19159e-01
   -7.55412e-01     1.09662e-01

   -7.67634e-01     1.55803e-01
   -7.58136e-01     1.19159e-01

   -7.88441e-01     2.19324e-01
   -7.94284e-01     2.45975e-01

    3.28986e-01    -8.18453e-01
    2.89558e-01    -8.07062e-01

    3.28986e-01    -8.18453e-01
    3.28986e-01    -8.18453e-01

    2.63552e-01    -7.99438e-01
    2.45975e-01    -7.94284e-01

    2.63552e-01    -7.99438e-01
    2.89558e-01    -8.07062e-01

    3.28986e-01    -8.18453e-01
    3.63711e-01    -8.02359e-01

   -7.99438e-01     2.63552e-01
   -7.94284e-01     2.45975e-01

   -7.99438e-01     2.63552e-01
   -8.07062e-01     2.89558e-01

   -8.18453e-01     3.28986e-01
   -8.07062e-01     2.89558e-01

   -8.18453e-01     3.28986e-01
   -8.18453e-01     3.28986e-01

   -8.18453e-01     3.28986e-01
   -8.02359e-01     3.63711e-01

    4.36195e-01    -7.67634e-01
    3.63711e-01    -8.02359e-01

    4.36195e-01    -7.67634e-01
    4.36195e-01    -7.67634e-01

    4.36195e-01    -7.67634e-01
    4.36195e-01    -7.67634e-01

    4.36195e-01    -7.67634e-01
    4.36195e-01    -7.67634e-01

    4.36195e-01    -7.67634e-01
    4.36195e-01    -7.67634e-01

    4.36195e-01    -7.67634e-01
    4.37455e-01    -7.66441e-01

   -7.67634e-01     4.36195e-01
   -8.02359e-01     3.63711e-01

   -7.67634e-01     4.36195e-01
   -7.67634e-01     4.36195e-01

   -7.67634e-01     4.36195e-01
   -7.67634e-01     4.36195e-01

   -7.67634e-01     4.36195e-01
   -7.67634e-01     4.36195e-01

   -7.67634e-01     4.36195e-01
   -7.67634e-01     4.36195e-01

   -7.67634e-01     4.36195e-01
   -7.66441e-01     4.37455e-01

    4.37455e-01    -7.66441e-01
    4.38648e-01    -7.66204e-01

    4.38648e-01    -7.66204e-01
    4.38648e-01    -7.66204e-01

    4.92729e-01    -7.12053e-01
    4.38648e-01    -7.66204e-01

   -7.66441e-01     4.37455e-01
   -7.66204e-01     4.38648e-01

   -7.66204e-01     4.38648e-01
   -7.66204e-01     4.38648e-01

   -7.12053e-01     4.92729e-01
   -7.66204e-01     4.38648e-01

    4.96473e-01    -7.09808e-01
    5.48310e-01    -6.88094e-01

    4.94641e-01    -7.10907e-01
    4.96473e-01    -7.09808e-01

    4.94641e-01    -7.10907e-01
    4.92729e-01    -7.12053e-01

    5.48310e-01    -6.88094e-01
    5.48310e-01    -6.88094e-01

    5.63444e-01    -6.73105e-01
    5.48310e-01    -6.88094e-01

   -7.10907e-01     4.94641e-01
   -7.09808e-01     4.96473e-01

   -7.10907e-01     4.94641e-01
   -7.12053e-01     4.92729e-01

   -7.09808e-01     4.96473e-01
   -6.88094e-01     5.48310e-01

   -6.88094e-01     5.48310e-01
   -6.88094e-01     5.48310e-01

   -6.73105e-01     5.63444e-01
   -6.88094e-01     5.48310e-01

    5.63444e-01    -6.73105e-01
    5.82944e-01    -6.57972e-01

    5.82944e-01    -6.57972e-01
    5.82944e-01    -6.57972e-01

    6.10510e-01    -6.10510e-01
    5.82944e-01    -6.57972e-01

   -6.73105e-01     5.63444e-01
   -6.57972e-01     5.82944e-01

   -6.57972e-01     5.82944e-01
   -6.57972e-01     5.82944e-01

   -6.10510e-01     6.10510e-01
   -6.57972e-01     5.82944e-01

    6.57972e-01    -5.82944e-01
    6.10510e-01    -6.10510e-01

    6.57972e-01    -5.82944e-01
    6.57972e-01    -5.82944e-01

    6.57972e-01    -5.82944e-01
    6.73105e-01    -5.63444e-01

   -5.82944e-01     6.57972e-01
   -6.10510e-01     6.10510e-01

   -5.82944e-01     6.57972e-01
   -5.82944e-01     6.57972e-01

   -5.82944e-01     6.57972e-01
   -5.63444e-01     6.73105e-01

    6.88094e-01    -5.48310e-01
    6.73105e-01    -5.63444e-01

    6.88094e-01    -5.48310e-01
    6.88094e-01    -5.48310e-01

    6.88094e-01    -5.48310e-01
    7.09808e-01    -4.96473e-01

    7.10907e-01    -4.94641e-01
    7.09808e-01    -4.96473e-01

    7.10907e-01    -4.94641e-01
    7.12053e-01    -4.92729e-01

   -5.48310e-01     6.88094e-01
   -5.63444e-01     6.73105e-01

   -5.48310e-01     6.88094e-01
   -5.48310e-01     6.88094e-01

   -4.94641e-01     7.10907e-01
   -4.96473e-01     7.09808e-01

   -4.94641e-01     7.10907e-01
   -4.92729e-01     7.12053e-01

   -5.48310e-01     6.88094e-01
   -4.96473e-01     7.09808e-01

    7.66204e-01    -4.38648e-01
    7.12053e-01    -4.92729e-01

    7.66204e-01    -4.38648e-01
    7.66204e-01    -4.38648e-01

    7.66204e-01    -4.38648e-01
    7.66441e-01    -4.37455e-01

   -4.38648e-01     7.66204e-01
   -4.92729e-01     7.12053e-01

   -4.38648e-01     7.66204e-01
   -4.38648e-01     7.66204e-01

   -4.38648e-01     7.66204e-01
   -4.37455e-01     7.66441e-01

    7.67634e-01    -4.36195e-01
    7.66441e-01    -4.37455e-01

    7.67634e-01    -4.36195e-01
    7.67634e-01    -4.36195e-01

    7.67634e-01    -4.36195e-01
    7.67634e-01    -4.36195e-01

    7.67634e-01    -4.36195e-01
    7.67634e-01    -4.36195e-01

    7.67634e-01    -4.36195e-01
    7.67634e-01    -4.36195e-01

    7.67634e-01    -4.36195e-01
    8.02359e-01    -3.63711e-01

   -4.36195e-01     7.67634e-01
   -4.37455e-01     7.66441e-01

   -4.36195e-01     7.67634e-01
   -4.36195e-01     7.67634e-01

   -4.36195e-01     7.67634e-01
   -4.36195e-01     7.67634e-01

   -4.36195e-01     7.67634e-01
   -4.36195e-01     7.67634e-01

   -4.36195e-01     7.67634e-01
   -4.36195e-01     7.67634e-01

   -4.36195e-01     7.67634e-01
   -3.63711e-01     8.02359e-01

    8.02359e-01    -3.63711e-01
    8.18453e-01    -3.28986e-01

    8.18453e-01    -3.28986e-01
    8.18453e-01    -3.28986e-01

    8.07062e-01    -2.89558e-01
    8.18453e-01    -3.28986e-01

    7.99438e-01    -2.63552e-01
    7.94284e-01    -2.45975e-01

    7.99438e-01    -2.63552e-01
    8.07062e-01    -2.89558e-01

   -3.63711e-01     8.02359e-01
   -3.28986e-01     8.18453e-01

   -3.28986e-01     8.18453e-01
   -3.28986e-01     8.18453e-01

   -2.63552e-01     7.99438e-01
   -2.45975e-01     7.94284e-01

   -2.63552e-01     7.99438e-01
   -2.89558e-01     8.07062e-01

   -2.89558e-01     8.07062e-01
   -3.28986e-01     8.18453e-01

    7.94284e-01    -2.45975e-01
    7.88441e-01    -2.19324e-01

    7.67634e-01    -1.55803e-01
    7.58136e-01    -1.19159e-01

    7.67634e-01    -1.55803e-01
    7.67634e-01    -1.55803e-01

    7.67634e-01    -1.55803e-01
    7.67634e-01    -1.55803e-01

    7.55412e-01    -1.09662e-01
    7.58136e-01    -1.19159e-01

    7.55412e-01    -1.09662e-01
    7.55412e-01    -1.09662e-01

    7.88441e-01    -2.19324e-01
    7.88441e-01    -2.19324e-01

    7.67634e-01    -1.55803e-01
    7.67634e-01    -1.55803e-01

    7.67634e-01    -1.55803e-01
    7.67634e-01    -1.55803e-01

    7.83010e-01    -2.03947e-01
    7.88441e-01    -2.19324e-01

    7.67634e-01    -1.55803e-01
    7.83010e-01    -2.03947e-01

    7.55412e-01    -1.09662e-01
    7.52762e-01    -9.47899e-02

   -1.19159e-01     7.58136e-01
   -1.09662e-01     7.55412e-01

   -1.19159e-01     7.58136e-01
   -1.55803e-01     7.67634e-01

   -1.09662e-01     7.55412e-01
   -1.09662e-01     7.55412e-01

   -9.47899e-02     7.52762e-01
   -1.09662e-01     7.55412e-01

   -2.19324e-01     7.88441e-01
   -2.45975e-01     7.94284e-01

   -2.19324e-01     7.88441e-01
   -2.19324e-01     7.88441e-01

   -1.55803e-01     7.67634e-01
   -1.55803e-01     7.67634e-01

   -1.55803e-01     7.67634e-01
   -1.55803e-01     7.67634e-01

   -2.03947e-01     7.83010e-01
   -1.55803e-01     7.67634e-01

   -2.19324e-01     7.88441e-01
   -2.03947e-01     7.83010e-01

    7.49839e-01    -6.56060e-02
    7.45487e-01    -2.21468e-02

    7.49839e-01    -6.56060e-02
    7.52762e-01    -9.47899e-02

    7.44278e-01     0.00000e+00
    7.45487e-01    -2.21468e-02

    7.44278e-01     0.00000e+00
    7.44278e-01     0.00000e+00

    7.44278e-01     0.00000e+00
    7.44278e-01     0.00000e+00

    7.44278e-01     0.00000e+00
    7.45487e-01     2.21468e-02

    0.00000e+00     7.44278e-01
   -2.21468e-02     7.45487e-01

    0.00000e+00     7.44278e-01
    0.00000e+00     7.44278e-01

   -6.56061e-02     7.49839e-01
   -2.21468e-02     7.45487e-01

   -6.56061e-02     7.49839e-01
   -9.47899e-02     7.52762e-01

    0.00000e+00     7.44278e-01
    0.00000e+00     7.44278e-01

    0.00000e+00     7.44278e-01
    2.21468e-02     7.45487e-01

    7.49839e-01     6.56060e-02
    7.45487e-01     2.21468e-02

    7.49839e-01     6.56060e-02
    7.52762e-01     9.47899e-02

    7.55412e-01     1.09662e-01
    7.52762e-01     9.47899e-02

    7.55412e-01     1.09662e-01
    7.55412e-01     1.09662e-01

    7.55412e-01     1.09662e-01
    7.55412e-01     1.09662e-01

    7.55412e-01     1.09662e-01
    7.58136e-01     1.19159e-01

    1.09662e-01     7.55412e-01
    9.47899e-02     7.52762e-01

    1.09662e-01     7.55412e-01
    1.09662e-01     7.55412e-01

    6.56060e-02     7.49839e-01
    2.21468e-02     7.45487e-01

    6.56060e-02     7.49839e-01
    9.47899e-02     7.52762e-01

    1.09662e-01     7.55412e-01
    1.19160e-01     7.58136e-01

   -5.63444e-01    -6.73106e-01
   -5.48310e-01    -6.88094e-01

   -5.48310e-01    -6.88094e-01
   -5.63444e-01    -6.73106e-01

   -5.48310e-01    -6.88094e-01
   -5.48310e-01    -6.88094e-01

   -5.82944e-01    -6.57972e-01
   -5.63444e-01    -6.73106e-01

   -5.63444e-01    -6.73106e-01
   -5.82944e-01    -6.57972e-01

   -5.82944e-01    -6.57972e-01
   -5.82944e-01    -6.57972e-01

   -5.48310e-01    -6.88094e-01
   -5.48310e-01    -6.88094e-01

   -5.48310e-01    -6.88094e-01
   -4.96473e-01    -7.09808e-01

   -4.96473e-01    -7.09808e-01
   -5.48310e-01    -6.88094e-01

   -6.57972e-01    -5.82944e-01
   -6.73106e-01    -5.63444e-01

   -6.57972e-01    -5.82944e-01
   -6.73106e-01    -5.63444e-01

   -6.57972e-01    -5.82944e-01
   -6.57972e-01    -5.82944e-01

   -6.73106e-01    -5.63444e-01
   -6.88094e-01    -5.48310e-01

   -6.73106e-01    -5.63444e-01
   -6.88094e-01    -5.48310e-01

   -6.88094e-01    -5.48310e-01
   -6.88094e-01    -5.48310e-01

   -5.82944e-01    -6.57972e-01
   -5.82944e-01    -6.57972e-01

   -6.57972e-01    -5.82944e-01
   -6.57972e-01    -5.82944e-01

   -5.82944e-01    -6.57972e-01
   -6.10510e-01    -6.10510e-01

   -5.82944e-01    -6.57972e-01
   -6.10510e-01    -6.10510e-01

   -6.57972e-01    -5.82944e-01
   -6.10510e-01    -6.10510e-01

   -6.10510e-01    -6.10510e-01
   -6.57972e-01    -5.82944e-01

   -6.88094e-01    -5.48310e-01
   -6.88094e-01    -5.48310e-01

   -6.88094e-01    -5.48310e-01
   -6.88094e-01    -5.48310e-01

   -6.88094e-01    -5.48310e-01
   -7.09808e-01    -4.96473e-01

    7.67634e-01     1.55803e-01
    7.58136e-01     1.19159e-01

    7.67634e-01     1.55803e-01
    7.67634e-01     1.55803e-01

    7.67634e-01     1.55803e-01
    7.67634e-01     1.55803e-01

    7.67634e-01     1.55803e-01
    7.83010e-01     2.03947e-01

    1.55803e-01     7.67634e-01
    1.19160e-01     7.58136e-01

    1.55803e-01     7.67634e-01
    1.55803e-01     7.67634e-01

    1.55803e-01     7.67634e-01
    1.55803e-01     7.67634e-01

    1.55803e-01     7.67634e-01
    2.03947e-01     7.83010e-01

   -3.63711e-01    -8.02359e-01
   -3.28986e-01    -8.18453e-01

   -3.28986e-01    -8.18453e-01
   -3.63711e-01    -8.02359e-01

   -3.28986e-01    -8.18453e-01
   -3.28986e-01    -8.18453e-01

   -3.63711e-01    -8.02359e-01
   -4.36195e-01    -7.67634e-01

   -4.36195e-01    -7.67634e-01
   -3.63711e-01    -8.02359e-01

   -4.36195e-01    -7.67634e-01
   -4.36195e-01    -7.67634e-01

   -4.36195e-01    -7.67634e-01
   -4.36195e-01    -7.67634e-01

   -3.28986e-01    -8.18453e-01
   -3.28986e-01    -8.18453e-01

   -2.89558e-01    -8.07062e-01
   -3.28986e-01    -8.18453e-01

   -3.28986e-01    -8.18453e-01
   -2.89558e-01    -8.07062e-01

   -4.38648e-01    -7.66204e-01
   -4.92729e-01    -7.12053e-01

   -4.38648e-01    -7.66204e-01
   -4.92729e-01    -7.12053e-01

   -4.38648e-01    -7.66204e-01
   -4.38648e-01    -7.66204e-01

   -4.94641e-01    -7.10907e-01
   -4.96473e-01    -7.09808e-01

   -4.96473e-01    -7.09808e-01
   -4.94641e-01    -7.10907e-01

   -4.94641e-01    -7.10907e-01
   -4.94641e-01    -7.10907e-01

   -4.94641e-01    -7.10907e-01
   -4.92729e-01    -7.12053e-01

   -4.92729e-01    -7.12053e-01
   -4.92729e-01    -7.12053e-01

   -4.92729e-01    -7.12053e-01
   -4.94641e-01    -7.10907e-01

   -4.36195e-01    -7.67634e-01
   -4.36195e-01    -7.67634e-01

   -4.36195e-01    -7.67634e-01
   -4.36195e-01    -7.67634e-01

   -4.38648e-01    -7.66204e-01
   -4.38648e-01    -7.66204e-01

   -4.37455e-01    -7.66441e-01
   -4.36195e-01    -7.67634e-01

   -4.36195e-01    -7.67634e-01
   -4.37455e-01    -7.66441e-01

   -4.38648e-01    -7.66204e-01
   -4.37455e-01    -7.66441e-01

   -4.37455e-01    -7.66441e-01
   -4.38648e-01    -7.66204e-01

   -7.10907e-01    -4.94641e-01
   -7.09808e-01    -4.96473e-01

   -7.10907e-01    -4.94641e-01
   -7.10907e-01    -4.94641e-01

   -7.10907e-01    -4.94641e-01
   -7.10907e-01    -4.94641e-01

   -7.10907e-01    -4.94641e-01
   -7.12053e-01    -4.92729e-01

   -7.12053e-01    -4.92729e-01
   -7.12053e-01    -4.92729e-01

   -7.10907e-01    -4.94641e-01
   -7.12053e-01    -4.92729e-01

   -7.66204e-01    -4.38648e-01
   -7.12053e-01    -4.92729e-01

   -7.12053e-01    -4.92729e-01
   -7.66204e-01    -4.38648e-01

   -7.66204e-01    -4.38648e-01
   -7.66204e-01    -4.38648e-01

   -7.67634e-01    -4.36195e-01
   -8.02359e-01    -3.63711e-01

   -8.02359e-01    -3.63711e-01
   -7.67634e-01    -4.36195e-01

   -7.67634e-01    -4.36195e-01
   -7.67634e-01    -4.36195e-01

   -7.67634e-01    -4.36195e-01
   -7.67634e-01    -4.36195e-01

   -8.02359e-01    -3.63711e-01
   -8.18453e-01    -3.28986e-01

   -8.02359e-01    -3.63711e-01
   -8.18453e-01    -3.28986e-01

   -8.18453e-01    -3.28986e-01
   -8.18453e-01    -3.28986e-01

   -7.66204e-01    -4.38648e-01
   -7.66204e-01    -4.38648e-01

   -7.67634e-01    -4.36195e-01
   -7.67634e-01    -4.36195e-01

   -7.67634e-01    -4.36195e-01
   -7.67634e-01    -4.36195e-01

   -7.66204e-01    -4.38648e-01
   -7.66441e-01    -4.37455e-01

   -7.66204e-01    -4.38648e-01
   -7.66441e-01    -4.37455e-01

   -7.66441e-01    -4.37455e-01
   -7.67634e-01    -4.36195e-01

   -7.66441e-01    -4.37455e-01
   -7.67634e-01    -4.36195e-01

   -8.18453e-01    -3.28986e-01
   -8.18453e-01    -3.28986e-01

   -8.18453e-01    -3.28986e-01
   -8.07062e-01    -2.89558e-01

   -8.07062e-01    -2.89558e-01
   -8.18453e-01    -3.28986e-01

    7.88441e-01     2.19324e-01
    7.83010e-01     2.03947e-01

    7.88441e-01     2.19324e-01
    7.88441e-01     2.19324e-01

    7.88441e-01     2.19324e-01
    7.94284e-01     2.45975e-01

    7.99438e-01     2.63552e-01
    7.94284e-01     2.45975e-01

    7.99438e-01     2.63552e-01
    8.07062e-01     2.89558e-01

    2.19324e-01     7.88441e-01
    2.03947e-01     7.83010e-01

    2.19324e-01     7.88441e-01
    2.19324e-01     7.88441e-01

    2.63552e-01     7.99438e-01
    2.45975e-01     7.94284e-01

    2.63552e-01     7.99438e-01
    2.89558e-01     8.07062e-01

    2.19324e-01     7.88441e-01
    2.45975e-01     7.94284e-01

   -1.25090e-01    -8.92724e-01
   -1.09662e-01    -8.98351e-01

   -1.88606e-01    -8.77296e-01
   -1.25090e-01    -8.92724e-01

   -1.88606e-01    -8.77296e-01
   -1.88606e-01    -8.77296e-01

   -1.88606e-01    -8.77296e-01
   -1.88606e-01    -8.77296e-01

   -1.09662e-01    -8.98351e-01
   -1.09662e-01    -8.98351e-01

   -8.98427e-02    -8.97115e-01
   -1.09662e-01    -8.98351e-01

   -2.19324e-01    -8.70531e-01
   -2.35320e-01    -8.61299e-01

   -2.19324e-01    -8.70531e-01
   -2.19324e-01    -8.70531e-01

   -1.88606e-01    -8.77296e-01
   -2.12473e-01    -8.70444e-01

   -2.19324e-01    -8.70531e-01
   -2.12473e-01    -8.70444e-01

   -8.61299e-01    -2.35320e-01
   -8.70531e-01    -2.19324e-01

   -8.77296e-01    -1.88606e-01
   -8.92724e-01    -1.25090e-01

   -8.77296e-01    -1.88606e-01
   -8.77296e-01    -1.88606e-01

   -8.77296e-01    -1.88606e-01
   -8.77296e-01    -1.88606e-01

   -8.98351e-01    -1.09662e-01
   -8.92724e-01    -1.25090e-01

   -8.98351e-01    -1.09662e-01
   -8.98351e-01    -1.09662e-01

   -8.70531e-01    -2.19324e-01
   -8.70531e-01    -2.19324e-01

   -8.77296e-01    -1.88606e-01
   -8.77296e-01    -1.88606e-01

   -8.77296e-01    -1.88606e-01
   -8.77296e-01    -1.88606e-01

   -8.70444e-01    -2.12472e-01
   -8.70531e-01    -2.19324e-01

   -8.77296e-01    -1.88606e-01
   -8.70444e-01    -2.12472e-01

   -8.98351e-01    -1.09662e-01
   -8.97115e-01    -8.98427e-02

    8.54684e-01     2.51480e-01
    8.38740e-01     2.90431e-01

    8.54684e-01     2.51480e-01
    8.61299e-01     2.35320e-01

    8.38643e-01     3.28986e-01
    8.38740e-01     2.90431e-01

    8.38643e-01     3.28986e-01
    8.38643e-01     3.28986e-01

    8.38643e-01     3.28986e-01
    8.38643e-01     3.28986e-01

    8.38643e-01     3.28986e-01
    8.45501e-01     3.60780e-01

    3.28986e-01     8.38643e-01
    2.90431e-01     8.38740e-01

    3.28986e-01     8.38643e-01
    3.28986e-01     8.38643e-01

    2.51480e-01     8.54684e-01
    2.90431e-01     8.38740e-01

    2.51480e-01     8.54684e-01
    2.35320e-01     8.61299e-01

    3.28986e-01     8.38643e-01
    3.28986e-01     8.38643e-01

    3.28986e-01     8.38643e-01
    3.60780e-01     8.45501e-01

    0.00000e+00    -9.08079e-01
   -2.51781e-02    -9.02474e-01

    0.00000e+00    -9.08079e-01
    0.00000e+00    -9.08079e-01

   -6.13609e-02    -8.99475e-01
   -8.98427e-02    -8.97115e-01

   -6.13609e-02    -8.99475e-01
   -2.51781e-02    -9.02474e-01

    0.00000e+00    -9.08079e-01
    0.00000e+00    -9.08079e-01

    0.00000e+00    -9.08079e-01
    2.51781e-02    -9.02474e-01

   -8.99475e-01    -6.13610e-02
   -8.97115e-01    -8.98427e-02

   -8.99475e-01    -6.13610e-02
   -9.02474e-01    -2.51781e-02

   -9.08079e-01     0.00000e+00
   -9.02474e-01    -2.51781e-02

   -9.08079e-01     0.00000e+00
   -9.08079e-01     0.00000e+00

   -9.08079e-01     0.00000e+00
   -9.08079e-01     0.00000e+00

   -9.08079e-01     0.00000e+00
   -9.02474e-01     2.51781e-02

    8.48908e-01     3.89691e-01
    8.45501e-01     3.60780e-01

    8.48908e-01     3.89691e-01
    8.51654e-01     4.13007e-01

    8.51654e-01     4.13007e-01
    8.46380e-01     4.38648e-01

    8.46380e-01     4.38648e-01
    8.46380e-01     4.38648e-01

    8.51105e-01     4.64839e-01
    8.46380e-01     4.38648e-01

    4.13007e-01     8.51654e-01
    4.38648e-01     8.46380e-01

    3.89691e-01     8.48908e-01
    3.60780e-01     8.45501e-01

    3.89691e-01     8.48908e-01
    4.13007e-01     8.51654e-01

    4.38648e-01     8.46380e-01
    4.38648e-01     8.46380e-01

    4.64839e-01     8.51105e-01
    4.38648e-01     8.46380e-01

    1.09662e-01    -8.98351e-01
    8.98427e-02    -8.97115e-01

    1.09662e-01    -8.98351e-01
    1.09662e-01    -8.98351e-01

    6.13609e-02    -8.99475e-01
    8.98427e-02    -8.97115e-01

    6.13609e-02    -8.99475e-01
    2.51781e-02    -9.02474e-01

    1.09662e-01    -8.98351e-01
    1.25090e-01    -8.92724e-01

   -8.99475e-01     6.13609e-02
   -8.97115e-01     8.98427e-02

   -8.99475e-01     6.13609e-02
   -9.02474e-01     2.51781e-02

   -8.98351e-01     1.09662e-01
   -8.97115e-01     8.98427e-02

   -8.98351e-01     1.09662e-01
   -8.98351e-01     1.09662e-01

   -8.98351e-01     1.09662e-01
   -8.98351e-01     1.09662e-01

   -8.98351e-01     1.09662e-01
   -8.92724e-01     1.25090e-01

    8.55596e-01     5.02882e-01
    8.51105e-01     4.64839e-01

    8.55596e-01     5.02882e-01
    8.58773e-01     5.29787e-01

    8.41397e-01     5.48310e-01
    8.58773e-01     5.29787e-01

    8.41397e-01     5.48310e-01
    8.41397e-01     5.48310e-01

    8.41397e-01     5.48310e-01
    8.41397e-01     5.48310e-01

    7.67634e-01     6.35187e-01
    7.60552e-01     6.50890e-01

    7.67634e-01     6.35187e-01
    7.67634e-01     6.35187e-01

    7.48632e-01     6.57972e-01
    7.60552e-01     6.50890e-01

    7.48632e-01     6.57972e-01
    7.48632e-01     6.57972e-01

    8.41397e-01     5.48310e-01
    8.41397e-01     5.48310e-01

    8.41397e-01     5.48310e-01
    8.41397e-01     5.48310e-01

    7.67634e-01     6.35187e-01
    7.67634e-01     6.35187e-01

    8.41397e-01     5.48310e-01
    8.18412e-01     5.99089e-01

    7.67634e-01     6.35187e-01
    8.18412e-01     5.99089e-01

    6.57972e-01     7.48632e-01
    6.50890e-01     7.60552e-01

    6.57972e-01     7.48632e-01
    6.57972e-01     7.48632e-01

    6.35187e-01     7.67634e-01
    6.50890e-01     7.60552e-01

    6.35187e-01     7.67634e-01
    6.35187e-01     7.67634e-01

    7.48632e-01     6.57972e-01
    7.48632e-01     6.57972e-01

    6.57972e-01     7.48632e-01
    6.57972e-01     7.48632e-01

    7.48632e-01     6.57972e-01
    7.31857e-01     6.93748e-01

    6.57972e-01     7.48632e-01
    6.93748e-01     7.31857e-01

    5.48310e-01     8.41397e-01
    5.29787e-01     8.58773e-01

    5.48310e-01     8.41397e-01
    5.48310e-01     8.41397e-01

    5.48310e-01     8.41397e-01
    5.48310e-01     8.41397e-01

    5.02882e-01     8.55596e-01
    4.64839e-01     8.51105e-01

    5.02882e-01     8.55596e-01
    5.29787e-01     8.58773e-01

    6.35187e-01     7.67634e-01
    6.35187e-01     7.67634e-01

    5.48310e-01     8.41397e-01
    5.48310e-01     8.41397e-01

    5.48310e-01     8.41397e-01
    5.48310e-01     8.41397e-01

    6.35187e-01     7.67634e-01
    5.99089e-01     8.18412e-01

    5.48310e-01     8.41397e-01
    5.99089e-01     8.18412e-01

    1.88606e-01    -8.77296e-01
    1.25090e-01    -8.92724e-01

    1.88606e-01    -8.77296e-01
    1.88606e-01    -8.77296e-01

    1.88606e-01    -8.77296e-01
    1.88606e-01    -8.77296e-01

    1.88606e-01    -8.77296e-01
    2.12473e-01    -8.70444e-01

   -8.77296e-01     1.88606e-01
   -8.92724e-01     1.25090e-01

   -8.77296e-01     1.88606e-01
   -8.77296e-01     1.88606e-01

   -8.77296e-01     1.88606e-01
   -8.77296e-01     1.88606e-01

   -8.77296e-01     1.88606e-01
   -8.70444e-01     2.12472e-01

    7.25936e-01     7.03728e-01
    7.17667e-01     7.17667e-01

    7.25936e-01     7.03728e-01
    7.31857e-01     6.93748e-01

    7.03728e-01     7.25936e-01
    7.17667e-01     7.17667e-01

    7.03728e-01     7.25936e-01
    6.93748e-01     7.31857e-01

    2.19324e-01    -8.70531e-01
    2.12473e-01    -8.70444e-01

    2.19324e-01    -8.70531e-01
    2.19324e-01    -8.70531e-01

    2.90431e-01    -8.38740e-01
    2.51480e-01    -8.54684e-01

    2.35320e-01    -8.61299e-01
    2.51480e-01    -8.54684e-01

    2.19324e-01    -8.70531e-01
    2.35320e-01    -8.61299e-01

   -8.70531e-01     2.19324e-01
   -8.70444e-01     2.12472e-01

   -8.70531e-01     2.19324e-01
   -8.70531e-01     2.19324e-01

   -8.70531e-01     2.19324e-01
   -8.61299e-01     2.35320e-01

   -8.38740e-01     2.90431e-01
   -8.54684e-01     2.51480e-01

   -8.61299e-01     2.35320e-01
   -8.54684e-01     2.51480e-01

    3.28986e-01    -8.38643e-01
    2.90431e-01    -8.38740e-01

    3.28986e-01    -8.38643e-01
    3.28986e-01    -8.38643e-01

    3.60780e-01    -8.45501e-01
    3.89691e-01    -8.48908e-01

    4.13007e-01    -8.51655e-01
    3.89691e-01    -8.48908e-01

    3.28986e-01    -8.38643e-01
    3.60780e-01    -8.45501e-01

   -8.38643e-01     3.28986e-01
   -8.38740e-01     2.90431e-01

   -8.38643e-01     3.28986e-01
   -8.38643e-01     3.28986e-01

   -8.38643e-01     3.28986e-01
   -8.45501e-01     3.60780e-01

   -8.45501e-01     3.60780e-01
   -8.48908e-01     3.89691e-01

   -8.51655e-01     4.13007e-01
   -8.48908e-01     3.89691e-01

    4.38648e-01    -8.46380e-01
    4.13007e-01    -8.51655e-01

    4.38648e-01    -8.46380e-01
    4.38648e-01    -8.46380e-01

    4.38648e-01    -8.46380e-01
    4.38648e-01    -8.46380e-01

    4.64839e-01    -8.51105e-01
    5.02882e-01    -8.55596e-01

    5.29787e-01    -8.58773e-01
    5.02882e-01    -8.55596e-01

    4.38648e-01    -8.46380e-01
    4.64839e-01    -8.51105e-01

   -8.46380e-01     4.38648e-01
   -8.51655e-01     4.13007e-01

   -8.46380e-01     4.38648e-01
   -8.46380e-01     4.38648e-01

   -8.46380e-01     4.38648e-01
   -8.46380e-01     4.38648e-01

   -8.46380e-01     4.38648e-01
   -8.51105e-01     4.64839e-01

   -8.51105e-01     4.64839e-01
   -8.55597e-01     5.02882e-01

   -8.58773e-01     5.29787e-01
   -8.55597e-01     5.02882e-01

    5.48310e-01    -8.41397e-01
    5.29787e-01    -8.58773e-01

    5.48310e-01    -8.41397e-01
    5.48310e-01    -8.41397e-01

    5.48310e-01    -8.41397e-01
    5.48310e-01    -8.41397e-01

    5.48310e-01    -8.41397e-01
    5.48310e-01    -8.41397e-01

    5.48310e-01    -8.41397e-01
    5.48310e-01    -8.41397e-01

    5.48310e-01    -8.41397e-01
    5.99089e-01    -8.18413e-01

   -8.41397e-01     5.48310e-01
   -8.58773e-01     5.29787e-01

   -8.41397e-01     5.48310e-01
   -8.41397e-01     5.48310e-01

   -8.41397e-01     5.48310e-01
   -8.41396e-01     5.48310e-01

   -8.41396e-01     5.48310e-01
   -8.18413e-01     5.99089e-01

    6.35187e-01    -7.67634e-01
    5.99089e-01    -8.18413e-01

    6.35187e-01    -7.67634e-01
    6.35187e-01    -7.67634e-01

    6.35187e-01    -7.67634e-01
    6.35187e-01    -7.67634e-01

    6.35187e-01    -7.67634e-01
    6.50890e-01    -7.60552e-01

   -7.67634e-01     6.35187e-01
   -8.18413e-01     5.99089e-01

   -7.67634e-01     6.35187e-01
   -7.67634e-01     6.35187e-01

   -7.67634e-01     6.35187e-01
   -7.67634e-01     6.35187e-01

   -7.67634e-01     6.35187e-01
   -7.60552e-01     6.50890e-01

    6.57972e-01    -7.48632e-01
    6.50890e-01    -7.60552e-01

    6.57972e-01    -7.48632e-01
    6.57972e-01    -7.48632e-01

    6.57972e-01    -7.48632e-01
    6.57972e-01    -7.48632e-01

    7.17667e-01    -7.17667e-01
    7.03728e-01    -7.25937e-01

    6.93748e-01    -7.31857e-01
    7.03728e-01    -7.25937e-01

    6.57972e-01    -7.48632e-01
    6.93748e-01    -7.31857e-01

   -7.48632e-01     6.57972e-01
   -7.60552e-01     6.50890e-01

   -7.48632e-01     6.57972e-01
   -7.48632e-01     6.57972e-01

   -7.48632e-01     6.57972e-01
   -7.48632e-01     6.57972e-01

   -7.48632e-01     6.57972e-01
   -7.31857e-01     6.93748e-01

   -7.17667e-01     7.17667e-01
   -7.25937e-01     7.03728e-01

   -7.31857e-01     6.93748e-01
   -7.25937e-01     7.03728e-01

    7.25937e-01    -7.03728e-01
    7.17667e-01    -7.17667e-01

    7.25937e-01    -7.03728e-01
    7.31857e-01    -6.93748e-01

    7.48632e-01    -6.57972e-01
    7.31857e-01    -6.93748e-01

    7.48632e-01    -6.57972e-01
    7.48632e-01    -6.57972e-01

    7.48632e-01    -6.57972e-01
    7.48632e-01    -6.57972e-01

    7.48632e-01    -6.57972e-01
    7.60552e-01    -6.50890e-01

   -6.57972e-01     7.48632e-01
   -6.93748e-01     7.31857e-01

   -6.57972e-01     7.48632e-01
   -6.57972e-01     7.48632e-01

   -7.03728e-01     7.25937e-01
   -7.17667e-01     7.17667e-01

   -7.03728e-01     7.25937e-01
   -6.93748e-01     7.31857e-01

   -6.57972e-01     7.48632e-01
   -6.57972e-01     7.48632e-01

   -6.57972e-01     7.48632e-01
   -6.50890e-01     7.60552e-01

    7.67634e-01    -6.35187e-01
    7.60552e-01    -6.50890e-01

    7.67634e-01    -6.35187e-01
    7.67634e-01    -6.35187e-01

    7.67634e-01    -6.35187e-01
    7.67634e-01    -6.35187e-01

    7.67634e-01    -6.35187e-01
    8.18413e-01    -5.99089e-01

   -6.35187e-01     7.67634e-01
   -6.50890e-01     7.60552e-01

   -6.35187e-01     7.67634e-01
   -6.35187e-01     7.67634e-01

   -6.35187e-01     7.67634e-01
   -6.35187e-01     7.67634e-01

   -6.35187e-01     7.67634e-01
   -5.99089e-01     8.18413e-01

    8.18413e-01    -5.99089e-01
    8.41396e-01    -5.48310e-01

    8.41397e-01    -5.48310e-01
    8.41397e-01    -5.48310e-01

    8.41396e-01    -5.48310e-01
    8.41397e-01    -5.48310e-01

    8.58773e-01    -5.29787e-01
    8.41397e-01    -5.48310e-01

   -5.48310e-01     8.41397e-01
   -5.99089e-01     8.18413e-01

   -5.48310e-01     8.41397e-01
   -5.48310e-01     8.41397e-01

   -5.48310e-01     8.41397e-01
   -5.48310e-01     8.41397e-01

   -5.48310e-01     8.41397e-01
   -5.48310e-01     8.41397e-01

   -5.48310e-01     8.41397e-01
   -5.48310e-01     8.41397e-01

   -5.48310e-01     8.41397e-01
   -5.29787e-01     8.58773e-01

    8.55597e-01    -5.02882e-01
    8.51105e-01    -4.64839e-01

    8.55597e-01    -5.02882e-01
    8.58773e-01    -5.29787e-01

    8.46380e-01    -4.38648e-01
    8.51105e-01    -4.64839e-01

    8.46380e-01    -4.38648e-01
    8.46380e-01    -4.38648e-01

    8.46380e-01    -4.38648e-01
    8.46380e-01    -4.38648e-01

    8.46380e-01    -4.38648e-01
    8.51655e-01    -4.13007e-01

   -4.38648e-01     8.46380e-01
   -4.64839e-01     8.51105e-01

   -4.38648e-01     8.46380e-01
   -4.38648e-01     8.46380e-01

   -5.02882e-01     8.55596e-01
   -4.64839e-01     8.51105e-01

   -5.02882e-01     8.55596e-01
   -5.29787e-01     8.58773e-01

   -4.38648e-01     8.46380e-01
   -4.38648e-01     8.46380e-01

   -4.38648e-01     8.46380e-01
   -4.13007e-01     8.51655e-01

    8.48908e-01    -3.89691e-01
    8.45501e-01    -3.60780e-01

    8.48908e-01    -3.89691e-01
    8.51655e-01    -4.13007e-01

    8.45501e-01    -3.60780e-01
    8.38643e-01    -3.28986e-01

    8.38643e-01    -3.28986e-01
    8.38643e-01    -3.28986e-01

    8.38740e-01    -2.90431e-01
    8.38643e-01    -3.28986e-01

   -3.60780e-01     8.45501e-01
   -3.28986e-01     8.38643e-01

   -3.89691e-01     8.48908e-01
   -3.60780e-01     8.45501e-01

   -3.89691e-01     8.48908e-01
   -4.13007e-01     8.51655e-01

   -3.28986e-01     8.38643e-01
   -3.28986e-01     8.38643e-01

   -2.90431e-01     8.38740e-01
   -3.28986e-01     8.38643e-01

    8.54684e-01    -2.51480e-01
    8.38740e-01    -2.90431e-01

    8.54684e-01    -2.51480e-01
    8.61299e-01    -2.35320e-01

    8.61299e-01    -2.35320e-01
    8.70531e-01    -2.19324e-01

    8.70531e-01    -2.19324e-01
    8.70531e-01    -2.19324e-01

    8.70444e-01    -2.12472e-01
    8.70531e-01    -2.19324e-01

   -2.35320e-01     8.61299e-01
   -2.19324e-01     8.70531e-01

   -2.51480e-01     8.54684e-01
   -2.90431e-01     8.38740e-01

   -2.51480e-01     8.54684e-01
   -2.35320e-01     8.61299e-01

   -2.19324e-01     8.70531e-01
   -2.19324e-01     8.70531e-01

   -2.12473e-01     8.70444e-01
   -2.19324e-01     8.70531e-01

   -7.03728e-01    -7.25936e-01
   -7.17667e-01    -7.17667e-01

   -7.17667e-01    -7.17667e-01
   -7.03728e-01    -7.25936e-01

   -7.17667e-01    -7.17667e-01
   -7.17667e-01    -7.17667e-01

   -7.03728e-01    -7.25936e-01
   -7.03728e-01    -7.25936e-01

   -7.03728e-01    -7.25936e-01
   -7.03728e-01    -7.25936e-01

   -7.03728e-01    -7.25936e-01
   -6.93748e-01    -7.31857e-01

   -7.17667e-01    -7.17667e-01
   -7.25936e-01    -7.03728e-01

   -7.17667e-01    -7.17667e-01
   -7.25936e-01    -7.03728e-01

   -7.17667e-01    -7.17667e-01
   -7.17667e-01    -7.17667e-01

   -7.25936e-01    -7.03728e-01
   -7.25936e-01    -7.03728e-01

   -7.25936e-01    -7.03728e-01
   -7.25936e-01    -7.03728e-01

   -7.25936e-01    -7.03728e-01
   -7.31857e-01    -6.93748e-01

    8.70444e-01    -2.12472e-01
    8.77296e-01    -1.88606e-01

    8.77296e-01    -1.88606e-01
    8.77296e-01    -1.88606e-01

    8.77296e-01    -1.88606e-01
    8.77296e-01    -1.88606e-01

    8.92724e-01    -1.25090e-01
    8.77296e-01    -1.88606e-01

   -2.12473e-01     8.70444e-01
   -1.88606e-01     8.77296e-01

   -1.88606e-01     8.77296e-01
   -1.88606e-01     8.77296e-01

   -1.88606e-01     8.77296e-01
   -1.88606e-01     8.77296e-01

   -1.25090e-01     8.92724e-01
   -1.88606e-01     8.77296e-01

   -5.99089e-01    -8.18412e-01
   -5.48310e-01    -8.41397e-01

   -5.48310e-01    -8.41397e-01
   -5.99089e-01    -8.18412e-01

   -5.48310e-01    -8.41397e-01
   -5.48310e-01    -8.41397e-01

   -5.48310e-01    -8.41397e-01
   -5.48310e-01    -8.41397e-01

   -5.99089e-01    -8.18412e-01
   -6.35187e-01    -7.67634e-01

   -5.99089e-01    -8.18412e-01
   -6.35187e-01    -7.67634e-01

   -6.35187e-01    -7.67634e-01
   -6.35187e-01    -7.67634e-01

   -5.48310e-01    -8.41397e-01
   -5.48310e-01    -8.41397e-01

   -5.48310e-01    -8.41397e-01
   -5.48310e-01    -8.41397e-01

   -5.02882e-01    -8.55596e-01
   -4.64839e-01    -8.51105e-01

   -5.02882e-01    -8.55596e-01
   -4.64839e-01    -8.51105e-01

   -4.64839e-01    -8.51105e-01
   -4.64839e-01    -8.51105e-01

   -5.02882e-01    -8.55596e-01
   -5.02882e-01    -8.55596e-01

   -5.02882e-01    -8.55596e-01
   -5.02882e-01    -8.55596e-01

   -5.02882e-01    -8.55596e-01
   -5.29787e-01    -8.58773e-01

   -5.48310e-01    -8.41397e-01
   -5.48310e-01    -8.41397e-01

   -5.48310e-01    -8.41397e-01
   -5.29787e-01    -8.58773e-01

   -6.57972e-01    -7.48632e-01
   -6.57972e-01    -7.48632e-01

   -6.57972e-01    -7.48632e-01
   -6.93748e-01    -7.31857e-01

   -6.57972e-01    -7.48632e-01
   -6.57972e-01    -7.48632e-01

   -7.48632e-01    -6.57972e-01
   -7.48632e-01    -6.57972e-01

   -7.48632e-01    -6.57972e-01
   -7.31857e-01    -6.93748e-01

   -7.48632e-01    -6.57972e-01
   -7.48632e-01    -6.57972e-01

   -6.35187e-01    -7.67634e-01
   -6.35187e-01    -7.67634e-01

   -6.57972e-01    -7.48632e-01
   -6.57972e-01    -7.48632e-01

   -6.50890e-01    -7.60552e-01
   -6.35187e-01    -7.67634e-01

   -6.35187e-01    -7.67634e-01
   -6.50890e-01    -7.60552e-01

   -6.50890e-01    -7.60552e-01
   -6.57972e-01    -7.48632e-01

   -6.50890e-01    -7.60552e-01
   -6.57972e-01    -7.48632e-01

   -8.18412e-01    -5.99089e-01
   -7.67634e-01    -6.35187e-01

   -7.67634e-01    -6.35187e-01
   -8.18412e-01    -5.99089e-01

   -7.67634e-01    -6.35187e-01
   -7.67634e-01    -6.35187e-01

   -8.18412e-01    -5.99089e-01
   -8.41397e-01    -5.48310e-01

   -8.18412e-01    -5.99089e-01
   -8.41397e-01    -5.48310e-01

   -8.41397e-01    -5.48310e-01
   -8.41397e-01    -5.48310e-01

   -8.41397e-01    -5.48310e-01
   -8.41397e-01    -5.48310e-01

   -7.48632e-01    -6.57972e-01
   -7.48632e-01    -6.57972e-01

   -7.67634e-01    -6.35187e-01
   -7.67634e-01    -6.35187e-01

   -7.60552e-01    -6.50890e-01
   -7.48632e-01    -6.57972e-01

   -7.48632e-01    -6.57972e-01
   -7.60552e-01    -6.50890e-01

   -7.60552e-01    -6.50890e-01
   -7.67634e-01    -6.35187e-01

   -7.60552e-01    -6.50890e-01
   -7.67634e-01    -6.35187e-01

   -8.41397e-01    -5.48310e-01
   -8.41397e-01    -5.48310e-01

   -8.41397e-01    -5.48310e-01
   -8.41397e-01    -5.48310e-01

   -8.41397e-01    -5.48310e-01
   -8.41397e-01    -5.48310e-01

   -8.41397e-01    -5.48310e-01
   -8.58773e-01    -5.29787e-01

   -8.51105e-01    -4.64839e-01
   -8.55596e-01    -5.02882e-01

   -8.55596e-01    -5.02882e-01
   -8.51105e-01    -4.64839e-01

   -8.51105e-01    -4.64839e-01
   -8.51105e-01    -4.64839e-01

   -8.55596e-01    -5.02882e-01
   -8.55596e-01    -5.02882e-01

   -8.55596e-01    -5.02882e-01
   -8.55596e-01    -5.02882e-01

   -8.55596e-01    -5.02882e-01
   -8.58773e-01    -5.29787e-01

    8.98351e-01    -1.09662e-01
    8.92724e-01    -1.25090e-01

    8.98351e-01    -1.09662e-01
    8.98351e-01    -1.09662e-01

    8.98351e-01    -1.09662e-01
    8.98351e-01    -1.09662e-01

    8.98351e-01    -1.09662e-01
    8.97115e-01    -8.98427e-02

    8.99475e-01    -6.13609e-02
    8.97115e-01    -8.98427e-02

    8.99475e-01    -6.13609e-02
    9.02474e-01    -2.51781e-02

   -1.25090e-01     8.92724e-01
   -1.09662e-01     8.98351e-01

   -1.09662e-01     8.98351e-01
   -1.09662e-01     8.98351e-01

   -6.13609e-02     8.99475e-01
   -8.98427e-02     8.97115e-01

   -6.13609e-02     8.99475e-01
   -2.51781e-02     9.02474e-01

   -8.98427e-02     8.97115e-01
   -1.09662e-01     8.98351e-01

   -4.64839e-01    -8.51105e-01
   -4.64839e-01    -8.51105e-01

   -4.64839e-01    -8.51105e-01
   -4.64839e-01    -8.51105e-01

   -3.89691e-01    -8.48907e-01
   -3.60780e-01    -8.45501e-01

   -3.89691e-01    -8.48907e-01
   -3.60780e-01    -8.45501e-01

   -3.60780e-01    -8.45501e-01
   -3.60780e-01    -8.45501e-01

   -4.13007e-01    -8.51654e-01
   -3.89691e-01    -8.48907e-01

   -3.89691e-01    -8.48907e-01
   -3.89691e-01    -8.48907e-01

   -3.89691e-01    -8.48907e-01
   -4.13007e-01    -8.51654e-01

   -4.13007e-01    -8.51654e-01
   -4.13007e-01    -8.51654e-01

   -4.13007e-01    -8.51654e-01
   -4.13007e-01    -8.51654e-01

   -8.51105e-01    -4.64839e-01
   -8.51105e-01    -4.64839e-01

   -8.51105e-01    -4.64839e-01
   -8.51105e-01    -4.64839e-01

   -8.51654e-01    -4.13007e-01
   -8.51654e-01    -4.13007e-01

   -8.51654e-01    -4.13007e-01
   -8.51654e-01    -4.13007e-01

   -8.45501e-01    -3.60780e-01
   -8.48908e-01    -3.89691e-01

   -8.48908e-01    -3.89691e-01
   -8.45501e-01    -3.60780e-01

   -8.45501e-01    -3.60780e-01
   -8.45501e-01    -3.60780e-01

   -8.51654e-01    -4.13007e-01
   -8.48908e-01    -3.89691e-01

   -8.48908e-01    -3.89691e-01
   -8.48908e-01    -3.89691e-01

   -8.51654e-01    -4.13007e-01
   -8.48908e-01    -3.89691e-01

    9.08079e-01     0.00000e+00
    9.02474e-01    -2.51781e-02

    9.08079e-01     0.00000e+00
    9.08079e-01     0.00000e+00

    9.08079e-01     0.00000e+00
    9.08079e-01     0.00000e+00

    9.08079e-01     0.00000e+00
    9.02474e-01     2.51781e-02

    8.99475e-01     6.13610e-02
    8.97115e-01     8.98427e-02

    8.99475e-01     6.13610e-02
    9.02474e-01     2.51781e-02

    0.00000e+00     9.08079e-01
   -2.51781e-02     9.02474e-01

    0.00000e+00     9.08079e-01
    0.00000e+00     9.08079e-01

    0.00000e+00     9.08079e-01
    0.00000e+00     9.08079e-01

    6.13609e-02     8.99475e-01
    8.98427e-02     8.97115e-01

    6.13609e-02     8.99475e-01
    2.51781e-02     9.02474e-01

    0.00000e+00     9.08079e-01
    2.51781e-02     9.02474e-01

   -3.60780e-01    -8.45501e-01
   -3.28986e-01    -8.38643e-01

   -3.28986e-01    -8.38643e-01
   -3.60780e-01    -8.45501e-01

   -3.28986e-01    -8.38643e-01
   -3.28986e-01    -8.38643e-01

   -3.28986e-01    -8.38643e-01
   -3.28986e-01    -8.38643e-01

   -2.90431e-01    -8.38740e-01
   -2.51480e-01    -8.54684e-01

   -2.90431e-01    -8.38740e-01
   -2.90431e-01    -8.38740e-01

   -2.51480e-01    -8.54684e-01
   -2.90431e-01    -8.38740e-01

   -2.90431e-01    -8.38740e-01
   -2.90431e-01    -8.38740e-01

   -2.90431e-01    -8.38740e-01
   -2.90431e-01    -8.38740e-01

   -2.35320e-01    -8.61299e-01
   -2.51480e-01    -8.54684e-01

   -2.51480e-01    -8.54684e-01
   -2.51480e-01    -8.54684e-01

   -2.51480e-01    -8.54684e-01
   -2.51480e-01    -8.54684e-01

   -2.35320e-01    -8.61299e-01
   -2.51480e-01    -8.54684e-01

   -3.28986e-01    -8.38643e-01
   -2.90431e-01    -8.38740e-01

   -2.90431e-01    -8.38740e-01
   -3.28986e-01    -8.38643e-01

   -8.45501e-01    -3.60780e-01
   -8.38643e-01    -3.28986e-01

   -8.45501e-01    -3.60780e-01
   -8.38643e-01    -3.28986e-01

   -8.38643e-01    -3.28986e-01
   -8.38643e-01    -3.28986e-01

   -8.38643e-01    -3.28986e-01
   -8.38643e-01    -3.28986e-01

   -8.38643e-01    -3.28986e-01
   -8.38740e-01    -2.90431e-01

   -8.38643e-01    -3.28986e-01
   -8.38740e-01    -2.90431e-01

   -8.54684e-01    -2.51480e-01
   -8.38740e-01    -2.90431e-01

   -8.38740e-01    -2.90431e-01
   -8.38740e-01    -2.90431e-01

   -8.54684e-01    -2.51480e-01
   -8.38740e-01    -2.90431e-01

   -8.38740e-01    -2.90431e-01
   -8.38740e-01    -2.90431e-01

   -8.38740e-01    -2.90431e-01
   -8.38740e-01    -2.90431e-01

   -8.61299e-01    -2.35320e-01
   -8.54684e-01    -2.51480e-01

   -8.54684e-01    -2.51480e-01
   -8.54684e-01    -2.51480e-01

   -8.54684e-01    -2.51480e-01
   -8.54684e-01    -2.51480e-01

   -8.54684e-01    -2.51480e-01
   -8.61299e-01    -2.35320e-01

    8.97115e-01     8.98427e-02
    8.98351e-01     1.09662e-01

    8.77296e-01     1.88606e-01
    8.70444e-01     2.12472e-01

    8.77296e-01     1.88606e-01
    8.77296e-01     1.88606e-01

    8.77296e-01     1.88606e-01
    8.77296e-01     1.88606e-01

    8.70531e-01     2.19324e-01
    8.70444e-01     2.12472e-01

    8.70531e-01     2.19324e-01
    8.70531e-01     2.19324e-01

    8.98351e-01     1.09662e-01
    8.98351e-01     1.09662e-01

    8.77296e-01     1.88606e-01
    8.77296e-01     1.88606e-01

    8.77296e-01     1.88606e-01
    8.77296e-01     1.88606e-01

    8.92724e-01     1.25090e-01
    8.98351e-01     1.09662e-01

    8.77296e-01     1.88606e-01
    8.92724e-01     1.25090e-01

    8.70531e-01     2.19324e-01
    8.61299e-01     2.35320e-01

    2.12473e-01     8.70444e-01
    2.19324e-01     8.70531e-01

    2.12473e-01     8.70444e-01
    1.88606e-01     8.77296e-01

    2.19324e-01     8.70531e-01
    2.19324e-01     8.70531e-01

    2.35320e-01     8.61299e-01
    2.19324e-01     8.70531e-01

    1.09662e-01     8.98351e-01
    8.98427e-02     8.97115e-01

    1.09662e-01     8.98351e-01
    1.09662e-01     8.98351e-01

    1.88606e-01     8.77296e-01
    1.88606e-01     8.77296e-01

    1.88606e-01     8.77296e-01
    1.88606e-01     8.77296e-01

    1.25090e-01     8.92724e-01
    1.88606e-01     8.77296e-01

    1.09662e-01     8.98351e-01
    1.25090e-01     8.92724e-01

   -1.43326e-01    -9.10959e-01
   -1.09662e-01    -9.08978e-01

   -1.66103e-01    -9.09971e-01
   -1.87581e-01    -9.09038e-01

   -1.66103e-01    -9.09971e-01
   -1.43326e-01    -9.10959e-01

   -1.09662e-01    -9.08978e-01
   -1.09662e-01    -9.08978e-01

   -8.05102e-02    -9.06447e-01
   -1.09662e-01    -9.08978e-01

   -9.09971e-01    -1.66103e-01
   -9.09038e-01    -1.87581e-01

   -9.09971e-01    -1.66103e-01
   -9.10959e-01    -1.43326e-01

   -9.08979e-01    -1.09662e-01
   -9.10959e-01    -1.43326e-01

   -9.08979e-01    -1.09662e-01
   -9.08979e-01    -1.09662e-01

   -9.08979e-01    -1.09662e-01
   -9.06447e-01    -8.05103e-02

    9.09895e-01     2.19324e-01
    9.09038e-01     1.87581e-01

    9.09895e-01     2.19324e-01
    9.09895e-01     2.19324e-01

    9.09895e-01     2.19324e-01
    9.09895e-01     2.19324e-01

    9.09895e-01     2.19324e-01
    9.13010e-01     2.55038e-01

    9.10155e-01     2.78537e-01
    9.07723e-01     2.98558e-01

    9.10155e-01     2.78537e-01
    9.13010e-01     2.55038e-01

    2.19324e-01     9.09895e-01
    1.87581e-01     9.09038e-01

    2.19324e-01     9.09895e-01
    2.19324e-01     9.09895e-01

    2.19324e-01     9.09895e-01
    2.19324e-01     9.09895e-01

    2.78537e-01     9.10155e-01
    2.98558e-01     9.07723e-01

    2.78537e-01     9.10155e-01
    2.55038e-01     9.13010e-01

    2.19324e-01     9.09895e-01
    2.55038e-01     9.13010e-01

    0.00000e+00    -9.08079e-01
   -2.96120e-02    -9.06908e-01

    0.00000e+00    -9.08079e-01
    0.00000e+00    -9.08079e-01

   -5.52605e-02    -9.06676e-01
   -8.05102e-02    -9.06447e-01

   -5.52605e-02    -9.06676e-01
   -2.96120e-02    -9.06908e-01

    0.00000e+00    -9.08079e-01
    0.00000e+00    -9.08079e-01

    0.00000e+00    -9.08079e-01
    2.96120e-02    -9.06908e-01

   -9.06676e-01    -5.52605e-02
   -9.06447e-01    -8.05103e-02

   -9.06676e-01    -5.52605e-02
   -9.06908e-01    -2.96120e-02

   -9.08079e-01     0.00000e+00
   -9.06908e-01    -2.96120e-02

   -9.08079e-01     0.00000e+00
   -9.08079e-01     0.00000e+00

   -9.08079e-01     0.00000e+00
   -9.08079e-01     0.00000e+00

   -9.08079e-01     0.00000e+00
   -9.06908e-01     2.96120e-02

    9.05705e-01     3.28986e-01
    9.07723e-01     2.98558e-01

    9.05705e-01     3.28986e-01
    9.05705e-01     3.28986e-01

    9.05705e-01     3.28986e-01
    9.05705e-01     3.28986e-01

    9.05705e-01     3.28986e-01
    9.07615e-01     3.59305e-01

    8.92736e-01     4.10725e-01
    8.87653e-01     4.28291e-01

    8.92736e-01     4.10725e-01
    9.07615e-01     3.59305e-01

    3.28986e-01     9.05705e-01
    2.98558e-01     9.07723e-01

    3.28986e-01     9.05705e-01
    3.28986e-01     9.05705e-01

    3.28986e-01     9.05705e-01
    3.28986e-01     9.05705e-01

    4.10725e-01     8.92736e-01
    4.28291e-01     8.87653e-01

    4.10725e-01     8.92736e-01
    3.59305e-01     9.07615e-01

    3.28986e-01     9.05705e-01
    3.59305e-01     9.07615e-01

    1.09662e-01    -9.08979e-01
    8.05102e-02    -9.06447e-01

    1.09662e-01    -9.08979e-01
    1.09662e-01    -9.08979e-01

    5.52604e-02    -9.06676e-01
    8.05102e-02    -9.06447e-01

    5.52604e-02    -9.06676e-01
    2.96120e-02    -9.06908e-01

    1.09662e-01    -9.08979e-01
    1.43326e-01    -9.10959e-01

   -9.06676e-01     5.52604e-02
   -9.06447e-01     8.05102e-02

   -9.06676e-01     5.52604e-02
   -9.06908e-01     2.96120e-02

   -9.08979e-01     1.09662e-01
   -9.06447e-01     8.05102e-02

   -9.08979e-01     1.09662e-01
   -9.08979e-01     1.09662e-01

   -9.08979e-01     1.09662e-01
   -9.08979e-01     1.09662e-01

   -9.08979e-01     1.09662e-01
   -9.10959e-01     1.43326e-01

    8.84965e-01     4.38648e-01
    8.87653e-01     4.28291e-01

    8.84965e-01     4.38648e-01
    8.84965e-01     4.38648e-01

    8.77296e-01     5.00790e-01
    8.75738e-01     5.46752e-01

    8.77296e-01     5.00790e-01
    8.77296e-01     5.00790e-01

    8.77296e-01     5.00790e-01
    8.77296e-01     5.00790e-01

    8.75900e-01     5.48310e-01
    8.75738e-01     5.46752e-01

    8.75900e-01     5.48310e-01
    8.75900e-01     5.48310e-01

    8.84965e-01     4.38648e-01
    8.84965e-01     4.38648e-01

    8.77296e-01     5.00790e-01
    8.77296e-01     5.00790e-01

    8.77296e-01     5.00790e-01
    8.77296e-01     5.00790e-01

    8.84965e-01     4.38648e-01
    8.85287e-01     4.46640e-01

    8.77296e-01     5.00790e-01
    8.85287e-01     4.46640e-01

    8.75900e-01     5.48310e-01
    8.75900e-01     5.48310e-01

    8.75900e-01     5.48310e-01
    8.76054e-01     5.49552e-01

    5.48310e-01     8.75900e-01
    5.46752e-01     8.75738e-01

    5.48310e-01     8.75900e-01
    5.48310e-01     8.75900e-01

    5.00790e-01     8.77296e-01
    5.46752e-01     8.75738e-01

    5.00790e-01     8.77296e-01
    5.00790e-01     8.77296e-01

    5.00790e-01     8.77296e-01
    5.00790e-01     8.77296e-01

    5.48310e-01     8.75900e-01
    5.48310e-01     8.75900e-01

    5.48310e-01     8.75900e-01
    5.49552e-01     8.76054e-01

    4.38648e-01     8.84965e-01
    4.28291e-01     8.87653e-01

    4.38648e-01     8.84965e-01
    4.38648e-01     8.84965e-01

    5.00790e-01     8.77296e-01
    5.00790e-01     8.77296e-01

    5.00790e-01     8.77296e-01
    5.00790e-01     8.77296e-01

    4.38648e-01     8.84965e-01
    4.38648e-01     8.84965e-01

    5.00790e-01     8.77296e-01
    4.46640e-01     8.85287e-01

    4.38648e-01     8.84965e-01
    4.46640e-01     8.85287e-01

    2.19324e-01    -9.09895e-01
    1.87581e-01    -9.09038e-01

    2.19324e-01    -9.09895e-01
    2.19324e-01    -9.09895e-01

    1.66103e-01    -9.09971e-01
    1.87581e-01    -9.09038e-01

    1.66103e-01    -9.09971e-01
    1.43326e-01    -9.10959e-01

    2.19324e-01    -9.09895e-01
    2.55038e-01    -9.13010e-01

   -9.09971e-01     1.66103e-01
   -9.09038e-01     1.87581e-01

   -9.09971e-01     1.66103e-01
   -9.10959e-01     1.43326e-01

   -9.09895e-01     2.19324e-01
   -9.09038e-01     1.87581e-01

   -9.09895e-01     2.19324e-01
   -9.09895e-01     2.19324e-01

   -9.09895e-01     2.19324e-01
   -9.13010e-01     2.55038e-01

    8.76572e-01     6.26038e-01
    8.76054e-01     5.49552e-01

    8.76572e-01     6.26038e-01
    8.76785e-01     6.57461e-01

    8.76695e-01     6.57972e-01
    8.76785e-01     6.57461e-01

    8.76695e-01     6.57972e-01
    8.76695e-01     6.57972e-01

    8.76695e-01     6.57972e-01
    8.76695e-01     6.57972e-01

    8.76695e-01     6.57972e-01
    8.76634e-01     6.58633e-01

    6.57972e-01     8.76695e-01
    6.57461e-01     8.76785e-01

    6.57972e-01     8.76695e-01
    6.57972e-01     8.76695e-01

    6.26038e-01     8.76572e-01
    5.49552e-01     8.76054e-01

    6.26038e-01     8.76572e-01
    6.57461e-01     8.76785e-01

    6.57972e-01     8.76695e-01
    6.57972e-01     8.76695e-01

    6.57972e-01     8.76695e-01
    6.58633e-01     8.76634e-01

    3.28986e-01    -9.05705e-01
    2.98558e-01    -9.07723e-01

    3.28986e-01    -9.05705e-01
    3.28986e-01    -9.05705e-01

    2.78537e-01    -9.10155e-01
    2.98558e-01    -9.07723e-01

    2.78537e-01    -9.10155e-01
    2.55038e-01    -9.13010e-01

    3.28986e-01    -9.05705e-01
    3.59305e-01    -9.07615e-01

   -9.10155e-01     2.78537e-01
   -9.07723e-01     2.98558e-01

   -9.10155e-01     2.78537e-01
   -9.13010e-01     2.55038e-01

   -9.05705e-01     3.28986e-01
   -9.07723e-01     2.98558e-01

   -9.05705e-01     3.28986e-01
   -9.05705e-01     3.28986e-01

   -9.05705e-01     3.28986e-01
   -9.07615e-01     3.59305e-01

    8.76019e-01     6.61753e-01
    8.58779e-01     7.49117e-01

    8.76019e-01     6.61753e-01
    8.76634e-01     6.58633e-01

    8.43629e-01     7.67634e-01
    8.58779e-01     7.49117e-01

    8.43629e-01     7.67634e-01
    8.43629e-01     7.67634e-01

    7.67634e-01     8.43629e-01
    7.49117e-01     8.58779e-01

    7.67634e-01     8.43629e-01
    7.67634e-01     8.43629e-01

    6.61753e-01     8.76019e-01
    7.49117e-01     8.58779e-01

    6.61753e-01     8.76019e-01
    6.58633e-01     8.76634e-01

    8.43629e-01     7.67634e-01
    8.43629e-01     7.67634e-01

    7.67634e-01     8.43629e-01
    7.67634e-01     8.43629e-01

    8.43629e-01     7.67634e-01
    8.26652e-01     8.18277e-01

    8.26652e-01     8.18277e-01
    8.43629e-01     7.67634e-01

    7.67634e-01     8.43629e-01
    8.18277e-01     8.26652e-01

    7.67634e-01     8.43629e-01
    8.18277e-01     8.26652e-01

    4.38648e-01    -8.84965e-01
    4.28291e-01    -8.87653e-01

    4.38648e-01    -8.84965e-01
    4.38648e-01    -8.84965e-01

    4.10725e-01    -8.92736e-01
    4.28291e-01    -8.87653e-01

    4.10725e-01    -8.92736e-01
    3.59305e-01    -9.07615e-01

    4.38648e-01    -8.84965e-01
    4.46640e-01    -8.85287e-01

   -8.92736e-01     4.10725e-01
   -8.87653e-01     4.28291e-01

   -8.92736e-01     4.10725e-01
   -9.07615e-01     3.59305e-01

   -8.84965e-01     4.38648e-01
   -8.87653e-01     4.28291e-01

   -8.84965e-01     4.38648e-01
   -8.84965e-01     4.38648e-01

   -8.84965e-01     4.38648e-01
   -8.85287e-01     4.46640e-01

    5.00790e-01    -8.77296e-01
    4.46640e-01    -8.85287e-01

    5.00790e-01    -8.77296e-01
    5.00790e-01    -8.77296e-01

    5.00790e-01    -8.77296e-01
    5.00790e-01    -8.77296e-01

    5.00790e-01    -8.77296e-01
    5.00790e-01    -8.77296e-01

    5.00790e-01    -8.77296e-01
    5.00790e-01    -8.77296e-01

    5.00790e-01    -8.77296e-01
    5.46752e-01    -8.75737e-01

   -8.77296e-01     5.00790e-01
   -8.85287e-01     4.46640e-01

   -8.77296e-01     5.00790e-01
   -8.77296e-01     5.00790e-01

   -8.77296e-01     5.00790e-01
   -8.77296e-01     5.00791e-01

   -8.77296e-01     5.00791e-01
   -8.75738e-01     5.46752e-01

    5.48310e-01    -8.75900e-01
    5.46752e-01    -8.75737e-01

    5.48310e-01    -8.75900e-01
    5.48310e-01    -8.75900e-01

    5.48310e-01    -8.75900e-01
    5.48310e-01    -8.75900e-01

    5.49552e-01    -8.76053e-01
    6.26035e-01    -8.76572e-01

    6.57461e-01    -8.76785e-01
    6.26035e-01    -8.76572e-01

    5.48310e-01    -8.75900e-01
    5.49552e-01    -8.76053e-01

   -8.75900e-01     5.48310e-01
   -8.75738e-01     5.46752e-01

   -8.75900e-01     5.48310e-01
   -8.75900e-01     5.48310e-01

   -8.75900e-01     5.48310e-01
   -8.76054e-01     5.49552e-01

   -8.76054e-01     5.49552e-01
   -8.76572e-01     6.26035e-01

   -8.76785e-01     6.57461e-01
   -8.76572e-01     6.26035e-01

    6.57972e-01    -8.76695e-01
    6.57461e-01    -8.76785e-01

    6.57972e-01    -8.76695e-01
    6.57972e-01    -8.76695e-01

    7.49117e-01    -8.58779e-01
    6.61753e-01    -8.76019e-01

    6.58633e-01    -8.76634e-01
    6.61753e-01    -8.76019e-01

    6.57972e-01    -8.76695e-01
    6.58633e-01    -8.76634e-01

   -8.76695e-01     6.57972e-01
   -8.76785e-01     6.57461e-01

   -8.76695e-01     6.57972e-01
   -8.76695e-01     6.57972e-01

   -8.76695e-01     6.57972e-01
   -8.76634e-01     6.58633e-01

   -8.58779e-01     7.49117e-01
   -8.76019e-01     6.61753e-01

   -8.76634e-01     6.58633e-01
   -8.76019e-01     6.61753e-01

    7.67634e-01    -8.43629e-01
    7.49117e-01    -8.58779e-01

    7.67634e-01    -8.43629e-01
    7.67634e-01    -8.43629e-01

    7.67634e-01    -8.43629e-01
    7.67634e-01    -8.43629e-01

    8.18277e-01    -8.26652e-01
    7.67634e-01    -8.43629e-01

    7.67634e-01    -8.43629e-01
    8.18277e-01    -8.26652e-01

   -8.43629e-01     7.67634e-01
   -8.58779e-01     7.49117e-01

   -8.43629e-01     7.67634e-01
   -8.43629e-01     7.67634e-01

   -8.43629e-01     7.67634e-01
   -8.43629e-01     7.67634e-01

   -8.43629e-01     7.67634e-01
   -8.26652e-01     8.18277e-01

   -8.43629e-01     7.67634e-01
   -8.26652e-01     8.18277e-01

    8.43629e-01    -7.67634e-01
    8.26652e-01    -8.18277e-01

    8.43629e-01    -7.67634e-01
    8.26652e-01    -8.18277e-01

    8.43629e-01    -7.67634e-01
    8.43629e-01    -7.67634e-01

    8.43629e-01    -7.67634e-01
    8.43629e-01    -7.67634e-01

    8.43629e-01    -7.67634e-01
    8.58779e-01    -7.49117e-01

   -8.18277e-01     8.26652e-01
   -7.67634e-01     8.43629e-01

   -7.67634e-01     8.43629e-01
   -8.18277e-01     8.26652e-01

   -7.67634e-01     8.43629e-01
   -7.67634e-01     8.43629e-01

   -7.67634e-01     8.43629e-01
   -7.67634e-01     8.43629e-01

   -7.67634e-01     8.43629e-01
   -7.49117e-01     8.58779e-01

    8.76019e-01    -6.61753e-01
    8.58779e-01    -7.49117e-01

    8.76019e-01    -6.61753e-01
    8.76634e-01    -6.58633e-01

    8.76634e-01    -6.58633e-01
    8.76695e-01    -6.57972e-01

    8.76695e-01    -6.57972e-01
    8.76695e-01    -6.57972e-01

    8.76785e-01    -6.57461e-01
    8.76695e-01    -6.57972e-01

   -6.58633e-01     8.76634e-01
   -6.57972e-01     8.76695e-01

   -6.61753e-01     8.76019e-01
   -7.49117e-01     8.58779e-01

   -6.61753e-01     8.76019e-01
   -6.58633e-01     8.76634e-01

   -6.57972e-01     8.76695e-01
   -6.57972e-01     8.76695e-01

   -6.57461e-01     8.76785e-01
   -6.57972e-01     8.76695e-01

    8.76572e-01    -6.26035e-01
    8.76054e-01    -5.49552e-01

    8.76572e-01    -6.26035e-01
    8.76785e-01    -6.57461e-01

    8.76054e-01    -5.49552e-01
    8.75900e-01    -5.48310e-01

    8.75900e-01    -5.48310e-01
    8.75900e-01    -5.48310e-01

    8.75738e-01    -5.46752e-01
    8.75900e-01    -5.48310e-01

   -5.48310e-01     8.75900e-01
   -5.49552e-01     8.76053e-01

   -5.48310e-01     8.75900e-01
   -5.48310e-01     8.75900e-01

   -6.26035e-01     8.76572e-01
   -5.49552e-01     8.76053e-01

   -6.26035e-01     8.76572e-01
   -6.57461e-01     8.76785e-01

   -5.48310e-01     8.75900e-01
   -5.48310e-01     8.75900e-01

   -5.48310e-01     8.75900e-01
   -5.46752e-01     8.75737e-01

    8.75738e-01    -5.46752e-01
    8.77296e-01    -5.00791e-01

    8.77296e-01    -5.00790e-01
    8.77296e-01    -5.00790e-01

    8.77296e-01    -5.00791e-01
    8.77296e-01    -5.00790e-01

    8.85287e-01    -4.46640e-01
    8.77296e-01    -5.00790e-01

   -5.00790e-01     8.77296e-01
   -5.46752e-01     8.75737e-01

   -5.00790e-01     8.77296e-01
   -5.00790e-01     8.77296e-01

   -5.00790e-01     8.77296e-01
   -5.00790e-01     8.77296e-01

   -5.00790e-01     8.77296e-01
   -5.00790e-01     8.77296e-01

   -5.00790e-01     8.77296e-01
   -5.00790e-01     8.77296e-01

   -5.00790e-01     8.77296e-01
   -4.46640e-01     8.85287e-01

    8.85287e-01    -4.46640e-01
    8.84965e-01    -4.38648e-01

    8.84965e-01    -4.38648e-01
    8.84965e-01    -4.38648e-01

    8.87653e-01    -4.28291e-01
    8.84965e-01    -4.38648e-01

    8.92736e-01    -4.10725e-01
    8.87653e-01    -4.28291e-01

    8.92736e-01    -4.10725e-01
    9.07615e-01    -3.59305e-01

   -4.46640e-01     8.85287e-01
   -4.38648e-01     8.84965e-01

   -4.38648e-01     8.84965e-01
   -4.38648e-01     8.84965e-01

   -4.10725e-01     8.92736e-01
   -4.28291e-01     8.87653e-01

   -4.10725e-01     8.92736e-01
   -3.59305e-01     9.07615e-01

   -4.28291e-01     8.87653e-01
   -4.38648e-01     8.84965e-01

   -8.18277e-01    -8.26652e-01
   -7.67634e-01    -8.43629e-01

   -7.67634e-01    -8.43629e-01
   -8.18277e-01    -8.26652e-01

   -7.67634e-01    -8.43629e-01
   -7.67634e-01    -8.43629e-01

   -8.26652e-01    -8.18277e-01
   -8.43629e-01    -7.67634e-01

   -8.26652e-01    -8.18277e-01
   -8.43629e-01    -7.67634e-01

   -8.43629e-01    -7.67634e-01
   -8.43629e-01    -7.67634e-01

   -7.67634e-01    -8.43629e-01
   -7.67634e-01    -8.43629e-01

   -6.61753e-01    -8.76019e-01
   -7.49117e-01    -8.58779e-01

   -6.61753e-01    -8.76019e-01
   -7.49117e-01    -8.58779e-01

   -7.49117e-01    -8.58779e-01
   -7.49117e-01    -8.58779e-01

   -6.58633e-01    -8.76634e-01
   -6.61753e-01    -8.76019e-01

   -7.67634e-01    -8.43629e-01
   -7.49117e-01    -8.58779e-01

   -7.49117e-01    -8.58779e-01
   -7.67634e-01    -8.43629e-01

   -8.43629e-01    -7.67634e-01
   -8.43629e-01    -7.67634e-01

   -8.43629e-01    -7.67634e-01
   -8.58779e-01    -7.49117e-01

   -8.43629e-01    -7.67634e-01
   -8.58779e-01    -7.49117e-01

   -8.58779e-01    -7.49117e-01
   -8.76019e-01    -6.61753e-01

   -8.76019e-01    -6.61753e-01
   -8.58779e-01    -7.49117e-01

   -8.58779e-01    -7.49117e-01
   -8.58779e-01    -7.49117e-01

   -8.76634e-01    -6.58633e-01
   -8.76019e-01    -6.61753e-01

    9.07615e-01    -3.59305e-01
    9.05705e-01    -3.28986e-01

    9.05705e-01    -3.28986e-01
    9.05705e-01    -3.28986e-01

    9.07723e-01    -2.98558e-01
    9.05705e-01    -3.28986e-01

    9.10155e-01    -2.78537e-01
    9.07723e-01    -2.98558e-01

    9.10155e-01    -2.78537e-01
    9.13010e-01    -2.55038e-01

   -3.59305e-01     9.07615e-01
   -3.28986e-01     9.05705e-01

   -3.28986e-01     9.05705e-01
   -3.28986e-01     9.05705e-01

   -2.78537e-01     9.10155e-01
   -2.98558e-01     9.07723e-01

   -2.78537e-01     9.10155e-01
   -2.55038e-01     9.13010e-01

   -2.98558e-01     9.07723e-01
   -3.28986e-01     9.05705e-01

   -6.57972e-01    -8.76695e-01
   -6.58633e-01    -8.76634e-01

   -6.57972e-01    -8.76695e-01
   -6.57972e-01    -8.76695e-01

   -6.57972e-01    -8.76695e-01
   -6.57972e-01    -8.76695e-01

   -6.26041e-01    -8.76572e-01
   -5.49552e-01    -8.76054e-01

   -6.26041e-01    -8.76572e-01
   -5.49552e-01    -8.76054e-01

   -5.49552e-01    -8.76054e-01
   -5.49552e-01    -8.76054e-01

   -6.57461e-01    -8.76785e-01
   -6.26038e-01    -8.76572e-01

   -6.57972e-01    -8.76695e-01
   -6.57461e-01    -8.76785e-01

   -8.76695e-01    -6.57972e-01
   -8.76634e-01    -6.58633e-01

   -8.76695e-01    -6.57972e-01
   -8.76695e-01    -6.57972e-01

   -8.76695e-01    -6.57972e-01
   -8.76695e-01    -6.57972e-01

   -8.76695e-01    -6.57972e-01
   -8.76785e-01    -6.57461e-01

   -8.76054e-01    -5.49552e-01
   -8.76572e-01    -6.26041e-01

   -8.76572e-01    -6.26041e-01
   -8.76054e-01    -5.49552e-01

   -8.76054e-01    -5.49552e-01
   -8.76054e-01    -5.49552e-01

   -8.76785e-01    -6.57461e-01
   -8.76572e-01    -6.26038e-01

    9.13010e-01    -2.55038e-01
    9.09895e-01    -2.19324e-01

    9.09895e-01    -2.19324e-01
    9.09895e-01    -2.19324e-01

    9.09038e-01    -1.87581e-01
    9.09895e-01    -2.19324e-01

    9.09971e-01    -1.66103e-01
    9.09038e-01    -1.87581e-01

    9.09971e-01    -1.66103e-01
    9.10959e-01    -1.43326e-01

   -2.55038e-01     9.13010e-01
   -2.19324e-01     9.09895e-01

   -2.19324e-01     9.09895e-01
   -2.19324e-01     9.09895e-01

   -1.66103e-01     9.09971e-01
   -1.87581e-01     9.09038e-01

   -1.66103e-01     9.09971e-01
   -1.43326e-01     9.10959e-01

   -1.87581e-01     9.09038e-01
   -2.19324e-01     9.09895e-01

   -4.46640e-01    -8.85287e-01
   -4.38648e-01    -8.84965e-01

   -4.38648e-01    -8.84965e-01
   -4.46640e-01    -8.85287e-01

   -4.38648e-01    -8.84965e-01
   -4.38648e-01    -8.84965e-01

   -4.46640e-01    -8.85287e-01
   -5.00790e-01    -8.77296e-01

   -5.00790e-01    -8.77296e-01
   -4.46640e-01    -8.85287e-01

   -5.00790e-01    -8.77296e-01
   -5.00790e-01    -8.77296e-01

   -5.00790e-01    -8.77296e-01
   -5.00790e-01    -8.77296e-01

   -4.38648e-01    -8.84965e-01
   -4.38648e-01    -8.84965e-01

   -4.38648e-01    -8.84965e-01
   -4.28291e-01    -8.87653e-01

   -4.28291e-01    -8.87653e-01
   -4.38648e-01    -8.84965e-01

   -5.49552e-01    -8.76054e-01
   -5.48310e-01    -8.75900e-01

   -5.48310e-01    -8.75900e-01
   -5.49552e-01    -8.76054e-01

   -5.48310e-01    -8.75900e-01
   -5.48310e-01    -8.75900e-01

   -5.00790e-01    -8.77296e-01
   -5.00790e-01    -8.77296e-01

   -5.00790e-01    -8.77296e-01
   -5.00790e-01    -8.77296e-01

   -5.48310e-01    -8.75900e-01
   -5.48310e-01    -8.75900e-01

   -5.46752e-01    -8.75738e-01
   -5.00790e-01    -8.77296e-01

   -5.00790e-01    -8.77296e-01
   -5.46752e-01    -8.75738e-01

   -5.46752e-01    -8.75738e-01
   -5.48310e-01    -8.75900e-01

   -5.48310e-01    -8.75900e-01
   -5.46752e-01    -8.75738e-01

   -8.76054e-01    -5.49552e-01
   -8.75900e-01    -5.48310e-01

   -8.76054e-01    -5.49552e-01
   -8.75900e-01    -5.48310e-01

   -8.75900e-01    -5.48310e-01
   -8.75900e-01    -5.48310e-01

   -8.77296e-01    -5.00790e-01
   -8.85287e-01    -4.46640e-01

   -8.85287e-01    -4.46640e-01
   -8.77296e-01    -5.00790e-01

   -8.77296e-01    -5.00790e-01
   -8.77296e-01    -5.00790e-01

   -8.77296e-01    -5.00790e-01
   -8.77296e-01    -5.00790e-01

   -8.85287e-01    -4.46640e-01
   -8.84965e-01    -4.38648e-01

   -8.85287e-01    -4.46640e-01
   -8.84965e-01    -4.38648e-01

   -8.84965e-01    -4.38648e-01
   -8.84965e-01    -4.38648e-01

   -8.75900e-01    -5.48310e-01
   -8.75900e-01    -5.48310e-01

   -8.77296e-01    -5.00790e-01
   -8.77296e-01    -5.00790e-01

   -8.77296e-01    -5.00790e-01
   -8.77296e-01    -5.00790e-01

   -8.75900e-01    -5.48310e-01
   -8.75738e-01    -5.46752e-01

   -8.75738e-01    -5.46752e-01
   -8.75900e-01    -5.48310e-01

   -8.75738e-01    -5.46752e-01
   -8.77296e-01    -5.00790e-01

   -8.75738e-01    -5.46752e-01
   -8.77296e-01    -5.00790e-01

   -8.84965e-01    -4.38648e-01
   -8.84965e-01    -4.38648e-01

   -8.84965e-01    -4.38648e-01
   -8.87653e-01    -4.28291e-01

   -8.84965e-01    -4.38648e-01
   -8.87653e-01    -4.28291e-01

    9.08979e-01    -1.09662e-01
    9.10959e-01    -1.43326e-01

    9.08979e-01    -1.09662e-01
    9.08979e-01    -1.09662e-01

    9.08979e-01    -1.09662e-01
    9.08979e-01    -1.09662e-01

    9.08979e-01    -1.09662e-01
    9.06447e-01    -8.05102e-02

    9.06676e-01    -5.52604e-02
    9.06447e-01    -8.05102e-02

    9.06676e-01    -5.52604e-02
    9.06908e-01    -2.96120e-02

   -1.43326e-01     9.10959e-01
   -1.09662e-01     9.08979e-01

   -1.09662e-01     9.08979e-01
   -1.09662e-01     9.08979e-01

   -5.52605e-02     9.06676e-01
   -8.05102e-02     9.06447e-01

   -5.52605e-02     9.06676e-01
   -2.96120e-02     9.06908e-01

   -8.05102e-02     9.06447e-01
   -1.09662e-01     9.08979e-01

   -3.28986e-01    -9.05705e-01
   -3.59305e-01    -9.07615e-01

   -3.59305e-01    -9.07615e-01
   -3.28986e-01    -9.05705e-01

   -3.28986e-01    -9.05705e-01
   -3.28986e-01    -9.05705e-01

   -3.28986e-01    -9.05705e-01
   -3.28986e-01    -9.05705e-01

   -4.10725e-01    -8.92736e-01
   -4.28291e-01    -8.87653e-01

   -4.28291e-01    -8.87653e-01
   -4.10725e-01    -8.92736e-01

   -4.10725e-01    -8.92736e-01
   -4.10725e-01    -8.92736e-01

   -3.59305e-01    -9.07615e-01
   -4.10725e-01    -8.92736e-01

   -3.59305e-01    -9.07615e-01
   -3.59305e-01    -9.07615e-01

   -3.59305e-01    -9.07615e-01
   -4.10725e-01    -8.92736e-01

   -3.28986e-01    -9.05705e-01
   -3.28986e-01    -9.05705e-01

   -3.28986e-01    -9.05705e-01
   -3.28986e-01    -9.05705e-01

   -2.98558e-01    -9.07723e-01
   -3.28986e-01    -9.05705e-01

   -2.98558e-01    -9.07723e-01
   -3.28986e-01    -9.05705e-01

   -8.87653e-01    -4.28291e-01
   -8.92736e-01    -4.10725e-01

   -8.87653e-01    -4.28291e-01
   -8.92736e-01    -4.10725e-01

   -8.92736e-01    -4.10725e-01
   -8.92736e-01    -4.10725e-01

   -8.92736e-01    -4.10725e-01
   -9.07615e-01    -3.59305e-01

   -9.07615e-01    -3.59305e-01
   -9.07615e-01    -3.59305e-01

   -8.92736e-01    -4.10725e-01
   -9.07615e-01    -3.59305e-01

   -9.07615e-01    -3.59305e-01
   -9.05705e-01    -3.28986e-01

   -9.07615e-01    -3.59305e-01
   -9.07615e-01    -3.59305e-01

   -9.05705e-01    -3.28986e-01
   -9.07615e-01    -3.59305e-01

   -9.07615e-01    -3.59305e-01
   -9.07615e-01    -3.59305e-01

   -9.05705e-01    -3.28986e-01
   -9.05705e-01    -3.28986e-01

   -9.05705e-01    -3.28986e-01
   -9.05705e-01    -3.28986e-01

   -9.05705e-01    -3.28986e-01
   -9.05705e-01    -3.28986e-01

   -9.05705e-01    -3.28986e-01
   -9.05705e-01    -3.28986e-01

   -9.07723e-01    -2.98558e-01
   -9.05705e-01    -3.28986e-01

   -9.05705e-01    -3.28986e-01
   -9.07723e-01    -2.98558e-01

    9.08079e-01     0.00000e+00
    9.06908e-01    -2.96120e-02

    9.08079e-01     0.00000e+00
    9.08079e-01     0.00000e+00

    9.08079e-01     0.00000e+00
    9.08079e-01     0.00000e+00

    9.08079e-01     0.00000e+00
    9.06908e-01     2.96120e-02

    9.06676e-01     5.52605e-02
    9.06447e-01     8.05103e-02

    9.06676e-01     5.52605e-02
    9.06908e-01     2.96120e-02

    0.00000e+00     9.08079e-01
   -2.96120e-02     9.06908e-01

    0.00000e+00     9.08079e-01
    0.00000e+00     9.08079e-01

    0.00000e+00     9.08079e-01
    0.00000e+00     9.08079e-01

    5.52604e-02     9.06676e-01
    8.05102e-02     9.06447e-01

    5.52604e-02     9.06676e-01
    2.96120e-02     9.06908e-01

    0.00000e+00     9.08079e-01
    2.96120e-02     9.06908e-01

   -2.55038e-01    -9.13010e-01
   -2.19324e-01    -9.09895e-01

   -2.19324e-01    -9.09895e-01
   -2.55038e-01    -9.13010e-01

   -2.19324e-01    -9.09895e-01
   -2.19324e-01    -9.09895e-01

   -2.78537e-01    -9.10155e-01
   -2.98558e-01    -9.07723e-01

   -2.98558e-01    -9.07723e-01
   -2.78537e-01    -9.10155e-01

   -2.78537e-01    -9.10155e-01
   -2.78537e-01    -9.10155e-01

   -2.55038e-01    -9.13010e-01
   -2.78537e-01    -9.10155e-01

   -2.55038e-01    -9.13010e-01
   -2.55038e-01    -9.13010e-01

   -2.55038e-01    -9.13010e-01
   -2.78537e-01    -9.10155e-01

   -2.19324e-01    -9.09895e-01
   -2.19324e-01    -9.09895e-01

   -2.19324e-01    -9.09895e-01
   -2.19324e-01    -9.09895e-01

   -2.19324e-01    -9.09895e-01
   -1.87581e-01    -9.09038e-01

   -9.07723e-01    -2.98558e-01
   -9.10155e-01    -2.78537e-01

   -9.07723e-01    -2.98558e-01
   -9.10155e-01    -2.78537e-01

   -9.10155e-01    -2.78537e-01
   -9.10155e-01    -2.78537e-01

   -9.13010e-01    -2.55038e-01
   -9.10155e-01    -2.78537e-01

   -9.13010e-01    -2.55038e-01
   -9.13010e-01    -2.55038e-01

   -9.10155e-01    -2.78537e-01
   -9.13010e-01    -2.55038e-01

   -9.13010e-01    -2.55038e-01
   -9.09895e-01    -2.19324e-01

   -9.13010e-01    -2.55038e-01
   -9.09895e-01    -2.19324e-01

   -9.09895e-01    -2.19324e-01
   -9.09895e-01    -2.19324e-01

   -9.09895e-01    -2.19324e-01
   -9.09895e-01    -2.19324e-01

   -9.09895e-01    -2.19324e-01
   -9.09038e-01    -1.87581e-01

   -9.09038e-01    -1.87581e-01
   -9.09895e-01    -2.19324e-01

    9.06447e-01     8.05103e-02
    9.08979e-01     1.09662e-01

    9.08979e-01     1.09662e-01
    9.08979e-01     1.09662e-01

    9.10959e-01     1.43326e-01
    9.08979e-01     1.09662e-01

    9.09971e-01     1.66103e-01
    9.09038e-01     1.87581e-01

    9.09971e-01     1.66103e-01
    9.10959e-01     1.43326e-01

    1.09662e-01     9.08978e-01
    8.05102e-02     9.06447e-01

    1.09662e-01     9.08978e-01
    1.09662e-01     9.08978e-01

    1.66103e-01     9.09971e-01
    1.87581e-01     9.09038e-01

    1.66103e-01     9.09971e-01
    1.43326e-01     9.10959e-01

    1.09662e-01     9.08978e-01
    1.43326e-01     9.10959e-01

