   -1.09662e-01    -9.27735e-01
   -1.57019e-01    -9.24652e-01

   -1.09662e-01    -9.27735e-01
   -1.09662e-01    -9.27735e-01

   -1.63102e-01    -9.25854e-01
   -1.57019e-01    -9.24652e-01

   -1.63102e-01    -9.25854e-01
   -1.69502e-01    -9.27118e-01

   -1.09662e-01    -9.27735e-01
   -6.94188e-02    -9.17539e-01

   -9.25854e-01    -1.63102e-01
   -9.24652e-01    -1.57019e-01

   -9.25854e-01    -1.63102e-01
   -9.27118e-01    -1.69502e-01

   -9.27735e-01    -1.09662e-01
   -9.24652e-01    -1.57019e-01

   -9.27735e-01    -1.09662e-01
   -9.27735e-01    -1.09662e-01

   -9.27735e-01    -1.09662e-01
   -9.17539e-01    -6.94188e-02

    9.41710e-01     2.19324e-01
    9.27118e-01     1.69502e-01

    9.41710e-01     2.19324e-01
    9.41710e-01     2.19324e-01

    9.41710e-01     2.19324e-01
    9.41710e-01     2.19324e-01

    9.41710e-01     2.19324e-01
    9.31681e-01     2.73709e-01

    9.31675e-01     2.74161e-01
    9.31668e-01     2.74613e-01

    9.31675e-01     2.74161e-01
    9.31681e-01     2.73709e-01

    2.19324e-01     9.41710e-01
    1.69502e-01     9.27118e-01

    2.19324e-01     9.41710e-01
    2.19324e-01     9.41710e-01

    2.19324e-01     9.41710e-01
    2.19324e-01     9.41710e-01

    2.74161e-01     9.31675e-01
    2.74613e-01     9.31668e-01

    2.74161e-01     9.31675e-01
    2.73709e-01     9.31681e-01

    2.19324e-01     9.41710e-01
    2.73709e-01     9.31681e-01

    0.00000e+00    -9.20597e-01
   -3.76326e-02    -9.14928e-01

    0.00000e+00    -9.20597e-01
    0.00000e+00    -9.20597e-01

   -5.29930e-02    -9.16190e-01
   -3.76326e-02    -9.14928e-01

   -5.29930e-02    -9.16190e-01
   -6.94188e-02    -9.17539e-01

    0.00000e+00    -9.20597e-01
    0.00000e+00    -9.20597e-01

    0.00000e+00    -9.20597e-01
    3.76326e-02    -9.14928e-01

   -9.16190e-01    -5.29930e-02
   -9.14928e-01    -3.76326e-02

   -9.16190e-01    -5.29930e-02
   -9.17539e-01    -6.94188e-02

   -9.20597e-01     0.00000e+00
   -9.14928e-01    -3.76326e-02

   -9.20597e-01     0.00000e+00
   -9.20597e-01     0.00000e+00

   -9.20597e-01     0.00000e+00
   -9.20597e-01     0.00000e+00

   -9.20597e-01     0.00000e+00
   -9.14928e-01     3.76326e-02

    9.33826e-01     3.28986e-01
    9.31668e-01     2.74613e-01

    9.33826e-01     3.28986e-01
    9.33826e-01     3.28986e-01

    9.33826e-01     3.28986e-01
    9.33826e-01     3.28986e-01

    9.33826e-01     3.28986e-01
    9.17896e-01     3.69586e-01

    8.99022e-01     4.09306e-01
    8.92127e-01     4.23816e-01

    8.99022e-01     4.09306e-01
    9.17896e-01     3.69586e-01

    3.28986e-01     9.33826e-01
    2.74613e-01     9.31668e-01

    3.28986e-01     9.33826e-01
    3.28986e-01     9.33826e-01

    3.28986e-01     9.33826e-01
    3.28986e-01     9.33826e-01

    4.09306e-01     8.99022e-01
    4.23816e-01     8.92127e-01

    4.09306e-01     8.99022e-01
    3.69586e-01     9.17896e-01

    3.28986e-01     9.33826e-01
    3.69586e-01     9.17896e-01

    1.09662e-01    -9.27735e-01
    6.94188e-02    -9.17539e-01

    1.09662e-01    -9.27735e-01
    1.09662e-01    -9.27735e-01

    5.29930e-02    -9.16190e-01
    3.76326e-02    -9.14928e-01

    5.29930e-02    -9.16190e-01
    6.94188e-02    -9.17539e-01

    1.09662e-01    -9.27735e-01
    1.57019e-01    -9.24652e-01

   -9.16190e-01     5.29930e-02
   -9.14928e-01     3.76326e-02

   -9.16190e-01     5.29930e-02
   -9.17539e-01     6.94188e-02

   -9.27735e-01     1.09662e-01
   -9.17539e-01     6.94188e-02

   -9.27735e-01     1.09662e-01
   -9.27735e-01     1.09662e-01

   -9.27735e-01     1.09662e-01
   -9.27735e-01     1.09662e-01

   -9.27735e-01     1.09662e-01
   -9.24652e-01     1.57019e-01

    8.85936e-01     4.38648e-01
    8.92127e-01     4.23816e-01

    8.85936e-01     4.38648e-01
    8.85936e-01     4.38648e-01

    8.77296e-01     4.53225e-01
    8.40771e-01     5.11785e-01

    8.77296e-01     4.53225e-01
    8.77296e-01     4.53225e-01

    8.23128e-01     5.48310e-01
    8.40771e-01     5.11785e-01

    8.23128e-01     5.48310e-01
    8.23128e-01     5.48310e-01

    8.23128e-01     5.48310e-01
    8.23128e-01     5.48310e-01

    8.85936e-01     4.38648e-01
    8.85936e-01     4.38648e-01

    8.77296e-01     4.53225e-01
    8.77296e-01     4.53225e-01

    8.85936e-01     4.38648e-01
    8.85378e-01     4.46730e-01

    8.77296e-01     4.53225e-01
    8.85378e-01     4.46730e-01

    7.67634e-01     6.23129e-01
    7.49121e-01     6.39459e-01

    7.67634e-01     6.23129e-01
    7.67634e-01     6.23129e-01

    7.38647e-01     6.57972e-01
    7.49121e-01     6.39459e-01

    7.38647e-01     6.57972e-01
    7.38647e-01     6.57972e-01

    8.23128e-01     5.48310e-01
    8.23128e-01     5.48310e-01

    8.23128e-01     5.48310e-01
    8.23128e-01     5.48310e-01

    7.67634e-01     6.23129e-01
    7.67634e-01     6.23129e-01

    8.23128e-01     5.48310e-01
    8.03763e-01     5.84439e-01

    7.67634e-01     6.23129e-01
    8.03763e-01     5.84439e-01

    6.57972e-01     7.38647e-01
    6.39459e-01     7.49121e-01

    6.57972e-01     7.38647e-01
    6.57972e-01     7.38647e-01

    6.23129e-01     7.67634e-01
    6.39459e-01     7.49121e-01

    6.23129e-01     7.67634e-01
    6.23129e-01     7.67634e-01

    7.38647e-01     6.57972e-01
    7.38647e-01     6.57972e-01

    6.57972e-01     7.38647e-01
    6.57972e-01     7.38647e-01

    7.38647e-01     6.57972e-01
    6.97385e-01     6.97385e-01

    6.57972e-01     7.38647e-01
    6.97385e-01     6.97385e-01

    5.48310e-01     8.23128e-01
    5.11785e-01     8.40771e-01

    5.48310e-01     8.23128e-01
    5.48310e-01     8.23128e-01

    5.48310e-01     8.23128e-01
    5.48310e-01     8.23128e-01

    4.53225e-01     8.77296e-01
    5.11785e-01     8.40771e-01

    4.53225e-01     8.77296e-01
    4.53225e-01     8.77296e-01

    6.23129e-01     7.67634e-01
    6.23129e-01     7.67634e-01

    5.48310e-01     8.23128e-01
    5.48310e-01     8.23128e-01

    5.48310e-01     8.23128e-01
    5.48310e-01     8.23128e-01

    6.23129e-01     7.67634e-01
    5.84439e-01     8.03763e-01

    5.48310e-01     8.23128e-01
    5.84439e-01     8.03763e-01

    4.38648e-01     8.85936e-01
    4.23816e-01     8.92127e-01

    4.38648e-01     8.85936e-01
    4.38648e-01     8.85936e-01

    4.53225e-01     8.77296e-01
    4.53225e-01     8.77296e-01

    4.38648e-01     8.85936e-01
    4.38648e-01     8.85936e-01

    4.53225e-01     8.77296e-01
    4.46730e-01     8.85378e-01

    4.38648e-01     8.85936e-01
    4.46730e-01     8.85378e-01

    2.19324e-01    -9.41710e-01
    1.69502e-01    -9.27118e-01

    2.19324e-01    -9.41710e-01
    2.19324e-01    -9.41710e-01

    1.63102e-01    -9.25854e-01
    1.57019e-01    -9.24652e-01

    1.63102e-01    -9.25854e-01
    1.69502e-01    -9.27118e-01

    2.19324e-01    -9.41710e-01
    2.73709e-01    -9.31681e-01

   -9.25854e-01     1.63102e-01
   -9.24652e-01     1.57019e-01

   -9.25854e-01     1.63102e-01
   -9.27118e-01     1.69502e-01

   -9.41710e-01     2.19324e-01
   -9.27118e-01     1.69502e-01

   -9.41710e-01     2.19324e-01
   -9.41710e-01     2.19324e-01

   -9.41710e-01     2.19324e-01
   -9.31681e-01     2.73709e-01

    3.28986e-01    -9.33826e-01
    2.74613e-01    -9.31668e-01

    3.28986e-01    -9.33826e-01
    3.28986e-01    -9.33826e-01

    2.74161e-01    -9.31675e-01
    2.74613e-01    -9.31668e-01

    2.74161e-01    -9.31675e-01
    2.73709e-01    -9.31681e-01

    3.28986e-01    -9.33826e-01
    3.69586e-01    -9.17896e-01

   -9.31675e-01     2.74161e-01
   -9.31668e-01     2.74613e-01

   -9.31675e-01     2.74161e-01
   -9.31681e-01     2.73709e-01

   -9.33826e-01     3.28986e-01
   -9.31668e-01     2.74613e-01

   -9.33826e-01     3.28986e-01
   -9.33826e-01     3.28986e-01

   -9.33826e-01     3.28986e-01
   -9.17896e-01     3.69586e-01

    4.38648e-01    -8.85936e-01
    4.23816e-01    -8.92127e-01

    4.38648e-01    -8.85936e-01
    4.38648e-01    -8.85936e-01

    4.09306e-01    -8.99022e-01
    4.23816e-01    -8.92127e-01

    4.09306e-01    -8.99022e-01
    3.69586e-01    -9.17896e-01

    4.38648e-01    -8.85936e-01
    4.46730e-01    -8.85378e-01

   -8.99022e-01     4.09306e-01
   -8.92127e-01     4.23816e-01

   -8.99022e-01     4.09306e-01
   -9.17896e-01     3.69586e-01

   -8.85936e-01     4.38648e-01
   -8.92127e-01     4.23816e-01

   -8.85936e-01     4.38648e-01
   -8.85936e-01     4.38648e-01

   -8.85936e-01     4.38648e-01
   -8.85378e-01     4.46730e-01

    4.53225e-01    -8.77296e-01
    4.46730e-01    -8.85378e-01

    4.53225e-01    -8.77296e-01
    4.53225e-01    -8.77296e-01

    4.53225e-01    -8.77296e-01
    4.53225e-01    -8.77296e-01

    4.53225e-01    -8.77296e-01
    5.11785e-01    -8.40771e-01

   -8.77296e-01     4.53225e-01
   -8.85378e-01     4.46730e-01

   -8.77296e-01     4.53225e-01
   -8.77296e-01     4.53225e-01

   -8.77296e-01     4.53225e-01
   -8.40771e-01     5.11785e-01

    5.48310e-01    -8.23128e-01
    5.11785e-01    -8.40771e-01

    5.48310e-01    -8.23128e-01
    5.48310e-01    -8.23128e-01

    5.48310e-01    -8.23128e-01
    5.48310e-01    -8.23128e-01

    5.48310e-01    -8.23128e-01
    5.48310e-01    -8.23128e-01

    5.48310e-01    -8.23128e-01
    5.48310e-01    -8.23128e-01

    5.48310e-01    -8.23128e-01
    5.84439e-01    -8.03763e-01

   -8.23129e-01     5.48310e-01
   -8.40771e-01     5.11785e-01

   -8.23129e-01     5.48310e-01
   -8.23129e-01     5.48310e-01

   -8.23129e-01     5.48310e-01
   -8.23129e-01     5.48310e-01

   -8.23129e-01     5.48310e-01
   -8.03763e-01     5.84439e-01

    6.23129e-01    -7.67634e-01
    5.84439e-01    -8.03763e-01

    6.23129e-01    -7.67634e-01
    6.23129e-01    -7.67634e-01

    6.23129e-01    -7.67634e-01
    6.23129e-01    -7.67634e-01

    6.23129e-01    -7.67634e-01
    6.39459e-01    -7.49121e-01

   -7.67634e-01     6.23129e-01
   -8.03763e-01     5.84439e-01

   -7.67634e-01     6.23129e-01
   -7.67634e-01     6.23129e-01

   -7.67634e-01     6.23129e-01
   -7.67634e-01     6.23129e-01

   -7.67634e-01     6.23129e-01
   -7.49121e-01     6.39459e-01

    6.57972e-01    -7.38647e-01
    6.39459e-01    -7.49121e-01

    6.57972e-01    -7.38647e-01
    6.57972e-01    -7.38647e-01

    6.57972e-01    -7.38647e-01
    6.57972e-01    -7.38647e-01

    6.57972e-01    -7.38647e-01
    6.97385e-01    -6.97385e-01

   -7.38647e-01     6.57972e-01
   -7.49121e-01     6.39459e-01

   -7.38647e-01     6.57972e-01
   -7.38647e-01     6.57972e-01

   -7.38647e-01     6.57972e-01
   -7.38647e-01     6.57972e-01

   -7.38647e-01     6.57972e-01
   -6.97385e-01     6.97385e-01

    7.38647e-01    -6.57972e-01
    6.97385e-01    -6.97385e-01

    7.38647e-01    -6.57972e-01
    7.38647e-01    -6.57972e-01

    7.38647e-01    -6.57972e-01
    7.38647e-01    -6.57972e-01

    7.38647e-01    -6.57972e-01
    7.49121e-01    -6.39459e-01

   -6.57972e-01     7.38647e-01
   -6.97385e-01     6.97385e-01

   -6.57972e-01     7.38647e-01
   -6.57972e-01     7.38647e-01

   -6.57972e-01     7.38647e-01
   -6.57972e-01     7.38647e-01

   -6.57972e-01     7.38647e-01
   -6.39459e-01     7.49121e-01

    7.67634e-01    -6.23129e-01
    7.49121e-01    -6.39459e-01

    7.67634e-01    -6.23129e-01
    7.67634e-01    -6.23129e-01

    7.67634e-01    -6.23129e-01
    7.67634e-01    -6.23129e-01

    7.67634e-01    -6.23129e-01
    8.03763e-01    -5.84439e-01

   -6.23129e-01     7.67634e-01
   -6.39459e-01     7.49121e-01

   -6.23129e-01     7.67634e-01
   -6.23129e-01     7.67634e-01

   -6.23129e-01     7.67634e-01
   -6.23129e-01     7.67634e-01

   -6.23129e-01     7.67634e-01
   -5.84439e-01     8.03763e-01

    8.03763e-01    -5.84439e-01
    8.23129e-01    -5.48310e-01

    8.23129e-01    -5.48310e-01
    8.23129e-01    -5.48310e-01

    8.23129e-01    -5.48310e-01
    8.23129e-01    -5.48310e-01

    8.40771e-01    -5.11785e-01
    8.23129e-01    -5.48310e-01

   -5.48310e-01     8.23128e-01
   -5.84439e-01     8.03763e-01

   -5.48310e-01     8.23128e-01
   -5.48310e-01     8.23128e-01

   -5.48310e-01     8.23128e-01
   -5.48310e-01     8.23128e-01

   -5.48310e-01     8.23128e-01
   -5.48310e-01     8.23128e-01

   -5.48310e-01     8.23128e-01
   -5.48310e-01     8.23128e-01

   -5.48310e-01     8.23128e-01
   -5.11785e-01     8.40771e-01

    8.40771e-01    -5.11785e-01
    8.77296e-01    -4.53225e-01

    8.77296e-01    -4.53225e-01
    8.77296e-01    -4.53225e-01

    8.85378e-01    -4.46730e-01
    8.77296e-01    -4.53225e-01

   -4.53225e-01     8.77296e-01
   -5.11785e-01     8.40771e-01

   -4.53225e-01     8.77296e-01
   -4.53225e-01     8.77296e-01

   -4.53225e-01     8.77296e-01
   -4.53225e-01     8.77296e-01

   -4.53225e-01     8.77296e-01
   -4.46730e-01     8.85378e-01

    8.85378e-01    -4.46730e-01
    8.85936e-01    -4.38648e-01

    8.85936e-01    -4.38648e-01
    8.85936e-01    -4.38648e-01

    8.92127e-01    -4.23816e-01
    8.85936e-01    -4.38648e-01

    8.99022e-01    -4.09306e-01
    8.92127e-01    -4.23816e-01

    8.99022e-01    -4.09306e-01
    9.17896e-01    -3.69586e-01

   -4.46730e-01     8.85378e-01
   -4.38648e-01     8.85936e-01

   -4.38648e-01     8.85936e-01
   -4.38648e-01     8.85936e-01

   -4.09306e-01     8.99022e-01
   -4.23816e-01     8.92127e-01

   -4.09306e-01     8.99022e-01
   -3.69586e-01     9.17896e-01

   -4.23816e-01     8.92127e-01
   -4.38648e-01     8.85936e-01

    9.17896e-01    -3.69586e-01
    9.33826e-01    -3.28986e-01

    9.33826e-01    -3.28986e-01
    9.33826e-01    -3.28986e-01

    9.31668e-01    -2.74613e-01
    9.33826e-01    -3.28986e-01

    9.31675e-01    -2.74161e-01
    9.31668e-01    -2.74613e-01

    9.31675e-01    -2.74161e-01
    9.31681e-01    -2.73709e-01

   -3.69586e-01     9.17896e-01
   -3.28986e-01     9.33826e-01

   -3.28986e-01     9.33826e-01
   -3.28986e-01     9.33826e-01

   -2.74161e-01     9.31675e-01
   -2.74613e-01     9.31668e-01

   -2.74161e-01     9.31675e-01
   -2.73709e-01     9.31681e-01

   -2.74613e-01     9.31668e-01
   -3.28986e-01     9.33826e-01

    9.31681e-01    -2.73709e-01
    9.41710e-01    -2.19324e-01

    9.41710e-01    -2.19324e-01
    9.41710e-01    -2.19324e-01

    9.27118e-01    -1.69502e-01
    9.41710e-01    -2.19324e-01

    9.25854e-01    -1.63102e-01
    9.24652e-01    -1.57019e-01

    9.25854e-01    -1.63102e-01
    9.27118e-01    -1.69502e-01

   -2.73709e-01     9.31681e-01
   -2.19324e-01     9.41710e-01

   -2.19324e-01     9.41710e-01
   -2.19324e-01     9.41710e-01

   -1.63102e-01     9.25854e-01
   -1.57019e-01     9.24652e-01

   -1.63102e-01     9.25854e-01
   -1.69502e-01     9.27118e-01

   -1.69502e-01     9.27118e-01
   -2.19324e-01     9.41710e-01

   -4.46730e-01    -8.85378e-01
   -4.38648e-01    -8.85936e-01

   -4.38648e-01    -8.85936e-01
   -4.46730e-01    -8.85378e-01

   -4.38648e-01    -8.85936e-01
   -4.38648e-01    -8.85936e-01

   -4.46730e-01    -8.85378e-01
   -4.53225e-01    -8.77296e-01

   -4.46730e-01    -8.85378e-01
   -4.53225e-01    -8.77296e-01

   -4.53225e-01    -8.77296e-01
   -4.53225e-01    -8.77296e-01

   -4.38648e-01    -8.85936e-01
   -4.38648e-01    -8.85936e-01

   -4.38648e-01    -8.85936e-01
   -4.23816e-01    -8.92127e-01

   -4.23816e-01    -8.92127e-01
   -4.38648e-01    -8.85936e-01

   -5.48310e-01    -8.23128e-01
   -5.48310e-01    -8.23128e-01

   -5.48310e-01    -8.23128e-01
   -5.84439e-01    -8.03763e-01

   -5.48310e-01    -8.23128e-01
   -5.48310e-01    -8.23128e-01

   -5.48310e-01    -8.23128e-01
   -5.48310e-01    -8.23128e-01

   -6.23129e-01    -7.67634e-01
   -6.23129e-01    -7.67634e-01

   -6.23129e-01    -7.67634e-01
   -5.84439e-01    -8.03763e-01

   -6.23129e-01    -7.67634e-01
   -6.23129e-01    -7.67634e-01

   -4.53225e-01    -8.77296e-01
   -4.53225e-01    -8.77296e-01

   -5.48310e-01    -8.23128e-01
   -5.48310e-01    -8.23128e-01

   -5.48310e-01    -8.23128e-01
   -5.48310e-01    -8.23128e-01

   -5.11785e-01    -8.40771e-01
   -4.53225e-01    -8.77296e-01

   -4.53225e-01    -8.77296e-01
   -5.11785e-01    -8.40771e-01

   -5.48310e-01    -8.23128e-01
   -5.11785e-01    -8.40771e-01

   -5.11785e-01    -8.40771e-01
   -5.48310e-01    -8.23128e-01

   -6.57972e-01    -7.38647e-01
   -6.97385e-01    -6.97385e-01

   -6.57972e-01    -7.38647e-01
   -6.97385e-01    -6.97385e-01

   -6.57972e-01    -7.38647e-01
   -6.57972e-01    -7.38647e-01

   -7.38647e-01    -6.57972e-01
   -6.97385e-01    -6.97385e-01

   -6.97385e-01    -6.97385e-01
   -7.38647e-01    -6.57972e-01

   -7.38647e-01    -6.57972e-01
   -7.38647e-01    -6.57972e-01

   -6.23129e-01    -7.67634e-01
   -6.23129e-01    -7.67634e-01

   -6.57972e-01    -7.38647e-01
   -6.57972e-01    -7.38647e-01

   -6.23129e-01    -7.67634e-01
   -6.39459e-01    -7.49121e-01

   -6.23129e-01    -7.67634e-01
   -6.39459e-01    -7.49121e-01

   -6.57972e-01    -7.38647e-01
   -6.39459e-01    -7.49121e-01

   -6.39459e-01    -7.49121e-01
   -6.57972e-01    -7.38647e-01

   -7.67634e-01    -6.23129e-01
   -7.67634e-01    -6.23129e-01

   -7.67634e-01    -6.23129e-01
   -8.03763e-01    -5.84439e-01

   -7.67634e-01    -6.23129e-01
   -7.67634e-01    -6.23129e-01

   -8.23128e-01    -5.48310e-01
   -8.23128e-01    -5.48310e-01

   -8.23128e-01    -5.48310e-01
   -8.03763e-01    -5.84439e-01

   -8.23128e-01    -5.48310e-01
   -8.23128e-01    -5.48310e-01

   -8.23128e-01    -5.48310e-01
   -8.23128e-01    -5.48310e-01

   -7.38647e-01    -6.57972e-01
   -7.38647e-01    -6.57972e-01

   -7.67634e-01    -6.23129e-01
   -7.67634e-01    -6.23129e-01

   -7.38647e-01    -6.57972e-01
   -7.49121e-01    -6.39459e-01

   -7.38647e-01    -6.57972e-01
   -7.49121e-01    -6.39459e-01

   -7.67634e-01    -6.23129e-01
   -7.49121e-01    -6.39459e-01

   -7.49121e-01    -6.39459e-01
   -7.67634e-01    -6.23129e-01

   -8.85378e-01    -4.46730e-01
   -8.77296e-01    -4.53225e-01

   -8.77296e-01    -4.53225e-01
   -8.85378e-01    -4.46730e-01

   -8.77296e-01    -4.53225e-01
   -8.77296e-01    -4.53225e-01

   -8.85378e-01    -4.46730e-01
   -8.85936e-01    -4.38648e-01

   -8.85378e-01    -4.46730e-01
   -8.85936e-01    -4.38648e-01

   -8.85936e-01    -4.38648e-01
   -8.85936e-01    -4.38648e-01

   -8.23128e-01    -5.48310e-01
   -8.23128e-01    -5.48310e-01

   -8.23128e-01    -5.48310e-01
   -8.23128e-01    -5.48310e-01

   -8.77296e-01    -4.53225e-01
   -8.77296e-01    -4.53225e-01

   -8.23128e-01    -5.48310e-01
   -8.40771e-01    -5.11785e-01

   -8.23128e-01    -5.48310e-01
   -8.40771e-01    -5.11785e-01

   -8.40771e-01    -5.11785e-01
   -8.77296e-01    -4.53225e-01

   -8.40771e-01    -5.11785e-01
   -8.77296e-01    -4.53225e-01

   -8.85936e-01    -4.38648e-01
   -8.85936e-01    -4.38648e-01

   -8.85936e-01    -4.38648e-01
   -8.92127e-01    -4.23816e-01

   -8.85936e-01    -4.38648e-01
   -8.92127e-01    -4.23816e-01

    9.27735e-01    -1.09662e-01
    9.24652e-01    -1.57019e-01

    9.27735e-01    -1.09662e-01
    9.27735e-01    -1.09662e-01

    9.27735e-01    -1.09662e-01
    9.27735e-01    -1.09662e-01

    9.27735e-01    -1.09662e-01
    9.17539e-01    -6.94188e-02

    9.16190e-01    -5.29930e-02
    9.14928e-01    -3.76326e-02

    9.16190e-01    -5.29930e-02
    9.17539e-01    -6.94188e-02

   -1.57019e-01     9.24652e-01
   -1.09662e-01     9.27735e-01

   -1.09662e-01     9.27735e-01
   -1.09662e-01     9.27735e-01

   -5.29930e-02     9.16190e-01
   -3.76326e-02     9.14928e-01

   -5.29930e-02     9.16190e-01
   -6.94188e-02     9.17539e-01

   -6.94188e-02     9.17539e-01
   -1.09662e-01     9.27735e-01

   -3.28986e-01    -9.33826e-01
   -3.69586e-01    -9.17896e-01

   -3.69586e-01    -9.17896e-01
   -3.69586e-01    -9.17896e-01

   -3.69586e-01    -9.17896e-01
   -3.28986e-01    -9.33826e-01

   -3.69586e-01    -9.17896e-01
   -3.69586e-01    -9.17896e-01

   -3.28986e-01    -9.33826e-01
   -3.28986e-01    -9.33826e-01

   -4.09306e-01    -8.99022e-01
   -4.23816e-01    -8.92127e-01

   -4.23816e-01    -8.92127e-01
   -4.09306e-01    -8.99022e-01

   -4.09306e-01    -8.99022e-01
   -4.09306e-01    -8.99022e-01

   -4.09306e-01    -8.99022e-01
   -3.69586e-01    -9.17896e-01

   -3.69586e-01    -9.17896e-01
   -3.69586e-01    -9.17896e-01

   -3.69586e-01    -9.17896e-01
   -4.09306e-01    -8.99022e-01

   -3.28986e-01    -9.33826e-01
   -3.28986e-01    -9.33826e-01

   -2.74613e-01    -9.31668e-01
   -3.28986e-01    -9.33826e-01

   -3.28986e-01    -9.33826e-01
   -2.74613e-01    -9.31668e-01

   -8.92127e-01    -4.23816e-01
   -8.99022e-01    -4.09306e-01

   -8.92127e-01    -4.23816e-01
   -8.99022e-01    -4.09306e-01

   -8.99022e-01    -4.09306e-01
   -8.99022e-01    -4.09306e-01

   -8.99022e-01    -4.09306e-01
   -9.17896e-01    -3.69586e-01

   -9.17896e-01    -3.69586e-01
   -9.17896e-01    -3.69586e-01

   -8.99022e-01    -4.09306e-01
   -9.17896e-01    -3.69586e-01

   -9.17896e-01    -3.69586e-01
   -9.33826e-01    -3.28986e-01

   -9.17896e-01    -3.69586e-01
   -9.17896e-01    -3.69586e-01

   -9.33826e-01    -3.28986e-01
   -9.17896e-01    -3.69586e-01

   -9.17896e-01    -3.69586e-01
   -9.17896e-01    -3.69586e-01

   -9.33826e-01    -3.28986e-01
   -9.33826e-01    -3.28986e-01

   -9.33826e-01    -3.28986e-01
   -9.33826e-01    -3.28986e-01

   -9.33826e-01    -3.28986e-01
   -9.31668e-01    -2.74613e-01

   -9.31668e-01    -2.74613e-01
   -9.33826e-01    -3.28986e-01

    9.20597e-01     0.00000e+00
    9.14928e-01    -3.76326e-02

    9.20597e-01     0.00000e+00
    9.20597e-01     0.00000e+00

    9.20597e-01     0.00000e+00
    9.20597e-01     0.00000e+00

    9.20597e-01     0.00000e+00
    9.14928e-01     3.76326e-02

    9.16190e-01     5.29930e-02
    9.14928e-01     3.76326e-02

    9.16190e-01     5.29930e-02
    9.17539e-01     6.94188e-02

    0.00000e+00     9.20597e-01
   -3.76326e-02     9.14928e-01

    0.00000e+00     9.20597e-01
    0.00000e+00     9.20597e-01

    0.00000e+00     9.20597e-01
    0.00000e+00     9.20597e-01

    5.29930e-02     9.16190e-01
    3.76326e-02     9.14928e-01

    5.29930e-02     9.16190e-01
    6.94188e-02     9.17539e-01

    0.00000e+00     9.20597e-01
    3.76326e-02     9.14928e-01

   -2.73709e-01    -9.31681e-01
   -2.19324e-01    -9.41710e-01

   -2.19324e-01    -9.41710e-01
   -2.73709e-01    -9.31681e-01

   -2.19324e-01    -9.41710e-01
   -2.19324e-01    -9.41710e-01

   -2.74613e-01    -9.31668e-01
   -2.74161e-01    -9.31675e-01

   -2.74613e-01    -9.31668e-01
   -2.74613e-01    -9.31668e-01

   -2.73709e-01    -9.31681e-01
   -2.73709e-01    -9.31681e-01

   -2.73709e-01    -9.31681e-01
   -2.73709e-01    -9.31681e-01

   -2.73709e-01    -9.31681e-01
   -2.74161e-01    -9.31675e-01

   -2.19324e-01    -9.41710e-01
   -2.19324e-01    -9.41710e-01

   -1.69502e-01    -9.27118e-01
   -2.19324e-01    -9.41710e-01

   -2.19324e-01    -9.41710e-01
   -1.69502e-01    -9.27118e-01

   -9.31668e-01    -2.74613e-01
   -9.31675e-01    -2.74161e-01

   -9.31668e-01    -2.74613e-01
   -9.31668e-01    -2.74613e-01

   -9.31681e-01    -2.73709e-01
   -9.31681e-01    -2.73709e-01

   -9.31681e-01    -2.73709e-01
   -9.31681e-01    -2.73709e-01

   -9.31681e-01    -2.73709e-01
   -9.31675e-01    -2.74161e-01

   -9.31681e-01    -2.73709e-01
   -9.41710e-01    -2.19324e-01

   -9.31681e-01    -2.73709e-01
   -9.41710e-01    -2.19324e-01

   -9.41710e-01    -2.19324e-01
   -9.41710e-01    -2.19324e-01

   -9.41710e-01    -2.19324e-01
   -9.41710e-01    -2.19324e-01

   -9.41710e-01    -2.19324e-01
   -9.27118e-01    -1.69502e-01

   -9.27118e-01    -1.69502e-01
   -9.41710e-01    -2.19324e-01

    9.17539e-01     6.94188e-02
    9.27735e-01     1.09662e-01

    9.27735e-01     1.09662e-01
    9.27735e-01     1.09662e-01

    9.24652e-01     1.57019e-01
    9.27735e-01     1.09662e-01

    9.25854e-01     1.63102e-01
    9.24652e-01     1.57019e-01

    9.25854e-01     1.63102e-01
    9.27118e-01     1.69502e-01

    6.94188e-02     9.17539e-01
    1.09662e-01     9.27735e-01

    1.09662e-01     9.27735e-01
    1.09662e-01     9.27735e-01

    1.63102e-01     9.25854e-01
    1.57019e-01     9.24652e-01

    1.63102e-01     9.25854e-01
    1.69502e-01     9.27118e-01

    1.57019e-01     9.24652e-01
    1.09662e-01     9.27735e-01

    0.00000e+00    -1.02746e+00
   -2.76430e-02    -1.01460e+00

    0.00000e+00    -1.02746e+00
    0.00000e+00    -1.02746e+00

   -6.04490e-02    -1.01177e+00
   -8.71571e-02    -1.00946e+00

   -6.04490e-02    -1.01177e+00
   -2.76430e-02    -1.01460e+00

    0.00000e+00    -1.02746e+00
    0.00000e+00    -1.02746e+00

    0.00000e+00    -1.02746e+00
    2.76430e-02    -1.01460e+00

   -1.01177e+00    -6.04490e-02
   -1.00946e+00    -8.71571e-02

   -1.01177e+00    -6.04490e-02
   -1.01460e+00    -2.76430e-02

   -1.02746e+00     0.00000e+00
   -1.01460e+00    -2.76430e-02

   -1.02746e+00     0.00000e+00
   -1.02746e+00     0.00000e+00

   -1.02746e+00     0.00000e+00
   -1.02746e+00     0.00000e+00

   -1.02746e+00     0.00000e+00
   -1.01460e+00     2.76430e-02

    1.01583e+00     1.09662e-01
    1.00946e+00     8.71572e-02

    1.01583e+00     1.09662e-01
    1.01583e+00     1.09662e-01

    9.86958e-01     2.03549e-01
    9.84651e-01     2.17017e-01

    9.86958e-01     2.03549e-01
    9.86958e-01     2.03549e-01

    9.86958e-01     2.03549e-01
    9.86958e-01     2.03549e-01

    9.84672e-01     2.19324e-01
    9.84651e-01     2.17017e-01

    9.84672e-01     2.19324e-01
    9.84672e-01     2.19324e-01

    1.01583e+00     1.09662e-01
    1.01583e+00     1.09662e-01

    9.86958e-01     2.03549e-01
    9.86958e-01     2.03549e-01

    9.86958e-01     2.03549e-01
    9.86958e-01     2.03549e-01

    1.01583e+00     1.09662e-01
    1.00558e+00     1.28288e-01

    9.86958e-01     2.03549e-01
    1.00558e+00     1.28288e-01

    9.84672e-01     2.19324e-01
    9.84672e-01     2.19324e-01

    9.84672e-01     2.19324e-01
    9.83992e-01     2.22290e-01

    2.19324e-01     9.84672e-01
    2.17017e-01     9.84651e-01

    2.19324e-01     9.84672e-01
    2.19324e-01     9.84672e-01

    2.03549e-01     9.86958e-01
    2.17017e-01     9.84651e-01

    2.03549e-01     9.86958e-01
    2.03549e-01     9.86958e-01

    2.03549e-01     9.86958e-01
    2.03549e-01     9.86958e-01

    2.19324e-01     9.84672e-01
    2.19324e-01     9.84672e-01

    2.19324e-01     9.84672e-01
    2.22290e-01     9.83992e-01

    1.09662e-01     1.01583e+00
    8.71572e-02     1.00946e+00

    1.09662e-01     1.01583e+00
    1.09662e-01     1.01583e+00

    2.03549e-01     9.86958e-01
    2.03549e-01     9.86958e-01

    2.03549e-01     9.86958e-01
    2.03549e-01     9.86958e-01

    1.09662e-01     1.01583e+00
    1.09662e-01     1.01583e+00

    2.03549e-01     9.86958e-01
    1.28288e-01     1.00558e+00

    1.09662e-01     1.01583e+00
    1.28288e-01     1.00558e+00

    1.09662e-01    -1.01583e+00
    8.71571e-02    -1.00946e+00

    1.09662e-01    -1.01583e+00
    1.09662e-01    -1.01583e+00

    6.04490e-02    -1.01177e+00
    8.71571e-02    -1.00946e+00

    6.04490e-02    -1.01177e+00
    2.76430e-02    -1.01460e+00

    1.09662e-01    -1.01583e+00
    1.28288e-01    -1.00558e+00

   -1.01177e+00     6.04490e-02
   -1.00946e+00     8.71571e-02

   -1.01177e+00     6.04490e-02
   -1.01460e+00     2.76430e-02

   -1.01583e+00     1.09662e-01
   -1.00946e+00     8.71571e-02

   -1.01583e+00     1.09662e-01
   -1.01583e+00     1.09662e-01

   -1.01583e+00     1.09662e-01
   -1.01583e+00     1.09662e-01

   -1.01583e+00     1.09662e-01
   -1.00558e+00     1.28288e-01

    9.82263e-01     2.42190e-01
    9.75700e-01     3.17728e-01

    9.82263e-01     2.42190e-01
    9.83992e-01     2.22290e-01

    9.76769e-01     3.28986e-01
    9.75700e-01     3.17728e-01

    9.76769e-01     3.28986e-01
    9.76769e-01     3.28986e-01

    9.76769e-01     3.28986e-01
    9.76769e-01     3.28986e-01

    9.76769e-01     3.28986e-01
    9.77907e-01     3.38036e-01

    3.28986e-01     9.76769e-01
    3.17728e-01     9.75700e-01

    3.28986e-01     9.76769e-01
    3.28986e-01     9.76769e-01

    2.42190e-01     9.82263e-01
    3.17728e-01     9.75700e-01

    2.42190e-01     9.82263e-01
    2.22290e-01     9.83992e-01

    3.28986e-01     9.76769e-01
    3.28986e-01     9.76769e-01

    3.28986e-01     9.76769e-01
    3.38036e-01     9.77907e-01

    2.03549e-01    -9.86958e-01
    1.28288e-01    -1.00558e+00

    2.03549e-01    -9.86958e-01
    2.03549e-01    -9.86958e-01

    2.03549e-01    -9.86958e-01
    2.03549e-01    -9.86958e-01

    2.03549e-01    -9.86958e-01
    2.17017e-01    -9.84651e-01

   -9.86958e-01     2.03549e-01
   -1.00558e+00     1.28288e-01

   -9.86958e-01     2.03549e-01
   -9.86958e-01     2.03549e-01

   -9.86958e-01     2.03549e-01
   -9.86958e-01     2.03549e-01

   -9.86958e-01     2.03549e-01
   -9.84651e-01     2.17017e-01

    9.83990e-01     4.20671e-01
    9.77907e-01     3.38036e-01

    9.83990e-01     4.20671e-01
    9.85183e-01     4.36873e-01

    9.85174e-01     4.38648e-01
    9.85183e-01     4.36873e-01

    9.85174e-01     4.38648e-01
    9.85174e-01     4.38648e-01

    9.85174e-01     4.38648e-01
    9.85174e-01     4.38648e-01

    9.85174e-01     4.38648e-01
    9.85509e-01     4.40096e-01

    4.38648e-01     9.85174e-01
    4.36873e-01     9.85183e-01

    4.38648e-01     9.85174e-01
    4.38648e-01     9.85174e-01

    4.20671e-01     9.83990e-01
    3.38036e-01     9.77907e-01

    4.20671e-01     9.83990e-01
    4.36873e-01     9.85183e-01

    4.38648e-01     9.85174e-01
    4.38648e-01     9.85174e-01

    4.38648e-01     9.85174e-01
    4.40096e-01     9.85509e-01

    2.19324e-01    -9.84672e-01
    2.17017e-01    -9.84651e-01

    2.19324e-01    -9.84672e-01
    2.19324e-01    -9.84672e-01

    3.17728e-01    -9.75700e-01
    2.42189e-01    -9.82263e-01

    2.22290e-01    -9.83992e-01
    2.42189e-01    -9.82263e-01

    2.19324e-01    -9.84672e-01
    2.22290e-01    -9.83992e-01

   -9.84672e-01     2.19324e-01
   -9.84651e-01     2.17017e-01

   -9.84672e-01     2.19324e-01
   -9.84672e-01     2.19324e-01

   -9.84672e-01     2.19324e-01
   -9.83992e-01     2.22290e-01

   -9.75700e-01     3.17728e-01
   -9.82263e-01     2.42189e-01

   -9.83992e-01     2.22290e-01
   -9.82263e-01     2.42189e-01

    9.86958e-01     4.61237e-01
    9.85509e-01     4.40096e-01

    9.86958e-01     4.61237e-01
    9.86958e-01     4.61237e-01

    9.86958e-01     4.61237e-01
    9.86958e-01     4.61237e-01

    9.86958e-01     4.61237e-01
    9.86958e-01     4.61237e-01

    9.86958e-01     4.61237e-01
    9.86958e-01     4.61237e-01

    9.86958e-01     4.61237e-01
    9.95550e-01     5.39718e-01

    4.61237e-01     9.86958e-01
    4.40096e-01     9.85509e-01

    4.61237e-01     9.86958e-01
    4.61237e-01     9.86958e-01

    4.61237e-01     9.86958e-01
    4.61237e-01     9.86958e-01

    4.61237e-01     9.86958e-01
    4.61237e-01     9.86958e-01

    4.61237e-01     9.86958e-01
    4.61237e-01     9.86958e-01

    4.61237e-01     9.86958e-01
    5.39718e-01     9.95550e-01

    3.28986e-01    -9.76769e-01
    3.17728e-01    -9.75700e-01

    3.28986e-01    -9.76769e-01
    3.28986e-01    -9.76769e-01

    3.38036e-01    -9.77907e-01
    4.20671e-01    -9.83990e-01

    4.36873e-01    -9.85183e-01
    4.20671e-01    -9.83990e-01

    3.28986e-01    -9.76769e-01
    3.38036e-01    -9.77907e-01

   -9.76769e-01     3.28986e-01
   -9.75700e-01     3.17728e-01

   -9.76769e-01     3.28986e-01
   -9.76769e-01     3.28986e-01

   -9.76769e-01     3.28986e-01
   -9.77907e-01     3.38036e-01

   -9.77907e-01     3.38036e-01
   -9.83990e-01     4.20672e-01

   -9.85183e-01     4.36873e-01
   -9.83990e-01     4.20672e-01

    9.98109e-01     5.48310e-01
    9.95550e-01     5.39718e-01

    9.98109e-01     5.48310e-01
    9.98109e-01     5.48310e-01

    9.98109e-01     5.48310e-01
    9.98109e-01     5.48310e-01

    9.98109e-01     5.48310e-01
    9.95550e-01     5.56902e-01

    9.92705e-01     6.52225e-01
    9.92795e-01     6.49216e-01

    9.93845e-01     6.14020e-01
    9.92871e-01     6.46647e-01

    9.92795e-01     6.49216e-01
    9.92871e-01     6.46647e-01

    9.93845e-01     6.14020e-01
    9.95550e-01     5.56902e-01

    5.48310e-01     9.98109e-01
    5.39718e-01     9.95550e-01

    5.48310e-01     9.98109e-01
    5.48310e-01     9.98109e-01

    5.48310e-01     9.98109e-01
    5.48310e-01     9.98109e-01

    6.52224e-01     9.92705e-01
    6.49216e-01     9.92795e-01

    6.14020e-01     9.93845e-01
    6.46647e-01     9.92871e-01

    6.49216e-01     9.92795e-01
    6.46647e-01     9.92871e-01

    6.14020e-01     9.93845e-01
    5.56902e-01     9.95550e-01

    5.48310e-01     9.98109e-01
    5.56902e-01     9.95550e-01

    5.48310e-01    -9.98109e-01
    5.39718e-01    -9.95550e-01

    5.48310e-01    -9.98109e-01
    5.48310e-01    -9.98109e-01

    4.61237e-01    -9.86958e-01
    5.39718e-01    -9.95550e-01

    4.61237e-01    -9.86958e-01
    4.61237e-01    -9.86958e-01

    4.61237e-01    -9.86958e-01
    4.61237e-01    -9.86958e-01

    5.48310e-01    -9.98109e-01
    5.48310e-01    -9.98109e-01

    5.48310e-01    -9.98109e-01
    5.56902e-01    -9.95550e-01

    4.38648e-01    -9.85174e-01
    4.36873e-01    -9.85183e-01

    4.38648e-01    -9.85174e-01
    4.38648e-01    -9.85174e-01

    4.61237e-01    -9.86958e-01
    4.40096e-01    -9.85509e-01

    4.38648e-01    -9.85174e-01
    4.40096e-01    -9.85509e-01

   -9.85174e-01     4.38648e-01
   -9.85183e-01     4.36873e-01

   -9.85174e-01     4.38648e-01
   -9.85174e-01     4.38648e-01

   -9.86958e-01     4.61237e-01
   -9.95550e-01     5.39718e-01

   -9.86958e-01     4.61237e-01
   -9.86958e-01     4.61237e-01

   -9.86958e-01     4.61237e-01
   -9.86958e-01     4.61237e-01

   -9.98109e-01     5.48310e-01
   -9.95550e-01     5.39718e-01

   -9.98109e-01     5.48310e-01
   -9.98109e-01     5.48310e-01

   -9.85174e-01     4.38648e-01
   -9.85509e-01     4.40096e-01

   -9.86958e-01     4.61237e-01
   -9.85509e-01     4.40096e-01

   -9.98109e-01     5.48310e-01
   -9.95550e-01     5.56902e-01

    6.14019e-01    -9.93845e-01
    6.46647e-01    -9.92871e-01

    6.49216e-01    -9.92795e-01
    6.46647e-01    -9.92871e-01

    6.49216e-01    -9.92795e-01
    6.52224e-01    -9.92705e-01

    6.14019e-01    -9.93845e-01
    5.56902e-01    -9.95550e-01

   -9.93845e-01     6.14019e-01
   -9.92871e-01     6.46647e-01

   -9.92795e-01     6.49216e-01
   -9.92871e-01     6.46647e-01

   -9.92795e-01     6.49216e-01
   -9.92705e-01     6.52224e-01

   -9.93845e-01     6.14019e-01
   -9.95550e-01     5.56902e-01

    9.93845e-01    -6.14019e-01
    9.92871e-01    -6.46647e-01

    9.92795e-01    -6.49216e-01
    9.92871e-01    -6.46647e-01

    9.92795e-01    -6.49216e-01
    9.92705e-01    -6.52224e-01

    9.93845e-01    -6.14019e-01
    9.95550e-01    -5.56902e-01

   -6.14019e-01     9.93845e-01
   -6.46647e-01     9.92871e-01

   -6.49216e-01     9.92795e-01
   -6.46647e-01     9.92871e-01

   -6.49216e-01     9.92795e-01
   -6.52224e-01     9.92705e-01

   -6.14019e-01     9.93845e-01
   -5.56902e-01     9.95550e-01

    9.95550e-01    -5.56902e-01
    9.98109e-01    -5.48310e-01

    9.85509e-01    -4.40096e-01
    9.86958e-01    -4.61237e-01

    9.85509e-01    -4.40096e-01
    9.85174e-01    -4.38648e-01

    9.98109e-01    -5.48310e-01
    9.98109e-01    -5.48310e-01

    9.86958e-01    -4.61237e-01
    9.86958e-01    -4.61237e-01

    9.86958e-01    -4.61237e-01
    9.86958e-01    -4.61237e-01

    9.95550e-01    -5.39718e-01
    9.98109e-01    -5.48310e-01

    9.95550e-01    -5.39718e-01
    9.86958e-01    -4.61237e-01

    9.85174e-01    -4.38648e-01
    9.85174e-01    -4.38648e-01

    9.85183e-01    -4.36873e-01
    9.85174e-01    -4.38648e-01

   -4.40096e-01     9.85509e-01
   -4.38648e-01     9.85174e-01

   -4.40096e-01     9.85509e-01
   -4.61237e-01     9.86958e-01

   -4.38648e-01     9.85174e-01
   -4.38648e-01     9.85174e-01

   -4.36873e-01     9.85183e-01
   -4.38648e-01     9.85174e-01

   -5.48310e-01     9.98109e-01
   -5.56902e-01     9.95550e-01

   -5.48310e-01     9.98109e-01
   -5.48310e-01     9.98109e-01

   -4.61237e-01     9.86958e-01
   -4.61237e-01     9.86958e-01

   -4.61237e-01     9.86958e-01
   -4.61237e-01     9.86958e-01

   -5.48310e-01     9.98109e-01
   -5.48310e-01     9.98109e-01

   -5.39718e-01     9.95550e-01
   -4.61237e-01     9.86958e-01

   -5.48310e-01     9.98109e-01
   -5.39718e-01     9.95550e-01

   -5.56902e-01    -9.95550e-01
   -5.48310e-01    -9.98109e-01

   -5.48310e-01    -9.98109e-01
   -5.56902e-01    -9.95550e-01

   -5.48310e-01    -9.98109e-01
   -5.48310e-01    -9.98109e-01

   -6.14018e-01    -9.93845e-01
   -6.52225e-01    -9.92705e-01

   -6.52225e-01    -9.92705e-01
   -6.14018e-01    -9.93845e-01

   -6.14018e-01    -9.93845e-01
   -6.14018e-01    -9.93845e-01

   -6.14018e-01    -9.93845e-01
   -6.14018e-01    -9.93845e-01

   -5.56902e-01    -9.95550e-01
   -6.14018e-01    -9.93845e-01

   -5.56902e-01    -9.95550e-01
   -5.56902e-01    -9.95550e-01

   -6.14018e-01    -9.93845e-01
   -6.14018e-01    -9.93845e-01

   -5.56902e-01    -9.95550e-01
   -6.14018e-01    -9.93845e-01

   -5.48310e-01    -9.98109e-01
   -5.48310e-01    -9.98109e-01

   -5.39718e-01    -9.95550e-01
   -5.48310e-01    -9.98109e-01

   -5.48310e-01    -9.98109e-01
   -5.39718e-01    -9.95550e-01

   -9.92705e-01    -6.52225e-01
   -9.93845e-01    -6.14018e-01

   -9.92705e-01    -6.52225e-01
   -9.93845e-01    -6.14018e-01

   -9.93845e-01    -6.14018e-01
   -9.93845e-01    -6.14018e-01

   -9.93845e-01    -6.14018e-01
   -9.93845e-01    -6.14018e-01

   -9.93845e-01    -6.14018e-01
   -9.95550e-01    -5.56902e-01

   -9.95550e-01    -5.56902e-01
   -9.95550e-01    -5.56902e-01

   -9.93845e-01    -6.14018e-01
   -9.93845e-01    -6.14018e-01

   -9.93845e-01    -6.14018e-01
   -9.95550e-01    -5.56902e-01

   -9.95550e-01    -5.56902e-01
   -9.98109e-01    -5.48310e-01

   -9.95550e-01    -5.56902e-01
   -9.98109e-01    -5.48310e-01

   -9.98109e-01    -5.48310e-01
   -9.98109e-01    -5.48310e-01

   -9.98109e-01    -5.48310e-01
   -9.98109e-01    -5.48310e-01

   -9.98109e-01    -5.48310e-01
   -9.95550e-01    -5.39718e-01

   -9.95550e-01    -5.39718e-01
   -9.98109e-01    -5.48310e-01

    9.83990e-01    -4.20672e-01
    9.77907e-01    -3.38036e-01

    9.83990e-01    -4.20672e-01
    9.85183e-01    -4.36873e-01

    9.77907e-01    -3.38036e-01
    9.76769e-01    -3.28986e-01

    9.76769e-01    -3.28986e-01
    9.76769e-01    -3.28986e-01

    9.75700e-01    -3.17728e-01
    9.76769e-01    -3.28986e-01

   -3.38036e-01     9.77907e-01
   -3.28986e-01     9.76769e-01

   -4.20671e-01     9.83990e-01
   -3.38036e-01     9.77907e-01

   -4.20671e-01     9.83990e-01
   -4.36873e-01     9.85183e-01

   -3.28986e-01     9.76769e-01
   -3.28986e-01     9.76769e-01

   -3.17728e-01     9.75700e-01
   -3.28986e-01     9.76769e-01

   -5.39718e-01    -9.95550e-01
   -4.61237e-01    -9.86958e-01

   -4.61237e-01    -9.86958e-01
   -5.39718e-01    -9.95550e-01

   -4.61237e-01    -9.86958e-01
   -4.61237e-01    -9.86958e-01

   -4.61237e-01    -9.86958e-01
   -4.61237e-01    -9.86958e-01

   -4.61237e-01    -9.86958e-01
   -4.61237e-01    -9.86958e-01

   -4.61237e-01    -9.86958e-01
   -4.61237e-01    -9.86958e-01

   -4.61237e-01    -9.86958e-01
   -4.61237e-01    -9.86958e-01

   -4.61237e-01    -9.86958e-01
   -4.40096e-01    -9.85509e-01

   -9.95550e-01    -5.39718e-01
   -9.86958e-01    -4.61237e-01

   -9.95550e-01    -5.39718e-01
   -9.86958e-01    -4.61237e-01

   -9.86958e-01    -4.61237e-01
   -9.86958e-01    -4.61237e-01

   -9.86958e-01    -4.61237e-01
   -9.86958e-01    -4.61237e-01

   -9.86958e-01    -4.61237e-01
   -9.86958e-01    -4.61237e-01

   -9.86958e-01    -4.61237e-01
   -9.86958e-01    -4.61237e-01

   -9.86958e-01    -4.61237e-01
   -9.86958e-01    -4.61237e-01

   -9.86958e-01    -4.61237e-01
   -9.85509e-01    -4.40096e-01

    9.82263e-01    -2.42189e-01
    9.75700e-01    -3.17728e-01

    9.82263e-01    -2.42189e-01
    9.83992e-01    -2.22290e-01

    9.83992e-01    -2.22290e-01
    9.84672e-01    -2.19324e-01

    9.84672e-01    -2.19324e-01
    9.84672e-01    -2.19324e-01

    9.84651e-01    -2.17017e-01
    9.84672e-01    -2.19324e-01

   -2.22290e-01     9.83992e-01
   -2.19324e-01     9.84672e-01

   -2.42189e-01     9.82263e-01
   -3.17728e-01     9.75700e-01

   -2.42189e-01     9.82263e-01
   -2.22290e-01     9.83992e-01

   -2.19324e-01     9.84672e-01
   -2.19324e-01     9.84672e-01

   -2.17017e-01     9.84651e-01
   -2.19324e-01     9.84672e-01

   -4.38648e-01    -9.85174e-01
   -4.38648e-01    -9.85174e-01

   -4.38648e-01    -9.85174e-01
   -4.40096e-01    -9.85509e-01

   -4.38648e-01    -9.85174e-01
   -4.38648e-01    -9.85174e-01

   -4.38648e-01    -9.85174e-01
   -4.38648e-01    -9.85174e-01

   -4.20671e-01    -9.83990e-01
   -3.38036e-01    -9.77907e-01

   -4.20671e-01    -9.83990e-01
   -4.20671e-01    -9.83990e-01

   -4.20671e-01    -9.83990e-01
   -3.38036e-01    -9.77907e-01

   -3.38036e-01    -9.77907e-01
   -3.38036e-01    -9.77907e-01

   -4.20671e-01    -9.83990e-01
   -4.36873e-01    -9.85183e-01

   -4.36873e-01    -9.85183e-01
   -4.36873e-01    -9.85183e-01

   -4.20671e-01    -9.83990e-01
   -4.20671e-01    -9.83990e-01

   -4.20671e-01    -9.83990e-01
   -4.20671e-01    -9.83990e-01

   -4.36873e-01    -9.85183e-01
   -4.20671e-01    -9.83990e-01

   -4.36873e-01    -9.85183e-01
   -4.36873e-01    -9.85183e-01

   -4.38648e-01    -9.85174e-01
   -4.36873e-01    -9.85183e-01

   -4.36873e-01    -9.85183e-01
   -4.38648e-01    -9.85174e-01

   -9.85174e-01    -4.38648e-01
   -9.85174e-01    -4.38648e-01

   -9.85174e-01    -4.38648e-01
   -9.85509e-01    -4.40096e-01

   -9.85174e-01    -4.38648e-01
   -9.85174e-01    -4.38648e-01

   -9.85174e-01    -4.38648e-01
   -9.85174e-01    -4.38648e-01

   -9.85174e-01    -4.38648e-01
   -9.85183e-01    -4.36873e-01

   -9.85174e-01    -4.38648e-01
   -9.85183e-01    -4.36873e-01

   -9.77907e-01    -3.38036e-01
   -9.83990e-01    -4.20671e-01

   -9.83990e-01    -4.20671e-01
   -9.83990e-01    -4.20671e-01

   -9.83990e-01    -4.20671e-01
   -9.77907e-01    -3.38036e-01

   -9.77907e-01    -3.38036e-01
   -9.77907e-01    -3.38036e-01

   -9.85183e-01    -4.36873e-01
   -9.83990e-01    -4.20671e-01

   -9.85183e-01    -4.36873e-01
   -9.85183e-01    -4.36873e-01

   -9.83990e-01    -4.20671e-01
   -9.83990e-01    -4.20671e-01

   -9.83990e-01    -4.20671e-01
   -9.83990e-01    -4.20671e-01

   -9.83990e-01    -4.20671e-01
   -9.85183e-01    -4.36873e-01

   -9.85183e-01    -4.36873e-01
   -9.85183e-01    -4.36873e-01

    9.84651e-01    -2.17017e-01
    9.86958e-01    -2.03549e-01

    9.86958e-01    -2.03549e-01
    9.86958e-01    -2.03549e-01

    9.86958e-01    -2.03549e-01
    9.86958e-01    -2.03549e-01

    1.00558e+00    -1.28288e-01
    9.86958e-01    -2.03549e-01

   -2.17017e-01     9.84651e-01
   -2.03549e-01     9.86958e-01

   -2.03549e-01     9.86958e-01
   -2.03549e-01     9.86958e-01

   -2.03549e-01     9.86958e-01
   -2.03549e-01     9.86958e-01

   -1.28288e-01     1.00558e+00
   -2.03549e-01     9.86958e-01

   -3.38036e-01    -9.77907e-01
   -3.28986e-01    -9.76769e-01

   -3.28986e-01    -9.76769e-01
   -3.38036e-01    -9.77907e-01

   -3.28986e-01    -9.76769e-01
   -3.28986e-01    -9.76769e-01

   -3.28986e-01    -9.76769e-01
   -3.28986e-01    -9.76769e-01

   -3.17728e-01    -9.75700e-01
   -2.42190e-01    -9.82263e-01

   -3.17728e-01    -9.75700e-01
   -3.17728e-01    -9.75700e-01

   -3.17728e-01    -9.75700e-01
   -3.17728e-01    -9.75700e-01

   -2.22290e-01    -9.83992e-01
   -2.22290e-01    -9.83992e-01

   -2.42188e-01    -9.82263e-01
   -2.42190e-01    -9.82263e-01

   -2.22290e-01    -9.83992e-01
   -2.42188e-01    -9.82263e-01

   -3.17728e-01    -9.75700e-01
   -3.28986e-01    -9.76769e-01

   -3.28986e-01    -9.76769e-01
   -3.17728e-01    -9.75700e-01

   -9.77907e-01    -3.38036e-01
   -9.76769e-01    -3.28986e-01

   -9.77907e-01    -3.38036e-01
   -9.76769e-01    -3.28986e-01

   -9.76769e-01    -3.28986e-01
   -9.76769e-01    -3.28986e-01

   -9.76769e-01    -3.28986e-01
   -9.76769e-01    -3.28986e-01

   -9.76769e-01    -3.28986e-01
   -9.75700e-01    -3.17728e-01

   -9.75700e-01    -3.17728e-01
   -9.76769e-01    -3.28986e-01

   -9.75700e-01    -3.17728e-01
   -9.82263e-01    -2.42190e-01

   -9.75700e-01    -3.17728e-01
   -9.75700e-01    -3.17728e-01

   -9.75700e-01    -3.17728e-01
   -9.75700e-01    -3.17728e-01

   -9.83992e-01    -2.22290e-01
   -9.83992e-01    -2.22290e-01

   -9.82263e-01    -2.42188e-01
   -9.82263e-01    -2.42190e-01

   -9.83992e-01    -2.22290e-01
   -9.82263e-01    -2.42188e-01

    1.01583e+00    -1.09662e-01
    1.00558e+00    -1.28288e-01

    1.01583e+00    -1.09662e-01
    1.01583e+00    -1.09662e-01

    1.01583e+00    -1.09662e-01
    1.01583e+00    -1.09662e-01

    1.01583e+00    -1.09662e-01
    1.00946e+00    -8.71571e-02

    1.01177e+00    -6.04490e-02
    1.00946e+00    -8.71571e-02

    1.01177e+00    -6.04490e-02
    1.01460e+00    -2.76430e-02

   -1.28288e-01     1.00558e+00
   -1.09662e-01     1.01583e+00

   -1.09662e-01     1.01583e+00
   -1.09662e-01     1.01583e+00

   -6.04490e-02     1.01177e+00
   -8.71571e-02     1.00946e+00

   -6.04490e-02     1.01177e+00
   -2.76430e-02     1.01460e+00

   -8.71571e-02     1.00946e+00
   -1.09662e-01     1.01583e+00

   -1.28288e-01    -1.00558e+00
   -1.09662e-01    -1.01583e+00

   -1.09662e-01    -1.01583e+00
   -1.28288e-01    -1.00558e+00

   -1.09662e-01    -1.01583e+00
   -1.09662e-01    -1.01583e+00

   -1.28288e-01    -1.00558e+00
   -2.03549e-01    -9.86958e-01

   -1.28288e-01    -1.00558e+00
   -2.03549e-01    -9.86958e-01

   -2.03549e-01    -9.86958e-01
   -2.03549e-01    -9.86958e-01

   -2.03549e-01    -9.86958e-01
   -2.03549e-01    -9.86958e-01

   -1.09662e-01    -1.01583e+00
   -1.09662e-01    -1.01583e+00

   -8.71572e-02    -1.00946e+00
   -1.09662e-01    -1.01583e+00

   -1.09662e-01    -1.01583e+00
   -8.71572e-02    -1.00946e+00

   -2.22290e-01    -9.83992e-01
   -2.19324e-01    -9.84672e-01

   -2.19324e-01    -9.84672e-01
   -2.22290e-01    -9.83992e-01

   -2.19324e-01    -9.84672e-01
   -2.19324e-01    -9.84672e-01

   -2.03549e-01    -9.86958e-01
   -2.03549e-01    -9.86958e-01

   -2.03549e-01    -9.86958e-01
   -2.03549e-01    -9.86958e-01

   -2.19324e-01    -9.84672e-01
   -2.19324e-01    -9.84672e-01

   -2.03549e-01    -9.86958e-01
   -2.03549e-01    -9.86958e-01

   -2.03549e-01    -9.86958e-01
   -2.17017e-01    -9.84651e-01

   -2.19324e-01    -9.84672e-01
   -2.19324e-01    -9.84672e-01

   -2.19324e-01    -9.84672e-01
   -2.17017e-01    -9.84651e-01

   -9.83992e-01    -2.22290e-01
   -9.84672e-01    -2.19324e-01

   -9.83992e-01    -2.22290e-01
   -9.84672e-01    -2.19324e-01

   -9.84672e-01    -2.19324e-01
   -9.84672e-01    -2.19324e-01

   -1.00558e+00    -1.28288e-01
   -9.86958e-01    -2.03549e-01

   -9.86958e-01    -2.03549e-01
   -1.00558e+00    -1.28288e-01

   -9.86958e-01    -2.03549e-01
   -9.86958e-01    -2.03549e-01

   -9.86958e-01    -2.03549e-01
   -9.86958e-01    -2.03549e-01

   -1.00558e+00    -1.28288e-01
   -1.01583e+00    -1.09662e-01

   -1.00558e+00    -1.28288e-01
   -1.01583e+00    -1.09662e-01

   -1.01583e+00    -1.09662e-01
   -1.01583e+00    -1.09662e-01

   -9.84672e-01    -2.19324e-01
   -9.84672e-01    -2.19324e-01

   -9.86958e-01    -2.03549e-01
   -9.86958e-01    -2.03549e-01

   -9.86958e-01    -2.03549e-01
   -9.86958e-01    -2.03549e-01

   -9.84672e-01    -2.19324e-01
   -9.84672e-01    -2.19324e-01

   -9.84672e-01    -2.19324e-01
   -9.84651e-01    -2.17017e-01

   -9.86958e-01    -2.03549e-01
   -9.86958e-01    -2.03549e-01

   -9.86958e-01    -2.03549e-01
   -9.84651e-01    -2.17017e-01

   -1.01583e+00    -1.09662e-01
   -1.01583e+00    -1.09662e-01

   -1.01583e+00    -1.09662e-01
   -1.00946e+00    -8.71572e-02

   -1.00946e+00    -8.71572e-02
   -1.01583e+00    -1.09662e-01

    1.02746e+00     0.00000e+00
    1.01460e+00    -2.76430e-02

    1.02746e+00     0.00000e+00
    1.02746e+00     0.00000e+00

    1.02746e+00     0.00000e+00
    1.02746e+00     0.00000e+00

    1.02746e+00     0.00000e+00
    1.01460e+00     2.76430e-02

    1.01177e+00     6.04490e-02
    1.00946e+00     8.71571e-02

    1.01177e+00     6.04490e-02
    1.01460e+00     2.76430e-02

    0.00000e+00     1.02746e+00
   -2.76430e-02     1.01460e+00

    0.00000e+00     1.02746e+00
    0.00000e+00     1.02746e+00

    0.00000e+00     1.02746e+00
    0.00000e+00     1.02746e+00

    6.04490e-02     1.01177e+00
    8.71571e-02     1.00946e+00

    6.04490e-02     1.01177e+00
    2.76430e-02     1.01460e+00

    0.00000e+00     1.02746e+00
    2.76430e-02     1.01460e+00

    0.00000e+00    -1.02747e+00
   -2.86990e-02    -1.01566e+00

    0.00000e+00    -1.02747e+00
    0.00000e+00    -1.02747e+00

   -5.22372e-02    -1.01701e+00
   -2.86990e-02    -1.01566e+00

   -5.22372e-02    -1.01701e+00
   -7.81130e-02    -1.01851e+00

    0.00000e+00    -1.02747e+00
    0.00000e+00    -1.02747e+00

    0.00000e+00    -1.02747e+00
    2.86990e-02    -1.01566e+00

   -1.01701e+00    -5.22372e-02
   -1.01566e+00    -2.86990e-02

   -1.01701e+00    -5.22372e-02
   -1.01851e+00    -7.81130e-02

   -1.02747e+00     0.00000e+00
   -1.01566e+00    -2.86990e-02

   -1.02747e+00     0.00000e+00
   -1.02747e+00     0.00000e+00

   -1.02747e+00     0.00000e+00
   -1.02747e+00     0.00000e+00

   -1.02747e+00     0.00000e+00
   -1.01566e+00     2.86990e-02

    1.03914e+00     1.09662e-01
    1.01851e+00     7.81131e-02

    1.03914e+00     1.09662e-01
    1.03914e+00     1.09662e-01

    1.03914e+00     1.09662e-01
    1.03914e+00     1.09662e-01

    1.03914e+00     1.09662e-01
    1.03130e+00     1.54001e-01

    1.03255e+00     1.62946e-01
    1.03130e+00     1.54001e-01

    1.03255e+00     1.62946e-01
    1.03387e+00     1.72411e-01

    1.09662e-01     1.03914e+00
    7.81131e-02     1.01851e+00

    1.09662e-01     1.03914e+00
    1.09662e-01     1.03914e+00

    1.09662e-01     1.03914e+00
    1.09662e-01     1.03914e+00

    1.62946e-01     1.03255e+00
    1.54001e-01     1.03130e+00

    1.62946e-01     1.03255e+00
    1.72411e-01     1.03387e+00

    1.09662e-01     1.03914e+00
    1.54001e-01     1.03130e+00

    7.81130e-02    -1.01851e+00
    1.09662e-01    -1.03914e+00

    5.22372e-02    -1.01701e+00
    2.86990e-02    -1.01566e+00

    5.22372e-02    -1.01701e+00
    7.81130e-02    -1.01851e+00

    1.09662e-01    -1.03914e+00
    1.09662e-01    -1.03914e+00

    1.54001e-01    -1.03130e+00
    1.09662e-01    -1.03914e+00

   -1.01701e+00     5.22372e-02
   -1.01566e+00     2.86990e-02

   -1.01701e+00     5.22372e-02
   -1.01851e+00     7.81130e-02

   -1.03914e+00     1.09662e-01
   -1.01851e+00     7.81130e-02

   -1.03914e+00     1.09662e-01
   -1.03914e+00     1.09662e-01

   -1.03914e+00     1.09662e-01
   -1.03914e+00     1.09662e-01

   -1.03914e+00     1.09662e-01
   -1.03130e+00     1.54001e-01

    1.07045e+00     2.19324e-01
    1.03387e+00     1.72411e-01

    1.07045e+00     2.19324e-01
    1.07045e+00     2.19324e-01

    1.07045e+00     2.19324e-01
    1.07045e+00     2.19324e-01

    1.07045e+00     2.19324e-01
    1.07045e+00     2.19324e-01

    1.07045e+00     2.19324e-01
    1.07045e+00     2.19324e-01

    1.07045e+00     2.19324e-01
    1.07021e+00     2.45729e-01

    2.19324e-01     1.07045e+00
    1.72411e-01     1.03387e+00

    2.19324e-01     1.07045e+00
    2.19324e-01     1.07045e+00

    2.19324e-01     1.07045e+00
    2.19324e-01     1.07045e+00

    2.19324e-01     1.07045e+00
    2.19324e-01     1.07045e+00

    2.19324e-01     1.07045e+00
    2.19324e-01     1.07045e+00

    2.19324e-01     1.07045e+00
    2.45729e-01     1.07021e+00

    1.72411e-01    -1.03387e+00
    2.19324e-01    -1.07045e+00

    1.62946e-01    -1.03255e+00
    1.54001e-01    -1.03130e+00

    1.62946e-01    -1.03255e+00
    1.72411e-01    -1.03387e+00

    2.19324e-01    -1.07045e+00
    2.19324e-01    -1.07045e+00

    2.19324e-01    -1.07045e+00
    2.19324e-01    -1.07045e+00

    2.86915e-01    -1.09662e+00
    2.45729e-01    -1.07021e+00

    2.45729e-01    -1.07021e+00
    2.19324e-01    -1.07045e+00

   -1.03255e+00     1.62946e-01
   -1.03130e+00     1.54001e-01

   -1.03255e+00     1.62946e-01
   -1.03387e+00     1.72411e-01

   -1.07045e+00     2.19324e-01
   -1.03387e+00     1.72411e-01

   -1.07045e+00     2.19324e-01
   -1.07045e+00     2.19324e-01

   -1.07045e+00     2.19324e-01
   -1.07045e+00     2.19324e-01

    1.09662e+00     2.86915e-01
    1.09662e+00     2.86915e-01

   -1.09662e+00     2.86915e-01
   -1.09662e+00     2.86915e-01

   -1.07045e+00     2.19324e-01
   -1.07021e+00     2.45729e-01

   -1.09662e+00     2.86915e-01
   -1.07021e+00     2.45729e-01

    1.09662e+00     2.86915e-01
    1.07021e+00     2.45729e-01

   -1.09662e+00     2.86915e-01
   -1.09662e+00     2.86915e-01

    1.09662e+00     2.86915e-01
    1.09662e+00     2.86915e-01

    2.86915e-01     1.09662e+00
    2.45729e-01     1.07021e+00

    2.86915e-01    -1.09662e+00
    2.86915e-01    -1.09662e+00

    2.86915e-01     1.09662e+00
    2.86915e-01     1.09662e+00

   -2.86915e-01    -1.09662e+00
   -2.86915e-01    -1.09662e+00

   -2.86915e-01     1.09662e+00
   -2.86915e-01     1.09662e+00

   -2.45729e-01    -1.07021e+00
   -2.86915e-01    -1.09662e+00

   -2.86915e-01    -1.09662e+00
   -2.45729e-01    -1.07021e+00

   -1.09662e+00    -2.86915e-01
   -1.09662e+00    -2.86915e-01

    1.09662e+00    -2.86915e-01
    1.09662e+00    -2.86915e-01

   -1.09662e+00    -2.86915e-01
   -1.07021e+00    -2.45729e-01

   -1.07021e+00    -2.45729e-01
   -1.09662e+00    -2.86915e-01

    1.09662e+00    -2.86915e-01
    1.07021e+00    -2.45729e-01

   -1.09662e+00    -2.86915e-01
   -1.09662e+00    -2.86915e-01

    1.09662e+00    -2.86915e-01
    1.09662e+00    -2.86915e-01

    1.07021e+00    -2.45729e-01
    1.07045e+00    -2.19324e-01

    1.07045e+00    -2.19324e-01
    1.07045e+00    -2.19324e-01

    1.07045e+00    -2.19324e-01
    1.07045e+00    -2.19324e-01

    1.03387e+00    -1.72411e-01
    1.07045e+00    -2.19324e-01

    1.03255e+00    -1.62946e-01
    1.03130e+00    -1.54001e-01

    1.03255e+00    -1.62946e-01
    1.03387e+00    -1.72411e-01

   -2.19324e-01     1.07045e+00
   -2.45729e-01     1.07021e+00

   -2.19324e-01     1.07045e+00
   -2.19324e-01     1.07045e+00

   -2.19324e-01     1.07045e+00
   -2.19324e-01     1.07045e+00

   -2.45729e-01     1.07021e+00
   -2.86915e-01     1.09662e+00

   -1.62946e-01     1.03255e+00
   -1.54001e-01     1.03130e+00

   -1.62946e-01     1.03255e+00
   -1.72411e-01     1.03387e+00

   -2.19324e-01     1.07045e+00
   -1.72411e-01     1.03387e+00

   -2.45729e-01    -1.07021e+00
   -2.19324e-01    -1.07045e+00

   -2.19324e-01    -1.07045e+00
   -2.45729e-01    -1.07021e+00

   -2.19324e-01    -1.07045e+00
   -2.19324e-01    -1.07045e+00

   -2.19324e-01    -1.07045e+00
   -2.19324e-01    -1.07045e+00

   -2.19324e-01    -1.07045e+00
   -2.19324e-01    -1.07045e+00

   -2.19324e-01    -1.07045e+00
   -2.19324e-01    -1.07045e+00

   -1.72411e-01    -1.03387e+00
   -2.19324e-01    -1.07045e+00

   -2.19324e-01    -1.07045e+00
   -1.72411e-01    -1.03387e+00

   -1.07021e+00    -2.45729e-01
   -1.07045e+00    -2.19324e-01

   -1.07021e+00    -2.45729e-01
   -1.07045e+00    -2.19324e-01

   -1.07045e+00    -2.19324e-01
   -1.07045e+00    -2.19324e-01

   -1.07045e+00    -2.19324e-01
   -1.07045e+00    -2.19324e-01

   -1.07045e+00    -2.19324e-01
   -1.07045e+00    -2.19324e-01

   -1.07045e+00    -2.19324e-01
   -1.07045e+00    -2.19324e-01

   -1.07045e+00    -2.19324e-01
   -1.03387e+00    -1.72411e-01

   -1.03387e+00    -1.72411e-01
   -1.07045e+00    -2.19324e-01

    1.03914e+00    -1.09662e-01
    1.03130e+00    -1.54001e-01

    1.03914e+00    -1.09662e-01
    1.03914e+00    -1.09662e-01

    1.03914e+00    -1.09662e-01
    1.03914e+00    -1.09662e-01

    1.03914e+00    -1.09662e-01
    1.01851e+00    -7.81130e-02

    1.01701e+00    -5.22372e-02
    1.01566e+00    -2.86990e-02

    1.01701e+00    -5.22372e-02
    1.01851e+00    -7.81130e-02

   -1.09662e-01     1.03914e+00
   -1.54001e-01     1.03130e+00

   -1.09662e-01     1.03914e+00
   -1.09662e-01     1.03914e+00

   -5.22372e-02     1.01701e+00
   -2.86990e-02     1.01566e+00

   -5.22372e-02     1.01701e+00
   -7.81130e-02     1.01851e+00

   -1.09662e-01     1.03914e+00
   -7.81130e-02     1.01851e+00

   -1.54001e-01    -1.03130e+00
   -1.09662e-01    -1.03914e+00

   -1.09662e-01    -1.03914e+00
   -1.54001e-01    -1.03130e+00

   -1.09662e-01    -1.03914e+00
   -1.09662e-01    -1.03914e+00

   -1.62946e-01    -1.03255e+00
   -1.54001e-01    -1.03130e+00

   -1.54001e-01    -1.03130e+00
   -1.62946e-01    -1.03255e+00

   -1.62946e-01    -1.03255e+00
   -1.62946e-01    -1.03255e+00

   -1.72411e-01    -1.03387e+00
   -1.62946e-01    -1.03255e+00

   -1.72411e-01    -1.03387e+00
   -1.72411e-01    -1.03387e+00

   -1.62946e-01    -1.03255e+00
   -1.72411e-01    -1.03387e+00

   -1.09662e-01    -1.03914e+00
   -1.09662e-01    -1.03914e+00

   -7.81131e-02    -1.01851e+00
   -1.09662e-01    -1.03914e+00

   -7.81131e-02    -1.01851e+00
   -1.09662e-01    -1.03914e+00

   -1.03130e+00    -1.54001e-01
   -1.03255e+00    -1.62946e-01

   -1.03255e+00    -1.62946e-01
   -1.03130e+00    -1.54001e-01

   -1.03255e+00    -1.62946e-01
   -1.03255e+00    -1.62946e-01

   -1.03387e+00    -1.72411e-01
   -1.03255e+00    -1.62946e-01

   -1.03387e+00    -1.72411e-01
   -1.03387e+00    -1.72411e-01

   -1.03387e+00    -1.72411e-01
   -1.03255e+00    -1.62946e-01

   -1.03130e+00    -1.54001e-01
   -1.03914e+00    -1.09662e-01

   -1.03130e+00    -1.54001e-01
   -1.03914e+00    -1.09662e-01

   -1.03914e+00    -1.09662e-01
   -1.03914e+00    -1.09662e-01

   -1.03914e+00    -1.09662e-01
   -1.03914e+00    -1.09662e-01

   -1.03914e+00    -1.09662e-01
   -1.01851e+00    -7.81131e-02

   -1.01851e+00    -7.81131e-02
   -1.03914e+00    -1.09662e-01

    1.02747e+00     0.00000e+00
    1.01566e+00    -2.86990e-02

    1.02747e+00     0.00000e+00
    1.02747e+00     0.00000e+00

    1.02747e+00     0.00000e+00
    1.02747e+00     0.00000e+00

    1.02747e+00     0.00000e+00
    1.01566e+00     2.86990e-02

    1.01701e+00     5.22372e-02
    1.01566e+00     2.86990e-02

    1.01701e+00     5.22372e-02
    1.01851e+00     7.81130e-02

    0.00000e+00     1.02747e+00
   -2.86990e-02     1.01566e+00

    0.00000e+00     1.02747e+00
    0.00000e+00     1.02747e+00

    0.00000e+00     1.02747e+00
    0.00000e+00     1.02747e+00

    5.22372e-02     1.01701e+00
    2.86990e-02     1.01566e+00

    5.22372e-02     1.01701e+00
    7.81130e-02     1.01851e+00

    0.00000e+00     1.02747e+00
    2.86990e-02     1.01566e+00

