   -1.10142e-01    -8.77776e-01
   -1.09662e-01    -8.77802e-01

   -1.12281e-01    -8.78233e-01
   -1.10142e-01    -8.77776e-01

   -1.12281e-01    -8.78233e-01
   -1.99696e-01    -8.96923e-01

   -1.09662e-01    -8.77802e-01
   -1.09662e-01    -8.77802e-01

   -1.09261e-01    -8.77697e-01
   -1.09662e-01    -8.77802e-01

   -8.78233e-01    -1.12281e-01
   -8.77776e-01    -1.10142e-01

   -8.78233e-01    -1.12281e-01
   -8.96923e-01    -1.99696e-01

   -8.77802e-01    -1.09662e-01
   -8.77776e-01    -1.10142e-01

   -8.77802e-01    -1.09662e-01
   -8.77802e-01    -1.09662e-01

   -8.77802e-01    -1.09662e-01
   -8.77697e-01    -1.09261e-01

    9.03065e-01     2.19324e-01
    8.96923e-01     1.99696e-01

    9.03065e-01     2.19324e-01
    9.03065e-01     2.19324e-01

    9.03065e-01     2.19324e-01
    9.03065e-01     2.19324e-01

    9.03065e-01     2.19324e-01
    9.00185e-01     2.42213e-01

    9.01877e-01     2.70100e-01
    9.00185e-01     2.42213e-01

    9.01877e-01     2.70100e-01
    9.03841e-01     3.02441e-01

    2.19324e-01     9.03065e-01
    1.99696e-01     8.96923e-01

    2.19324e-01     9.03065e-01
    2.19324e-01     9.03065e-01

    2.19324e-01     9.03065e-01
    2.19324e-01     9.03065e-01

    2.70100e-01     9.01877e-01
    2.42213e-01     9.00185e-01

    2.70100e-01     9.01877e-01
    3.02441e-01     9.03841e-01

    2.19324e-01     9.03065e-01
    2.42213e-01     9.00185e-01

   -1.09261e-01    -8.77697e-01
   -1.04646e-01    -8.77296e-01

   -1.04646e-01    -8.77296e-01
   -1.04646e-01    -8.77296e-01

   -1.04646e-01    -8.77296e-01
   -1.04646e-01    -8.77296e-01

   -6.14564e-03    -8.71150e-01
   -1.04646e-01    -8.77296e-01

   -8.77296e-01    -1.04646e-01
   -8.77697e-01    -1.09261e-01

   -8.77296e-01    -1.04646e-01
   -8.77296e-01    -1.04646e-01

   -8.77296e-01    -1.04646e-01
   -8.77296e-01    -1.04646e-01

   -8.77296e-01    -1.04646e-01
   -8.77296e-01    -1.04646e-01

   -8.77296e-01    -1.04646e-01
   -8.77296e-01    -1.04646e-01

   -8.77296e-01    -1.04646e-01
   -8.71150e-01    -6.14564e-03

    9.06272e-01     3.28986e-01
    9.03841e-01     3.02441e-01

    9.06272e-01     3.28986e-01
    9.06272e-01     3.28986e-01

    8.77296e-01     3.93602e-01
    8.61980e-01     4.23333e-01

    8.77296e-01     3.93602e-01
    8.77296e-01     3.93602e-01

    8.77296e-01     3.93602e-01
    8.77296e-01     3.93602e-01

    8.58408e-01     4.38648e-01
    8.61980e-01     4.23333e-01

    8.58408e-01     4.38648e-01
    8.58408e-01     4.38648e-01

    8.58408e-01     4.38648e-01
    8.58408e-01     4.38648e-01

    9.06272e-01     3.28986e-01
    9.06272e-01     3.28986e-01

    8.77296e-01     3.93602e-01
    8.77296e-01     3.93602e-01

    8.77296e-01     3.93602e-01
    8.77296e-01     3.93602e-01

    9.06272e-01     3.28986e-01
    8.98342e-01     3.50033e-01

    8.77296e-01     3.93602e-01
    8.98342e-01     3.50033e-01

    8.58408e-01     4.38648e-01
    8.58408e-01     4.38648e-01

    8.58408e-01     4.38648e-01
    8.58408e-01     4.38648e-01

    8.58408e-01     4.38648e-01
    8.21478e-01     4.92493e-01

    8.19855e-01     4.95132e-01
    8.18326e-01     4.97618e-01

    8.19855e-01     4.95132e-01
    8.21478e-01     4.92493e-01

    4.38648e-01     8.58408e-01
    4.23333e-01     8.61980e-01

    4.38648e-01     8.58408e-01
    4.38648e-01     8.58408e-01

    4.38648e-01     8.58408e-01
    4.38648e-01     8.58408e-01

    3.93602e-01     8.77296e-01
    4.23333e-01     8.61980e-01

    3.93602e-01     8.77296e-01
    3.93602e-01     8.77296e-01

    3.93602e-01     8.77296e-01
    3.93602e-01     8.77296e-01

    4.38648e-01     8.58408e-01
    4.38648e-01     8.58408e-01

    4.38648e-01     8.58408e-01
    4.38648e-01     8.58408e-01

    4.95132e-01     8.19855e-01
    4.97618e-01     8.18326e-01

    4.95132e-01     8.19855e-01
    4.92493e-01     8.21478e-01

    4.38648e-01     8.58408e-01
    4.92493e-01     8.21478e-01

    3.28986e-01     9.06272e-01
    3.02441e-01     9.03841e-01

    3.28986e-01     9.06272e-01
    3.28986e-01     9.06272e-01

    3.93602e-01     8.77296e-01
    3.93602e-01     8.77296e-01

    3.93602e-01     8.77296e-01
    3.93602e-01     8.77296e-01

    3.28986e-01     9.06272e-01
    3.28986e-01     9.06272e-01

    3.93602e-01     8.77296e-01
    3.50033e-01     8.98342e-01

    3.28986e-01     9.06272e-01
    3.50033e-01     8.98342e-01

    1.09662e-01    -8.77802e-01
    1.09261e-01    -8.77697e-01

    1.09662e-01    -8.77802e-01
    1.09662e-01    -8.77802e-01

    1.04646e-01    -8.77296e-01
    1.09261e-01    -8.77697e-01

    1.04646e-01    -8.77296e-01
    1.04646e-01    -8.77296e-01

    1.04646e-01    -8.77296e-01
    1.04646e-01    -8.77296e-01

    1.09662e-01    -8.77802e-01
    1.10142e-01    -8.77776e-01

    0.00000e+00    -8.71408e-01
   -6.14564e-03    -8.71150e-01

    0.00000e+00    -8.71408e-01
    0.00000e+00    -8.71408e-01

    0.00000e+00    -8.71408e-01
    0.00000e+00    -8.71408e-01

    1.04646e-01    -8.77296e-01
    6.14564e-03    -8.71150e-01

    0.00000e+00    -8.71408e-01
    6.14564e-03    -8.71150e-01

   -8.71408e-01     0.00000e+00
   -8.71150e-01    -6.14564e-03

   -8.71408e-01     0.00000e+00
   -8.71408e-01     0.00000e+00

   -8.77296e-01     1.04646e-01
   -8.77697e-01     1.09261e-01

   -8.77296e-01     1.04646e-01
   -8.77296e-01     1.04646e-01

   -8.77296e-01     1.04646e-01
   -8.77296e-01     1.04646e-01

   -8.77802e-01     1.09662e-01
   -8.77697e-01     1.09261e-01

   -8.77802e-01     1.09662e-01
   -8.77802e-01     1.09662e-01

   -8.71408e-01     0.00000e+00
   -8.71408e-01     0.00000e+00

   -8.77296e-01     1.04646e-01
   -8.77296e-01     1.04646e-01

   -8.77296e-01     1.04646e-01
   -8.77296e-01     1.04646e-01

   -8.71408e-01     0.00000e+00
   -8.71150e-01     6.14564e-03

   -8.77296e-01     1.04646e-01
   -8.71150e-01     6.14564e-03

   -8.77802e-01     1.09662e-01
   -8.77802e-01     1.09662e-01

   -8.77802e-01     1.09662e-01
   -8.77776e-01     1.10142e-01

    7.91830e-01     5.48310e-01
    8.18326e-01     4.97618e-01

    7.91830e-01     5.48310e-01
    7.91830e-01     5.48310e-01

    7.67634e-01     5.80792e-01
    7.27356e-01     6.17694e-01

    7.67634e-01     5.80792e-01
    7.67634e-01     5.80792e-01

    7.67634e-01     5.80792e-01
    7.67634e-01     5.80792e-01

    7.03328e-01     6.57972e-01
    7.27356e-01     6.17694e-01

    7.03328e-01     6.57972e-01
    7.03328e-01     6.57972e-01

    7.91830e-01     5.48310e-01
    7.91830e-01     5.48310e-01

    7.67634e-01     5.80792e-01
    7.67634e-01     5.80792e-01

    7.67634e-01     5.80792e-01
    7.67634e-01     5.80792e-01

    7.91830e-01     5.48310e-01
    7.83899e-01     5.64575e-01

    7.67634e-01     5.80792e-01
    7.83899e-01     5.64575e-01

    6.57972e-01     7.03328e-01
    6.17694e-01     7.27356e-01

    6.57972e-01     7.03328e-01
    6.57972e-01     7.03328e-01

    5.80792e-01     7.67634e-01
    6.17694e-01     7.27356e-01

    5.80792e-01     7.67634e-01
    5.80792e-01     7.67634e-01

    5.80792e-01     7.67634e-01
    5.80792e-01     7.67634e-01

    7.03328e-01     6.57972e-01
    7.03328e-01     6.57972e-01

    6.57972e-01     7.03328e-01
    6.57972e-01     7.03328e-01

    7.03328e-01     6.57972e-01
    6.80415e-01     6.80415e-01

    6.57972e-01     7.03328e-01
    6.80415e-01     6.80415e-01

    5.48310e-01     7.91830e-01
    4.97618e-01     8.18326e-01

    5.48310e-01     7.91830e-01
    5.48310e-01     7.91830e-01

    5.80792e-01     7.67634e-01
    5.80792e-01     7.67634e-01

    5.80792e-01     7.67634e-01
    5.80792e-01     7.67634e-01

    5.48310e-01     7.91830e-01
    5.48310e-01     7.91830e-01

    5.80792e-01     7.67634e-01
    5.64575e-01     7.83899e-01

    5.48310e-01     7.91830e-01
    5.64575e-01     7.83899e-01

    2.19324e-01    -9.03065e-01
    1.99696e-01    -8.96923e-01

    2.19324e-01    -9.03065e-01
    2.19324e-01    -9.03065e-01

    1.12281e-01    -8.78233e-01
    1.10142e-01    -8.77776e-01

    1.12281e-01    -8.78233e-01
    1.99696e-01    -8.96923e-01

    2.19324e-01    -9.03065e-01
    2.42213e-01    -9.00185e-01

   -8.78233e-01     1.12281e-01
   -8.77776e-01     1.10142e-01

   -8.78233e-01     1.12281e-01
   -8.96923e-01     1.99696e-01

   -9.03065e-01     2.19324e-01
   -8.96923e-01     1.99696e-01

   -9.03065e-01     2.19324e-01
   -9.03065e-01     2.19324e-01

   -9.03065e-01     2.19324e-01
   -9.00185e-01     2.42213e-01

    3.28986e-01    -9.06272e-01
    3.02441e-01    -9.03841e-01

    3.28986e-01    -9.06272e-01
    3.28986e-01    -9.06272e-01

    2.70100e-01    -9.01877e-01
    2.42213e-01    -9.00185e-01

    2.70100e-01    -9.01877e-01
    3.02441e-01    -9.03841e-01

    3.28986e-01    -9.06272e-01
    3.50033e-01    -8.98342e-01

   -9.01877e-01     2.70100e-01
   -9.00185e-01     2.42213e-01

   -9.01877e-01     2.70100e-01
   -9.03841e-01     3.02441e-01

   -9.06272e-01     3.28986e-01
   -9.03841e-01     3.02441e-01

   -9.06272e-01     3.28986e-01
   -9.06272e-01     3.28986e-01

   -9.06272e-01     3.28986e-01
   -8.98342e-01     3.50033e-01

    3.93602e-01    -8.77296e-01
    3.50033e-01    -8.98342e-01

    3.93602e-01    -8.77296e-01
    3.93602e-01    -8.77296e-01

    3.93602e-01    -8.77296e-01
    3.93602e-01    -8.77296e-01

    3.93602e-01    -8.77296e-01
    4.23332e-01    -8.61980e-01

   -8.77296e-01     3.93602e-01
   -8.98342e-01     3.50033e-01

   -8.77296e-01     3.93602e-01
   -8.77296e-01     3.93602e-01

   -8.77296e-01     3.93602e-01
   -8.77296e-01     3.93602e-01

   -8.77296e-01     3.93602e-01
   -8.61980e-01     4.23332e-01

    4.38648e-01    -8.58408e-01
    4.23332e-01    -8.61980e-01

    4.38648e-01    -8.58408e-01
    4.38648e-01    -8.58408e-01

    4.38648e-01    -8.58408e-01
    4.38648e-01    -8.58408e-01

    4.38648e-01    -8.58408e-01
    4.38648e-01    -8.58408e-01

    4.38648e-01    -8.58408e-01
    4.38648e-01    -8.58408e-01

    4.38648e-01    -8.58408e-01
    4.92492e-01    -8.21478e-01

   -8.58408e-01     4.38648e-01
   -8.61980e-01     4.23332e-01

   -8.58408e-01     4.38648e-01
   -8.58408e-01     4.38648e-01

   -8.58408e-01     4.38648e-01
   -8.58408e-01     4.38648e-01

   -8.58408e-01     4.38648e-01
   -8.58408e-01     4.38648e-01

   -8.58408e-01     4.38648e-01
   -8.58408e-01     4.38648e-01

   -8.58408e-01     4.38648e-01
   -8.21478e-01     4.92492e-01

    5.48310e-01    -7.91830e-01
    4.97618e-01    -8.18326e-01

    5.48310e-01    -7.91830e-01
    5.48310e-01    -7.91830e-01

    4.95132e-01    -8.19855e-01
    4.97618e-01    -8.18326e-01

    4.95132e-01    -8.19855e-01
    4.92492e-01    -8.21478e-01

    5.48310e-01    -7.91830e-01
    5.48310e-01    -7.91830e-01

    5.48310e-01    -7.91830e-01
    5.64575e-01    -7.83899e-01

   -8.19855e-01     4.95132e-01
   -8.18326e-01     4.97618e-01

   -8.19855e-01     4.95132e-01
   -8.21478e-01     4.92492e-01

   -7.91830e-01     5.48310e-01
   -8.18326e-01     4.97618e-01

   -7.91830e-01     5.48310e-01
   -7.91830e-01     5.48310e-01

   -7.91830e-01     5.48310e-01
   -7.83899e-01     5.64575e-01

    5.80792e-01    -7.67634e-01
    5.64575e-01    -7.83899e-01

    5.80792e-01    -7.67634e-01
    5.80792e-01    -7.67634e-01

    5.80792e-01    -7.67634e-01
    5.80792e-01    -7.67634e-01

    5.80792e-01    -7.67634e-01
    5.80792e-01    -7.67634e-01

    5.80792e-01    -7.67634e-01
    5.80792e-01    -7.67634e-01

    5.80792e-01    -7.67634e-01
    6.17694e-01    -7.27356e-01

   -7.67634e-01     5.80792e-01
   -7.83899e-01     5.64575e-01

   -7.67634e-01     5.80792e-01
   -7.67634e-01     5.80792e-01

   -7.67634e-01     5.80792e-01
   -7.67634e-01     5.80792e-01

   -7.67634e-01     5.80792e-01
   -7.67634e-01     5.80792e-01

   -7.67634e-01     5.80792e-01
   -7.67634e-01     5.80792e-01

   -7.67634e-01     5.80792e-01
   -7.27356e-01     6.17694e-01

    6.57972e-01    -7.03328e-01
    6.17694e-01    -7.27356e-01

    6.57972e-01    -7.03328e-01
    6.57972e-01    -7.03328e-01

    6.57972e-01    -7.03328e-01
    6.57972e-01    -7.03328e-01

    6.57972e-01    -7.03328e-01
    6.80415e-01    -6.80415e-01

   -7.03328e-01     6.57972e-01
   -7.27356e-01     6.17694e-01

   -7.03328e-01     6.57972e-01
   -7.03328e-01     6.57972e-01

   -7.03328e-01     6.57972e-01
   -7.03328e-01     6.57972e-01

   -7.03328e-01     6.57972e-01
   -6.80415e-01     6.80415e-01

    7.03328e-01    -6.57972e-01
    6.80415e-01    -6.80415e-01

    7.03328e-01    -6.57972e-01
    7.03328e-01    -6.57972e-01

    7.03328e-01    -6.57972e-01
    7.03328e-01    -6.57972e-01

    7.03328e-01    -6.57972e-01
    7.27356e-01    -6.17694e-01

   -6.57972e-01     7.03328e-01
   -6.80415e-01     6.80415e-01

   -6.57972e-01     7.03328e-01
   -6.57972e-01     7.03328e-01

   -6.57972e-01     7.03328e-01
   -6.57972e-01     7.03328e-01

   -6.57972e-01     7.03328e-01
   -6.17694e-01     7.27356e-01

    7.67634e-01    -5.80792e-01
    7.27356e-01    -6.17694e-01

    7.67634e-01    -5.80792e-01
    7.67634e-01    -5.80792e-01

    7.67634e-01    -5.80792e-01
    7.67634e-01    -5.80792e-01

    7.67634e-01    -5.80792e-01
    7.67634e-01    -5.80792e-01

    7.67634e-01    -5.80792e-01
    7.67634e-01    -5.80792e-01

    7.67634e-01    -5.80792e-01
    7.83899e-01    -5.64575e-01

   -5.80792e-01     7.67634e-01
   -6.17694e-01     7.27356e-01

   -5.80792e-01     7.67634e-01
   -5.80792e-01     7.67634e-01

   -5.80792e-01     7.67634e-01
   -5.80792e-01     7.67634e-01

   -5.80792e-01     7.67634e-01
   -5.80792e-01     7.67634e-01

   -5.80792e-01     7.67634e-01
   -5.80792e-01     7.67634e-01

   -5.80792e-01     7.67634e-01
   -5.64575e-01     7.83899e-01

    7.83899e-01    -5.64575e-01
    7.91830e-01    -5.48310e-01

    7.91830e-01    -5.48310e-01
    7.91830e-01    -5.48310e-01

    8.18326e-01    -4.97618e-01
    7.91830e-01    -5.48310e-01

    8.19855e-01    -4.95132e-01
    8.18326e-01    -4.97618e-01

    8.19855e-01    -4.95132e-01
    8.21478e-01    -4.92492e-01

   -5.48310e-01     7.91830e-01
   -5.64575e-01     7.83899e-01

   -5.48310e-01     7.91830e-01
   -5.48310e-01     7.91830e-01

   -5.48310e-01     7.91830e-01
   -5.48310e-01     7.91830e-01

   -4.95132e-01     8.19855e-01
   -4.97618e-01     8.18326e-01

   -4.95132e-01     8.19855e-01
   -4.92492e-01     8.21478e-01

   -5.48310e-01     7.91830e-01
   -4.97618e-01     8.18326e-01

    8.58408e-01    -4.38648e-01
    8.21478e-01    -4.92492e-01

    8.58408e-01    -4.38648e-01
    8.58408e-01    -4.38648e-01

    8.58408e-01    -4.38648e-01
    8.58408e-01    -4.38648e-01

    8.58408e-01    -4.38648e-01
    8.58408e-01    -4.38648e-01

    8.58408e-01    -4.38648e-01
    8.58408e-01    -4.38648e-01

    8.58408e-01    -4.38648e-01
    8.61980e-01    -4.23332e-01

   -4.38648e-01     8.58408e-01
   -4.92492e-01     8.21478e-01

   -4.38648e-01     8.58408e-01
   -4.38648e-01     8.58408e-01

   -4.38648e-01     8.58408e-01
   -4.38648e-01     8.58408e-01

   -4.38648e-01     8.58408e-01
   -4.38648e-01     8.58408e-01

   -4.38648e-01     8.58408e-01
   -4.38648e-01     8.58408e-01

   -4.38648e-01     8.58408e-01
   -4.23332e-01     8.61980e-01

    8.61980e-01    -4.23332e-01
    8.77296e-01    -3.93602e-01

    8.77296e-01    -3.93602e-01
    8.77296e-01    -3.93602e-01

    8.77296e-01    -3.93602e-01
    8.77296e-01    -3.93602e-01

    8.98342e-01    -3.50033e-01
    8.77296e-01    -3.93602e-01

   -4.23332e-01     8.61980e-01
   -3.93602e-01     8.77296e-01

   -3.93602e-01     8.77296e-01
   -3.93602e-01     8.77296e-01

   -3.93602e-01     8.77296e-01
   -3.93602e-01     8.77296e-01

   -3.50033e-01     8.98342e-01
   -3.93602e-01     8.77296e-01

    8.98342e-01    -3.50033e-01
    9.06272e-01    -3.28986e-01

    9.06272e-01    -3.28986e-01
    9.06272e-01    -3.28986e-01

    9.03841e-01    -3.02441e-01
    9.06272e-01    -3.28986e-01

    9.01877e-01    -2.70100e-01
    9.00185e-01    -2.42213e-01

    9.01877e-01    -2.70100e-01
    9.03841e-01    -3.02441e-01

   -3.50033e-01     8.98342e-01
   -3.28986e-01     9.06272e-01

   -3.28986e-01     9.06272e-01
   -3.28986e-01     9.06272e-01

   -2.70100e-01     9.01877e-01
   -2.42213e-01     9.00185e-01

   -2.70100e-01     9.01877e-01
   -3.02441e-01     9.03841e-01

   -3.02441e-01     9.03841e-01
   -3.28986e-01     9.06272e-01

    9.00185e-01    -2.42213e-01
    9.03065e-01    -2.19324e-01

    9.03065e-01    -2.19324e-01
    9.03065e-01    -2.19324e-01

    8.96923e-01    -1.99696e-01
    9.03065e-01    -2.19324e-01

    8.78233e-01    -1.12281e-01
    8.77776e-01    -1.10142e-01

    8.78233e-01    -1.12281e-01
    8.96923e-01    -1.99696e-01

   -2.42213e-01     9.00185e-01
   -2.19324e-01     9.03065e-01

   -2.19324e-01     9.03065e-01
   -2.19324e-01     9.03065e-01

   -1.12281e-01     8.78233e-01
   -1.10142e-01     8.77776e-01

   -1.12281e-01     8.78233e-01
   -1.99696e-01     8.96923e-01

   -1.99696e-01     8.96923e-01
   -2.19324e-01     9.03065e-01

   -5.64575e-01    -7.83899e-01
   -5.48310e-01    -7.91830e-01

   -5.48310e-01    -7.91830e-01
   -5.64575e-01    -7.83899e-01

   -5.48310e-01    -7.91830e-01
   -5.48310e-01    -7.91830e-01

   -5.64575e-01    -7.83899e-01
   -5.80792e-01    -7.67634e-01

   -5.64575e-01    -7.83899e-01
   -5.80792e-01    -7.67634e-01

   -5.80792e-01    -7.67634e-01
   -5.80792e-01    -7.67634e-01

   -5.80792e-01    -7.67634e-01
   -5.80792e-01    -7.67634e-01

   -5.48310e-01    -7.91830e-01
   -5.48310e-01    -7.91830e-01

   -5.48310e-01    -7.91830e-01
   -4.97618e-01    -8.18326e-01

   -4.97618e-01    -8.18326e-01
   -5.48310e-01    -7.91830e-01

   -6.57972e-01    -7.03328e-01
   -6.80415e-01    -6.80415e-01

   -6.57972e-01    -7.03328e-01
   -6.80415e-01    -6.80415e-01

   -6.57972e-01    -7.03328e-01
   -6.57972e-01    -7.03328e-01

   -7.03328e-01    -6.57972e-01
   -6.80415e-01    -6.80415e-01

   -6.80415e-01    -6.80415e-01
   -7.03328e-01    -6.57972e-01

   -7.03328e-01    -6.57972e-01
   -7.03328e-01    -6.57972e-01

   -5.80792e-01    -7.67634e-01
   -5.80792e-01    -7.67634e-01

   -5.80792e-01    -7.67634e-01
   -5.80792e-01    -7.67634e-01

   -6.57972e-01    -7.03328e-01
   -6.57972e-01    -7.03328e-01

   -5.80792e-01    -7.67634e-01
   -6.17694e-01    -7.27356e-01

   -5.80792e-01    -7.67634e-01
   -6.17694e-01    -7.27356e-01

   -6.57972e-01    -7.03328e-01
   -6.17694e-01    -7.27356e-01

   -6.17694e-01    -7.27356e-01
   -6.57972e-01    -7.03328e-01

   -7.83899e-01    -5.64575e-01
   -7.67634e-01    -5.80792e-01

   -7.67634e-01    -5.80792e-01
   -7.83899e-01    -5.64575e-01

   -7.67634e-01    -5.80792e-01
   -7.67634e-01    -5.80792e-01

   -7.67634e-01    -5.80792e-01
   -7.67634e-01    -5.80792e-01

   -7.83899e-01    -5.64575e-01
   -7.91830e-01    -5.48310e-01

   -7.83899e-01    -5.64575e-01
   -7.91830e-01    -5.48310e-01

   -7.91830e-01    -5.48310e-01
   -7.91830e-01    -5.48310e-01

   -7.03328e-01    -6.57972e-01
   -7.03328e-01    -6.57972e-01

   -7.67634e-01    -5.80792e-01
   -7.67634e-01    -5.80792e-01

   -7.67634e-01    -5.80792e-01
   -7.67634e-01    -5.80792e-01

   -7.03328e-01    -6.57972e-01
   -7.27356e-01    -6.17694e-01

   -7.03328e-01    -6.57972e-01
   -7.27356e-01    -6.17694e-01

   -7.67634e-01    -5.80792e-01
   -7.27356e-01    -6.17694e-01

   -7.27356e-01    -6.17694e-01
   -7.67634e-01    -5.80792e-01

   -7.91830e-01    -5.48310e-01
   -7.91830e-01    -5.48310e-01

   -7.91830e-01    -5.48310e-01
   -8.18326e-01    -4.97618e-01

   -7.91830e-01    -5.48310e-01
   -8.18326e-01    -4.97618e-01

    8.77802e-01    -1.09662e-01
    8.77776e-01    -1.10142e-01

    8.77802e-01    -1.09662e-01
    8.77802e-01    -1.09662e-01

    8.77296e-01    -1.04646e-01
    8.71150e-01    -6.14564e-03

    8.77296e-01    -1.04646e-01
    8.77296e-01    -1.04646e-01

    8.77296e-01    -1.04646e-01
    8.77296e-01    -1.04646e-01

    8.71408e-01     0.00000e+00
    8.71150e-01    -6.14564e-03

    8.71408e-01     0.00000e+00
    8.71408e-01     0.00000e+00

    8.77802e-01    -1.09662e-01
    8.77802e-01    -1.09662e-01

    8.77296e-01    -1.04646e-01
    8.77296e-01    -1.04646e-01

    8.77296e-01    -1.04646e-01
    8.77296e-01    -1.04646e-01

    8.77802e-01    -1.09662e-01
    8.77697e-01    -1.09261e-01

    8.77296e-01    -1.04646e-01
    8.77697e-01    -1.09261e-01

    8.71408e-01     0.00000e+00
    8.71408e-01     0.00000e+00

    8.71408e-01     0.00000e+00
    8.71150e-01     6.14564e-03

    0.00000e+00     8.71408e-01
   -6.14564e-03     8.71150e-01

    0.00000e+00     8.71408e-01
    0.00000e+00     8.71408e-01

   -6.14564e-03     8.71150e-01
   -1.04646e-01     8.77296e-01

    0.00000e+00     8.71408e-01
    0.00000e+00     8.71408e-01

    0.00000e+00     8.71408e-01
    6.14564e-03     8.71150e-01

   -1.10142e-01     8.77776e-01
   -1.09662e-01     8.77802e-01

   -1.04646e-01     8.77296e-01
   -1.04646e-01     8.77296e-01

   -1.04646e-01     8.77296e-01
   -1.04646e-01     8.77296e-01

   -1.09662e-01     8.77802e-01
   -1.09662e-01     8.77802e-01

   -1.09261e-01     8.77697e-01
   -1.04646e-01     8.77296e-01

   -1.09261e-01     8.77697e-01
   -1.09662e-01     8.77802e-01

   -3.28986e-01    -9.06272e-01
   -3.50033e-01    -8.98342e-01

   -3.50033e-01    -8.98342e-01
   -3.50033e-01    -8.98342e-01

   -3.50033e-01    -8.98342e-01
   -3.28986e-01    -9.06272e-01

   -3.50033e-01    -8.98342e-01
   -3.50033e-01    -8.98342e-01

   -3.28986e-01    -9.06272e-01
   -3.28986e-01    -9.06272e-01

   -3.50033e-01    -8.98342e-01
   -3.93602e-01    -8.77296e-01

   -3.93602e-01    -8.77296e-01
   -3.50033e-01    -8.98342e-01

   -3.93602e-01    -8.77296e-01
   -3.93602e-01    -8.77296e-01

   -3.93602e-01    -8.77296e-01
   -3.93602e-01    -8.77296e-01

   -3.28986e-01    -9.06272e-01
   -3.28986e-01    -9.06272e-01

   -3.02441e-01    -9.03841e-01
   -3.28986e-01    -9.06272e-01

   -3.28986e-01    -9.06272e-01
   -3.02441e-01    -9.03841e-01

   -4.92493e-01    -8.21478e-01
   -4.38648e-01    -8.58408e-01

   -4.38648e-01    -8.58408e-01
   -4.92493e-01    -8.21478e-01

   -4.38648e-01    -8.58408e-01
   -4.38648e-01    -8.58408e-01

   -4.38648e-01    -8.58408e-01
   -4.38648e-01    -8.58408e-01

   -4.95132e-01    -8.19855e-01
   -4.97618e-01    -8.18326e-01

   -4.97618e-01    -8.18326e-01
   -4.95132e-01    -8.19855e-01

   -4.95132e-01    -8.19855e-01
   -4.95132e-01    -8.19855e-01

   -4.95132e-01    -8.19855e-01
   -4.92493e-01    -8.21478e-01

   -4.92493e-01    -8.21478e-01
   -4.92493e-01    -8.21478e-01

   -4.92493e-01    -8.21478e-01
   -4.95132e-01    -8.19855e-01

   -3.93602e-01    -8.77296e-01
   -3.93602e-01    -8.77296e-01

   -3.93602e-01    -8.77296e-01
   -3.93602e-01    -8.77296e-01

   -4.38648e-01    -8.58408e-01
   -4.38648e-01    -8.58408e-01

   -4.38648e-01    -8.58408e-01
   -4.38648e-01    -8.58408e-01

   -3.93602e-01    -8.77296e-01
   -3.93602e-01    -8.77296e-01

   -3.93602e-01    -8.77296e-01
   -4.23332e-01    -8.61980e-01

   -4.38648e-01    -8.58408e-01
   -4.38648e-01    -8.58408e-01

   -4.38648e-01    -8.58408e-01
   -4.23332e-01    -8.61980e-01

   -8.18326e-01    -4.97618e-01
   -8.19855e-01    -4.95132e-01

   -8.18326e-01    -4.97618e-01
   -8.19855e-01    -4.95132e-01

   -8.19855e-01    -4.95132e-01
   -8.19855e-01    -4.95132e-01

   -8.19855e-01    -4.95132e-01
   -8.21478e-01    -4.92493e-01

   -8.21478e-01    -4.92493e-01
   -8.21478e-01    -4.92493e-01

   -8.19855e-01    -4.95132e-01
   -8.21478e-01    -4.92493e-01

   -8.21478e-01    -4.92493e-01
   -8.58408e-01    -4.38648e-01

   -8.21478e-01    -4.92493e-01
   -8.58408e-01    -4.38648e-01

   -8.58408e-01    -4.38648e-01
   -8.58408e-01    -4.38648e-01

   -8.58408e-01    -4.38648e-01
   -8.58408e-01    -4.38648e-01

   -8.77296e-01    -3.93602e-01
   -8.98342e-01    -3.50033e-01

   -8.98342e-01    -3.50033e-01
   -8.77296e-01    -3.93602e-01

   -8.77296e-01    -3.93602e-01
   -8.77296e-01    -3.93602e-01

   -8.77296e-01    -3.93602e-01
   -8.77296e-01    -3.93602e-01

   -8.98342e-01    -3.50033e-01
   -9.06272e-01    -3.28986e-01

   -8.98342e-01    -3.50033e-01
   -8.98342e-01    -3.50033e-01

   -9.06272e-01    -3.28986e-01
   -8.98342e-01    -3.50033e-01

   -8.98342e-01    -3.50033e-01
   -8.98342e-01    -3.50033e-01

   -9.06272e-01    -3.28986e-01
   -9.06272e-01    -3.28986e-01

   -8.58408e-01    -4.38648e-01
   -8.58408e-01    -4.38648e-01

   -8.58408e-01    -4.38648e-01
   -8.58408e-01    -4.38648e-01

   -8.77296e-01    -3.93602e-01
   -8.77296e-01    -3.93602e-01

   -8.77296e-01    -3.93602e-01
   -8.77296e-01    -3.93602e-01

   -8.58408e-01    -4.38648e-01
   -8.58408e-01    -4.38648e-01

   -8.58408e-01    -4.38648e-01
   -8.61980e-01    -4.23332e-01

   -8.77296e-01    -3.93602e-01
   -8.77296e-01    -3.93602e-01

   -8.77296e-01    -3.93602e-01
   -8.61980e-01    -4.23332e-01

   -9.06272e-01    -3.28986e-01
   -9.06272e-01    -3.28986e-01

   -9.06272e-01    -3.28986e-01
   -9.03841e-01    -3.02441e-01

   -9.03841e-01    -3.02441e-01
   -9.06272e-01    -3.28986e-01

    8.77296e-01     1.04646e-01
    8.71150e-01     6.14564e-03

    8.77296e-01     1.04646e-01
    8.77296e-01     1.04646e-01

    8.77296e-01     1.04646e-01
    8.77296e-01     1.04646e-01

    8.77296e-01     1.04646e-01
    8.77296e-01     1.04646e-01

    8.77296e-01     1.04646e-01
    8.77296e-01     1.04646e-01

    8.77296e-01     1.04646e-01
    8.77697e-01     1.09261e-01

    1.04646e-01     8.77296e-01
    6.14564e-03     8.71150e-01

    1.04646e-01     8.77296e-01
    1.04646e-01     8.77296e-01

    1.04646e-01     8.77296e-01
    1.04646e-01     8.77296e-01

    1.04646e-01     8.77296e-01
    1.09261e-01     8.77697e-01

   -2.42213e-01    -9.00185e-01
   -2.19324e-01    -9.03065e-01

   -2.19324e-01    -9.03065e-01
   -2.42213e-01    -9.00185e-01

   -2.19324e-01    -9.03065e-01
   -2.19324e-01    -9.03065e-01

   -2.70100e-01    -9.01877e-01
   -2.42213e-01    -9.00185e-01

   -2.42213e-01    -9.00185e-01
   -2.70100e-01    -9.01877e-01

   -2.70100e-01    -9.01877e-01
   -2.70100e-01    -9.01877e-01

   -2.70100e-01    -9.01877e-01
   -3.02441e-01    -9.03841e-01

   -3.02441e-01    -9.03841e-01
   -3.02441e-01    -9.03841e-01

   -2.70100e-01    -9.01877e-01
   -3.02441e-01    -9.03841e-01

   -2.19324e-01    -9.03065e-01
   -2.19324e-01    -9.03065e-01

   -1.99696e-01    -8.96923e-01
   -2.19324e-01    -9.03065e-01

   -2.19324e-01    -9.03065e-01
   -1.99696e-01    -8.96923e-01

   -9.00185e-01    -2.42213e-01
   -9.01877e-01    -2.70100e-01

   -9.01877e-01    -2.70100e-01
   -9.00185e-01    -2.42213e-01

   -9.01877e-01    -2.70100e-01
   -9.01877e-01    -2.70100e-01

   -9.03841e-01    -3.02441e-01
   -9.01877e-01    -2.70100e-01

   -9.03841e-01    -3.02441e-01
   -9.03841e-01    -3.02441e-01

   -9.03841e-01    -3.02441e-01
   -9.01877e-01    -2.70100e-01

   -9.00185e-01    -2.42213e-01
   -9.03065e-01    -2.19324e-01

   -9.00185e-01    -2.42213e-01
   -9.03065e-01    -2.19324e-01

   -9.03065e-01    -2.19324e-01
   -9.03065e-01    -2.19324e-01

   -9.03065e-01    -2.19324e-01
   -9.03065e-01    -2.19324e-01

   -9.03065e-01    -2.19324e-01
   -8.96923e-01    -1.99696e-01

   -8.96923e-01    -1.99696e-01
   -9.03065e-01    -2.19324e-01

    8.77697e-01     1.09261e-01
    8.77802e-01     1.09662e-01

    8.77802e-01     1.09662e-01
    8.77802e-01     1.09662e-01

    8.77776e-01     1.10142e-01
    8.77802e-01     1.09662e-01

    8.78233e-01     1.12281e-01
    8.77776e-01     1.10142e-01

    8.78233e-01     1.12281e-01
    8.96923e-01     1.99696e-01

    1.09662e-01     8.77802e-01
    1.09261e-01     8.77697e-01

    1.09662e-01     8.77802e-01
    1.09662e-01     8.77802e-01

    1.12281e-01     8.78233e-01
    1.10142e-01     8.77776e-01

    1.12281e-01     8.78233e-01
    1.99696e-01     8.96923e-01

    1.09662e-01     8.77802e-01
    1.10142e-01     8.77776e-01

   -1.09662e-01    -9.78273e-01
   -1.23278e-01    -9.73341e-01

   -1.09662e-01    -9.78273e-01
   -1.09662e-01    -9.78273e-01

   -1.00174e-01    -9.77469e-01
   -2.74014e-02    -9.82216e-01

   -3.16056e-03    -9.83797e-01
   -2.74014e-02    -9.82216e-01

   -1.09662e-01    -9.78273e-01
   -1.00174e-01    -9.77469e-01

   -9.78273e-01    -1.09662e-01
   -9.73341e-01    -1.23278e-01

   -9.78273e-01    -1.09662e-01
   -9.78273e-01    -1.09662e-01

   -9.78273e-01    -1.09662e-01
   -9.77469e-01    -1.00174e-01

   -9.77469e-01    -1.00174e-01
   -9.82216e-01    -2.74014e-02

   -9.83797e-01    -3.16056e-03
   -9.82216e-01    -2.74014e-02

    9.68912e-01     1.46658e-01
    9.60213e-01     1.92579e-01

    9.68912e-01     1.46658e-01
    9.73341e-01     1.23278e-01

    9.59634e-01     2.19324e-01
    9.60213e-01     1.92579e-01

    9.59634e-01     2.19324e-01
    9.59634e-01     2.19324e-01

    9.59634e-01     2.19324e-01
    9.59634e-01     2.19324e-01

    9.59634e-01     2.19324e-01
    9.49238e-01     2.57044e-01

    2.19324e-01     9.59634e-01
    1.92579e-01     9.60213e-01

    2.19324e-01     9.59634e-01
    2.19324e-01     9.59634e-01

    1.46658e-01     9.68912e-01
    1.92579e-01     9.60213e-01

    1.46658e-01     9.68912e-01
    1.23278e-01     9.73341e-01

    2.19324e-01     9.59634e-01
    2.19324e-01     9.59634e-01

    2.19324e-01     9.59634e-01
    2.57044e-01     9.49238e-01

    0.00000e+00    -9.84495e-01
   -3.16056e-03    -9.83797e-01

    0.00000e+00    -9.84495e-01
    0.00000e+00    -9.84495e-01

    0.00000e+00    -9.84495e-01
    0.00000e+00    -9.84495e-01

    1.00174e-01    -9.77469e-01
    2.74014e-02    -9.82216e-01

    3.16056e-03    -9.83797e-01
    2.74014e-02    -9.82216e-01

    0.00000e+00    -9.84495e-01
    3.16056e-03    -9.83797e-01

   -9.84495e-01     0.00000e+00
   -9.83797e-01    -3.16056e-03

   -9.84495e-01     0.00000e+00
   -9.84495e-01     0.00000e+00

   -9.84495e-01     0.00000e+00
   -9.84495e-01     0.00000e+00

   -9.84495e-01     0.00000e+00
   -9.83797e-01     3.16056e-03

   -9.77469e-01     1.00174e-01
   -9.82216e-01     2.74015e-02

   -9.83797e-01     3.16056e-03
   -9.82216e-01     2.74015e-02

    9.47209e-01     2.71206e-01
    9.44950e-01     2.86978e-01

    9.47209e-01     2.71206e-01
    9.49238e-01     2.57044e-01

    9.45587e-01     3.28986e-01
    9.44950e-01     2.86978e-01

    9.45587e-01     3.28986e-01
    9.45587e-01     3.28986e-01

    9.45587e-01     3.28986e-01
    9.45587e-01     3.28986e-01

    9.45587e-01     3.28986e-01
    9.49934e-01     3.66010e-01

    3.28986e-01     9.45587e-01
    2.86978e-01     9.44950e-01

    3.28986e-01     9.45587e-01
    3.28986e-01     9.45587e-01

    2.71206e-01     9.47209e-01
    2.86978e-01     9.44950e-01

    2.71206e-01     9.47209e-01
    2.57044e-01     9.49238e-01

    3.28986e-01     9.45587e-01
    3.28986e-01     9.45587e-01

    3.28986e-01     9.45587e-01
    3.66010e-01     9.49934e-01

    1.09662e-01    -9.78273e-01
    1.00174e-01    -9.77469e-01

    1.09662e-01    -9.78273e-01
    1.09662e-01    -9.78273e-01

    1.92579e-01    -9.60213e-01
    1.46658e-01    -9.68912e-01

    1.23278e-01    -9.73341e-01
    1.46658e-01    -9.68912e-01

    1.09662e-01    -9.78273e-01
    1.23278e-01    -9.73341e-01

   -9.78273e-01     1.09662e-01
   -9.77469e-01     1.00174e-01

   -9.78273e-01     1.09662e-01
   -9.78273e-01     1.09662e-01

   -9.78273e-01     1.09662e-01
   -9.78273e-01     1.09662e-01

   -9.78273e-01     1.09662e-01
   -9.73341e-01     1.23278e-01

   -9.60213e-01     1.92579e-01
   -9.68912e-01     1.46658e-01

   -9.73341e-01     1.23278e-01
   -9.68912e-01     1.46658e-01

    9.51086e-01     3.85523e-01
    9.49934e-01     3.66010e-01

    9.51086e-01     3.85523e-01
    9.52168e-01     4.03858e-01

    9.55432e-01     4.38648e-01
    9.52168e-01     4.03858e-01

    9.55432e-01     4.38648e-01
    9.55432e-01     4.38648e-01

    9.55432e-01     4.38648e-01
    9.55432e-01     4.38648e-01

    9.55432e-01     4.38648e-01
    9.59641e-01     4.65965e-01

    4.38648e-01     9.55432e-01
    4.03858e-01     9.52168e-01

    4.38648e-01     9.55432e-01
    4.38648e-01     9.55432e-01

    3.85523e-01     9.51086e-01
    3.66010e-01     9.49934e-01

    3.85523e-01     9.51086e-01
    4.03858e-01     9.52168e-01

    4.38648e-01     9.55432e-01
    4.38648e-01     9.55432e-01

    4.38648e-01     9.55432e-01
    4.65965e-01     9.59640e-01

    2.19324e-01    -9.59634e-01
    1.92579e-01    -9.60213e-01

    2.19324e-01    -9.59633e-01
    2.19324e-01    -9.59634e-01

    2.86978e-01    -9.44950e-01
    2.71206e-01    -9.47209e-01

    2.57044e-01    -9.49237e-01
    2.71206e-01    -9.47209e-01

    2.19324e-01    -9.59633e-01
    2.57044e-01    -9.49237e-01

   -9.59634e-01     2.19324e-01
   -9.60213e-01     1.92579e-01

   -9.59634e-01     2.19324e-01
   -9.59634e-01     2.19324e-01

   -9.59634e-01     2.19324e-01
   -9.49238e-01     2.57044e-01

   -9.44950e-01     2.86978e-01
   -9.47209e-01     2.71206e-01

   -9.49238e-01     2.57044e-01
   -9.47209e-01     2.71206e-01

    9.61492e-01     4.97195e-01
    9.59641e-01     4.65965e-01

    9.61492e-01     4.97195e-01
    9.63108e-01     5.24460e-01

    9.54209e-01     5.48310e-01
    9.63108e-01     5.24460e-01

    9.54209e-01     5.48310e-01
    9.54209e-01     5.48310e-01

    9.54209e-01     5.48310e-01
    9.54209e-01     5.48310e-01

    9.54209e-01     5.48310e-01
    9.59638e-01     5.75629e-01

    5.48310e-01     9.54209e-01
    5.24460e-01     9.63108e-01

    5.48310e-01     9.54209e-01
    5.48310e-01     9.54209e-01

    4.97194e-01     9.61492e-01
    4.65965e-01     9.59640e-01

    4.97194e-01     9.61492e-01
    5.24460e-01     9.63108e-01

    5.48310e-01     9.54209e-01
    5.48310e-01     9.54209e-01

    5.48310e-01     9.54209e-01
    5.75629e-01     9.59638e-01

    3.28986e-01    -9.45587e-01
    2.86978e-01    -9.44950e-01

    3.28986e-01    -9.45587e-01
    3.28986e-01    -9.45587e-01

    3.66010e-01    -9.49934e-01
    3.85523e-01    -9.51086e-01

    4.03858e-01    -9.52168e-01
    3.85523e-01    -9.51086e-01

    3.28986e-01    -9.45587e-01
    3.66010e-01    -9.49934e-01

   -9.45587e-01     3.28986e-01
   -9.44950e-01     2.86978e-01

   -9.45587e-01     3.28986e-01
   -9.45587e-01     3.28986e-01

   -9.45587e-01     3.28986e-01
   -9.49934e-01     3.66010e-01

   -9.49934e-01     3.66010e-01
   -9.51086e-01     3.85523e-01

   -9.52168e-01     4.03858e-01
   -9.51086e-01     3.85523e-01

    9.58792e-01     6.01443e-01
    9.57892e-01     6.28906e-01

    9.58792e-01     6.01443e-01
    9.59638e-01     5.75629e-01

    9.36387e-01     6.57972e-01
    9.57892e-01     6.28906e-01

    9.36387e-01     6.57972e-01
    9.36387e-01     6.57972e-01

    9.36387e-01     6.57972e-01
    9.36387e-01     6.57972e-01

    9.40339e-01     7.04591e-01
    9.39092e-01     6.89882e-01

    9.36387e-01     6.57972e-01
    9.38443e-01     6.82229e-01

    9.39092e-01     6.89882e-01
    9.38443e-01     6.82229e-01

    6.57972e-01     9.36387e-01
    6.28906e-01     9.57892e-01

    6.57972e-01     9.36387e-01
    6.57972e-01     9.36387e-01

    6.01443e-01     9.58792e-01
    6.28906e-01     9.57892e-01

    6.01443e-01     9.58792e-01
    5.75629e-01     9.59638e-01

    6.57972e-01     9.36387e-01
    6.57972e-01     9.36387e-01

    7.04591e-01     9.40339e-01
    6.89882e-01     9.39092e-01

    6.57972e-01     9.36387e-01
    6.82229e-01     9.38443e-01

    6.89882e-01     9.39092e-01
    6.82229e-01     9.38443e-01

    4.38648e-01    -9.55432e-01
    4.03858e-01    -9.52168e-01

    4.38648e-01    -9.55432e-01
    4.38648e-01    -9.55432e-01

    4.65965e-01    -9.59640e-01
    4.97194e-01    -9.61492e-01

    5.24460e-01    -9.63108e-01
    4.97194e-01    -9.61492e-01

    4.38648e-01    -9.55432e-01
    4.65965e-01    -9.59640e-01

   -9.55432e-01     4.38648e-01
   -9.52168e-01     4.03858e-01

   -9.55432e-01     4.38648e-01
   -9.55432e-01     4.38648e-01

   -9.55432e-01     4.38648e-01
   -9.59640e-01     4.65965e-01

   -9.59640e-01     4.65965e-01
   -9.61492e-01     4.97194e-01

   -9.63108e-01     5.24460e-01
   -9.61492e-01     4.97194e-01

    5.48310e-01    -9.54209e-01
    5.24460e-01    -9.63108e-01

    5.48310e-01    -9.54209e-01
    5.48310e-01    -9.54209e-01

    5.48310e-01    -9.54209e-01
    5.48310e-01    -9.54209e-01

    6.28906e-01    -9.57892e-01
    6.01443e-01    -9.58792e-01

    5.75629e-01    -9.59638e-01
    6.01443e-01    -9.58792e-01

    5.48310e-01    -9.54209e-01
    5.75629e-01    -9.59638e-01

   -9.54209e-01     5.48310e-01
   -9.63108e-01     5.24460e-01

   -9.54209e-01     5.48310e-01
   -9.54209e-01     5.48310e-01

   -9.54209e-01     5.48310e-01
   -9.59638e-01     5.75629e-01

   -9.57892e-01     6.28906e-01
   -9.58792e-01     6.01443e-01

   -9.59638e-01     5.75629e-01
   -9.58792e-01     6.01443e-01

    6.57972e-01    -9.36387e-01
    6.28906e-01    -9.57892e-01

    6.57972e-01    -9.36387e-01
    6.57972e-01    -9.36387e-01

    6.57972e-01    -9.36387e-01
    6.82229e-01    -9.38443e-01

    6.89882e-01    -9.39092e-01
    6.82229e-01    -9.38443e-01

    6.89882e-01    -9.39092e-01
    7.04590e-01    -9.40339e-01

   -9.36387e-01     6.57972e-01
   -9.57892e-01     6.28906e-01

   -9.36387e-01     6.57972e-01
   -9.36387e-01     6.57972e-01

   -9.36387e-01     6.57972e-01
   -9.38443e-01     6.82229e-01

   -9.39092e-01     6.89882e-01
   -9.38443e-01     6.82229e-01

   -9.39092e-01     6.89882e-01
   -9.40339e-01     7.04590e-01

    9.38443e-01    -6.82229e-01
    9.36387e-01    -6.57972e-01

    9.39092e-01    -6.89882e-01
    9.38443e-01    -6.82229e-01

    9.39092e-01    -6.89882e-01
    9.40339e-01    -7.04591e-01

    9.36387e-01    -6.57972e-01
    9.36387e-01    -6.57972e-01

    9.57892e-01    -6.28906e-01
    9.36387e-01    -6.57972e-01

   -6.82229e-01     9.38443e-01
   -6.57972e-01     9.36387e-01

   -6.89882e-01     9.39092e-01
   -6.82229e-01     9.38443e-01

   -6.89882e-01     9.39092e-01
   -7.04591e-01     9.40339e-01

   -6.57972e-01     9.36387e-01
   -6.57972e-01     9.36387e-01

   -6.28906e-01     9.57892e-01
   -6.57972e-01     9.36387e-01

    9.58792e-01    -6.01443e-01
    9.57892e-01    -6.28906e-01

    9.58792e-01    -6.01443e-01
    9.59638e-01    -5.75629e-01

    9.59638e-01    -5.75629e-01
    9.54209e-01    -5.48310e-01

    9.54209e-01    -5.48310e-01
    9.54209e-01    -5.48310e-01

    9.63108e-01    -5.24460e-01
    9.54209e-01    -5.48310e-01

   -5.48310e-01     9.54209e-01
   -5.75629e-01     9.59638e-01

   -5.48310e-01     9.54209e-01
   -5.48310e-01     9.54209e-01

   -6.01443e-01     9.58792e-01
   -6.28906e-01     9.57892e-01

   -6.01443e-01     9.58792e-01
   -5.75629e-01     9.59638e-01

   -5.48310e-01     9.54209e-01
   -5.48310e-01     9.54209e-01

   -5.48310e-01     9.54209e-01
   -5.24460e-01     9.63108e-01

    9.61492e-01    -4.97194e-01
    9.59640e-01    -4.65965e-01

    9.61492e-01    -4.97194e-01
    9.63108e-01    -5.24460e-01

    9.59640e-01    -4.65965e-01
    9.55432e-01    -4.38648e-01

    9.55432e-01    -4.38648e-01
    9.55432e-01    -4.38648e-01

    9.52168e-01    -4.03858e-01
    9.55432e-01    -4.38648e-01

   -4.65965e-01     9.59640e-01
   -4.38648e-01     9.55432e-01

   -4.97194e-01     9.61492e-01
   -4.65965e-01     9.59640e-01

   -4.97194e-01     9.61492e-01
   -5.24460e-01     9.63108e-01

   -4.38648e-01     9.55432e-01
   -4.38648e-01     9.55432e-01

   -4.03858e-01     9.52168e-01
   -4.38648e-01     9.55432e-01

   -7.04591e-01    -9.40339e-01
   -6.57972e-01    -9.36387e-01

   -6.57972e-01    -9.36387e-01
   -7.04591e-01    -9.40339e-01

   -6.57972e-01    -9.36387e-01
   -6.57972e-01    -9.36387e-01

   -6.57972e-01    -9.36387e-01
   -6.57972e-01    -9.36387e-01

   -6.01443e-01    -9.58792e-01
   -6.28906e-01    -9.57892e-01

   -6.01443e-01    -9.58792e-01
   -6.28906e-01    -9.57892e-01

   -6.28906e-01    -9.57892e-01
   -6.28906e-01    -9.57892e-01

   -6.01443e-01    -9.58792e-01
   -5.75629e-01    -9.59638e-01

   -6.01443e-01    -9.58792e-01
   -6.01443e-01    -9.58792e-01

   -5.75629e-01    -9.59638e-01
   -6.01443e-01    -9.58792e-01

   -6.57972e-01    -9.36387e-01
   -6.28906e-01    -9.57892e-01

   -6.28906e-01    -9.57892e-01
   -6.57972e-01    -9.36387e-01

   -9.40339e-01    -7.04591e-01
   -9.36387e-01    -6.57972e-01

   -9.40339e-01    -7.04591e-01
   -9.36387e-01    -6.57972e-01

   -9.36387e-01    -6.57972e-01
   -9.36387e-01    -6.57972e-01

   -9.36387e-01    -6.57972e-01
   -9.36387e-01    -6.57972e-01

   -9.36387e-01    -6.57972e-01
   -9.57892e-01    -6.28906e-01

   -9.36387e-01    -6.57972e-01
   -9.57892e-01    -6.28906e-01

   -9.57892e-01    -6.28906e-01
   -9.58792e-01    -6.01443e-01

   -9.57892e-01    -6.28906e-01
   -9.58792e-01    -6.01443e-01

   -9.57892e-01    -6.28906e-01
   -9.57892e-01    -6.28906e-01

   -9.58792e-01    -6.01443e-01
   -9.59638e-01    -5.75629e-01

   -9.58792e-01    -6.01443e-01
   -9.58792e-01    -6.01443e-01

   -9.58792e-01    -6.01443e-01
   -9.59638e-01    -5.75629e-01

    9.51086e-01    -3.85523e-01
    9.49934e-01    -3.66010e-01

    9.51086e-01    -3.85523e-01
    9.52168e-01    -4.03858e-01

    9.49934e-01    -3.66010e-01
    9.45587e-01    -3.28986e-01

    9.45587e-01    -3.28986e-01
    9.45587e-01    -3.28986e-01

    9.44950e-01    -2.86978e-01
    9.45587e-01    -3.28986e-01

   -3.66010e-01     9.49934e-01
   -3.28986e-01     9.45587e-01

   -3.85523e-01     9.51086e-01
   -3.66010e-01     9.49934e-01

   -3.85523e-01     9.51086e-01
   -4.03858e-01     9.52168e-01

   -3.28986e-01     9.45587e-01
   -3.28986e-01     9.45587e-01

   -2.86978e-01     9.44950e-01
   -3.28986e-01     9.45587e-01

   -5.75629e-01    -9.59638e-01
   -5.48310e-01    -9.54209e-01

   -5.48310e-01    -9.54209e-01
   -5.75629e-01    -9.59638e-01

   -5.48310e-01    -9.54209e-01
   -5.48310e-01    -9.54209e-01

   -5.48310e-01    -9.54209e-01
   -5.48310e-01    -9.54209e-01

   -4.97195e-01    -9.61492e-01
   -4.65965e-01    -9.59641e-01

   -4.97195e-01    -9.61492e-01
   -4.65965e-01    -9.59641e-01

   -4.65965e-01    -9.59641e-01
   -4.65965e-01    -9.59641e-01

   -5.24460e-01    -9.63108e-01
   -4.97195e-01    -9.61492e-01

   -4.97195e-01    -9.61492e-01
   -4.97195e-01    -9.61492e-01

   -4.97195e-01    -9.61492e-01
   -5.24460e-01    -9.63108e-01

   -5.48310e-01    -9.54209e-01
   -5.24460e-01    -9.63108e-01

   -5.24460e-01    -9.63108e-01
   -5.48310e-01    -9.54209e-01

   -9.59638e-01    -5.75629e-01
   -9.54209e-01    -5.48310e-01

   -9.59638e-01    -5.75629e-01
   -9.54209e-01    -5.48310e-01

   -9.54209e-01    -5.48310e-01
   -9.54209e-01    -5.48310e-01

   -9.54209e-01    -5.48310e-01
   -9.54209e-01    -5.48310e-01

   -9.54209e-01    -5.48310e-01
   -9.63108e-01    -5.24460e-01

   -9.54209e-01    -5.48310e-01
   -9.63108e-01    -5.24460e-01

   -9.59641e-01    -4.65965e-01
   -9.61492e-01    -4.97195e-01

   -9.61492e-01    -4.97195e-01
   -9.59641e-01    -4.65965e-01

   -9.59641e-01    -4.65965e-01
   -9.59641e-01    -4.65965e-01

   -9.63108e-01    -5.24460e-01
   -9.61492e-01    -4.97195e-01

   -9.61492e-01    -4.97195e-01
   -9.61492e-01    -4.97195e-01

   -9.63108e-01    -5.24460e-01
   -9.61492e-01    -4.97195e-01

    9.47209e-01    -2.71206e-01
    9.44950e-01    -2.86978e-01

    9.47209e-01    -2.71206e-01
    9.49238e-01    -2.57044e-01

    9.49238e-01    -2.57044e-01
    9.59634e-01    -2.19324e-01

    9.59634e-01    -2.19324e-01
    9.59634e-01    -2.19324e-01

    9.60213e-01    -1.92579e-01
    9.59634e-01    -2.19324e-01

   -2.57044e-01     9.49237e-01
   -2.19324e-01     9.59633e-01

   -2.71206e-01     9.47209e-01
   -2.86978e-01     9.44950e-01

   -2.71206e-01     9.47209e-01
   -2.57044e-01     9.49237e-01

   -2.19324e-01     9.59634e-01
   -2.19324e-01     9.59633e-01

   -1.92579e-01     9.60213e-01
   -2.19324e-01     9.59634e-01

   -4.65965e-01    -9.59641e-01
   -4.38648e-01    -9.55432e-01

   -4.38648e-01    -9.55432e-01
   -4.65965e-01    -9.59641e-01

   -4.38648e-01    -9.55432e-01
   -4.38648e-01    -9.55432e-01

   -4.38648e-01    -9.55432e-01
   -4.38648e-01    -9.55432e-01

   -3.85523e-01    -9.51086e-01
   -3.85523e-01    -9.51086e-01

   -3.66010e-01    -9.49934e-01
   -3.85523e-01    -9.51086e-01

   -3.85523e-01    -9.51086e-01
   -3.85523e-01    -9.51086e-01

   -3.66010e-01    -9.49934e-01
   -3.85523e-01    -9.51086e-01

   -3.66010e-01    -9.49934e-01
   -3.66010e-01    -9.49934e-01

   -3.85523e-01    -9.51086e-01
   -4.03858e-01    -9.52168e-01

   -4.03858e-01    -9.52168e-01
   -4.03858e-01    -9.52168e-01

   -3.85523e-01    -9.51086e-01
   -3.85523e-01    -9.51086e-01

   -4.03858e-01    -9.52168e-01
   -3.85523e-01    -9.51086e-01

   -4.03858e-01    -9.52168e-01
   -4.03858e-01    -9.52168e-01

   -4.03858e-01    -9.52168e-01
   -4.38648e-01    -9.55432e-01

   -4.38648e-01    -9.55432e-01
   -4.03858e-01    -9.52168e-01

   -9.59641e-01    -4.65965e-01
   -9.55432e-01    -4.38648e-01

   -9.59641e-01    -4.65965e-01
   -9.55432e-01    -4.38648e-01

   -9.55432e-01    -4.38648e-01
   -9.55432e-01    -4.38648e-01

   -9.55432e-01    -4.38648e-01
   -9.55432e-01    -4.38648e-01

   -9.55432e-01    -4.38648e-01
   -9.52168e-01    -4.03858e-01

   -9.52168e-01    -4.03858e-01
   -9.55432e-01    -4.38648e-01

   -9.51086e-01    -3.85523e-01
   -9.51086e-01    -3.85523e-01

   -9.51086e-01    -3.85523e-01
   -9.49934e-01    -3.66010e-01

   -9.51086e-01    -3.85523e-01
   -9.51086e-01    -3.85523e-01

   -9.51086e-01    -3.85523e-01
   -9.49934e-01    -3.66010e-01

   -9.49934e-01    -3.66010e-01
   -9.49934e-01    -3.66010e-01

   -9.52168e-01    -4.03858e-01
   -9.51086e-01    -3.85523e-01

   -9.52168e-01    -4.03858e-01
   -9.52168e-01    -4.03858e-01

   -9.51086e-01    -3.85523e-01
   -9.51086e-01    -3.85523e-01

   -9.51086e-01    -3.85523e-01
   -9.52168e-01    -4.03858e-01

   -9.52168e-01    -4.03858e-01
   -9.52168e-01    -4.03858e-01

    9.68912e-01    -1.46658e-01
    9.60213e-01    -1.92579e-01

    9.68912e-01    -1.46658e-01
    9.73341e-01    -1.23278e-01

    9.78273e-01    -1.09662e-01
    9.73341e-01    -1.23278e-01

    9.78273e-01    -1.09662e-01
    9.78273e-01    -1.09662e-01

    9.78273e-01    -1.09662e-01
    9.78273e-01    -1.09662e-01

    9.78273e-01    -1.09662e-01
    9.77469e-01    -1.00174e-01

   -1.23278e-01     9.73341e-01
   -1.09662e-01     9.78273e-01

   -1.46658e-01     9.68912e-01
   -1.92579e-01     9.60213e-01

   -1.46658e-01     9.68912e-01
   -1.23278e-01     9.73341e-01

   -1.09662e-01     9.78273e-01
   -1.09662e-01     9.78273e-01

   -1.00174e-01     9.77469e-01
   -1.09662e-01     9.78273e-01

   -3.66010e-01    -9.49934e-01
   -3.66010e-01    -9.49934e-01

   -3.28986e-01    -9.45587e-01
   -3.66010e-01    -9.49934e-01

   -3.66010e-01    -9.49934e-01
   -3.66010e-01    -9.49934e-01

   -3.66010e-01    -9.49934e-01
   -3.28986e-01    -9.45587e-01

   -3.28986e-01    -9.45587e-01
   -3.28986e-01    -9.45587e-01

   -3.28986e-01    -9.45587e-01
   -3.28986e-01    -9.45587e-01

   -2.71206e-01    -9.47209e-01
   -2.86978e-01    -9.44950e-01

   -2.57044e-01    -9.49237e-01
   -2.57044e-01    -9.49237e-01

   -2.71206e-01    -9.47209e-01
   -2.71206e-01    -9.47209e-01

   -2.57044e-01    -9.49237e-01
   -2.71206e-01    -9.47209e-01

   -3.28986e-01    -9.45587e-01
   -3.28986e-01    -9.45587e-01

   -3.28986e-01    -9.45587e-01
   -2.86978e-01    -9.44950e-01

   -9.49934e-01    -3.66010e-01
   -9.49934e-01    -3.66010e-01

   -9.49934e-01    -3.66010e-01
   -9.45587e-01    -3.28986e-01

   -9.49934e-01    -3.66010e-01
   -9.49934e-01    -3.66010e-01

   -9.45587e-01    -3.28986e-01
   -9.49934e-01    -3.66010e-01

   -9.45587e-01    -3.28986e-01
   -9.45587e-01    -3.28986e-01

   -9.45587e-01    -3.28986e-01
   -9.45587e-01    -3.28986e-01

   -9.45587e-01    -3.28986e-01
   -9.45587e-01    -3.28986e-01

   -9.45587e-01    -3.28986e-01
   -9.44950e-01    -2.86978e-01

   -9.44950e-01    -2.86978e-01
   -9.47209e-01    -2.71206e-01

   -9.49237e-01    -2.57044e-01
   -9.49237e-01    -2.57044e-01

   -9.47209e-01    -2.71206e-01
   -9.47209e-01    -2.71206e-01

   -9.49237e-01    -2.57044e-01
   -9.47209e-01    -2.71206e-01

    9.82216e-01    -2.74015e-02
    9.77469e-01    -1.00174e-01

    9.82216e-01    -2.74015e-02
    9.83797e-01    -3.16056e-03

    9.84495e-01     0.00000e+00
    9.83797e-01    -3.16056e-03

    9.84495e-01     0.00000e+00
    9.84495e-01     0.00000e+00

    9.84495e-01     0.00000e+00
    9.84495e-01     0.00000e+00

    9.84495e-01     0.00000e+00
    9.83797e-01     3.16056e-03

    0.00000e+00     9.84495e-01
   -3.16056e-03     9.83797e-01

    0.00000e+00     9.84495e-01
    0.00000e+00     9.84495e-01

   -2.74014e-02     9.82216e-01
   -1.00174e-01     9.77469e-01

   -2.74014e-02     9.82216e-01
   -3.16056e-03     9.83797e-01

    0.00000e+00     9.84495e-01
    0.00000e+00     9.84495e-01

    0.00000e+00     9.84495e-01
    3.16056e-03     9.83797e-01

   -2.57044e-01    -9.49237e-01
   -2.19324e-01    -9.59634e-01

   -2.19324e-01    -9.59634e-01
   -2.57044e-01    -9.49237e-01

   -2.19324e-01    -9.59634e-01
   -2.19324e-01    -9.59634e-01

   -2.19324e-01    -9.59634e-01
   -2.19324e-01    -9.59634e-01

   -1.46658e-01    -9.68912e-01
   -1.92579e-01    -9.60213e-01

   -1.46658e-01    -9.68912e-01
   -1.92579e-01    -9.60213e-01

   -1.92579e-01    -9.60213e-01
   -1.92579e-01    -9.60213e-01

   -1.23278e-01    -9.73341e-01
   -1.46658e-01    -9.68912e-01

   -1.46658e-01    -9.68912e-01
   -1.46658e-01    -9.68912e-01

   -1.23278e-01    -9.73341e-01
   -1.46658e-01    -9.68912e-01

   -1.92579e-01    -9.60213e-01
   -2.19324e-01    -9.59634e-01

   -1.92579e-01    -9.60213e-01
   -2.19324e-01    -9.59634e-01

   -9.49237e-01    -2.57044e-01
   -9.59634e-01    -2.19324e-01

   -9.49237e-01    -2.57044e-01
   -9.59634e-01    -2.19324e-01

   -9.59634e-01    -2.19324e-01
   -9.59634e-01    -2.19324e-01

   -9.59634e-01    -2.19324e-01
   -9.59634e-01    -2.19324e-01

   -9.60213e-01    -1.92579e-01
   -9.59634e-01    -2.19324e-01

   -9.59634e-01    -2.19324e-01
   -9.60213e-01    -1.92579e-01

   -9.60213e-01    -1.92579e-01
   -9.68912e-01    -1.46658e-01

   -9.68912e-01    -1.46658e-01
   -9.60213e-01    -1.92579e-01

   -9.60213e-01    -1.92579e-01
   -9.60213e-01    -1.92579e-01

   -9.73341e-01    -1.23278e-01
   -9.68912e-01    -1.46658e-01

   -9.68912e-01    -1.46658e-01
   -9.68912e-01    -1.46658e-01

   -9.68912e-01    -1.46658e-01
   -9.73341e-01    -1.23278e-01

    9.82216e-01     2.74014e-02
    9.77469e-01     1.00174e-01

    9.82216e-01     2.74014e-02
    9.83797e-01     3.16056e-03

    9.77469e-01     1.00174e-01
    9.78273e-01     1.09662e-01

    9.78273e-01     1.09662e-01
    9.78273e-01     1.09662e-01

    9.73341e-01     1.23278e-01
    9.78273e-01     1.09662e-01

    1.00174e-01     9.77469e-01
    1.09662e-01     9.78273e-01

    2.74014e-02     9.82216e-01
    1.00174e-01     9.77469e-01

    2.74014e-02     9.82216e-01
    3.16056e-03     9.83797e-01

    1.09662e-01     9.78273e-01
    1.09662e-01     9.78273e-01

    1.23278e-01     9.73341e-01
    1.09662e-01     9.78273e-01

   -6.09311e-02    -9.86958e-01
   -1.06773e-01    -9.89846e-01

   -6.09310e-02    -9.86958e-01
   -6.09311e-02    -9.86958e-01

   -6.09310e-02    -9.86958e-01
   -6.09307e-02    -9.86958e-01

   -6.09307e-02    -9.86958e-01
   -2.49411e-03    -9.84463e-01

   -9.86958e-01    -6.09312e-02
   -9.89846e-01    -1.06773e-01

   -9.86958e-01    -6.09310e-02
   -9.86958e-01    -6.09312e-02

   -9.86958e-01    -6.09310e-02
   -9.86958e-01    -6.09306e-02

   -9.86958e-01    -6.09306e-02
   -9.84463e-01    -2.49411e-03

    9.91844e-01     1.09662e-01
    9.89846e-01     1.06773e-01

    9.91844e-01     1.09662e-01
    9.91844e-01     1.09662e-01

    9.91844e-01     1.09662e-01
    9.91844e-01     1.09662e-01

    9.91844e-01     1.09662e-01
    9.91136e-01     1.13841e-01

    9.93727e-01     1.30506e-01
    9.91136e-01     1.13841e-01

    9.93727e-01     1.30506e-01
    1.00476e+00     2.01518e-01

    1.09662e-01     9.91844e-01
    1.06773e-01     9.89846e-01

    1.09662e-01     9.91844e-01
    1.09662e-01     9.91844e-01

    1.09662e-01     9.91844e-01
    1.09662e-01     9.91844e-01

    1.30506e-01     9.93727e-01
    1.13841e-01     9.91136e-01

    1.30506e-01     9.93727e-01
    2.01518e-01     1.00476e+00

    1.09662e-01     9.91844e-01
    1.13841e-01     9.91136e-01

    1.09662e-01    -9.91844e-01
    1.06773e-01    -9.89846e-01

    1.09662e-01    -9.91844e-01
    1.09662e-01    -9.91844e-01

    6.09311e-02    -9.86958e-01
    1.06773e-01    -9.89846e-01

    6.09310e-02    -9.86958e-01
    6.09311e-02    -9.86958e-01

    6.09310e-02    -9.86958e-01
    6.09308e-02    -9.86958e-01

    1.09662e-01    -9.91844e-01
    1.13841e-01    -9.91137e-01

    0.00000e+00    -9.84495e-01
   -2.49411e-03    -9.84463e-01

    0.00000e+00    -9.84495e-01
    0.00000e+00    -9.84495e-01

    0.00000e+00    -9.84495e-01
    0.00000e+00    -9.84495e-01

    6.09308e-02    -9.86958e-01
    2.49411e-03    -9.84463e-01

    0.00000e+00    -9.84495e-01
    2.49411e-03    -9.84463e-01

   -9.84495e-01     0.00000e+00
   -9.84463e-01    -2.49411e-03

   -9.84495e-01     0.00000e+00
   -9.84495e-01     0.00000e+00

   -9.86958e-01     6.09309e-02
   -9.89846e-01     1.06773e-01

   -9.86958e-01     6.09309e-02
   -9.86958e-01     6.09309e-02

   -9.86958e-01     6.09309e-02
   -9.86958e-01     6.09309e-02

   -9.91844e-01     1.09662e-01
   -9.89846e-01     1.06773e-01

   -9.91844e-01     1.09662e-01
   -9.91844e-01     1.09662e-01

   -9.84495e-01     0.00000e+00
   -9.84495e-01     0.00000e+00

   -9.86958e-01     6.09309e-02
   -9.86958e-01     6.09309e-02

   -9.86958e-01     6.09309e-02
   -9.86958e-01     6.09309e-02

   -9.84495e-01     0.00000e+00
   -9.84463e-01     2.49411e-03

   -9.86958e-01     6.09309e-02
   -9.84463e-01     2.49411e-03

   -9.91844e-01     1.09662e-01
   -9.91844e-01     1.09662e-01

   -9.91844e-01     1.09662e-01
   -9.91136e-01     1.13841e-01

    1.01991e+00     2.19324e-01
    1.00476e+00     2.01518e-01

    1.01991e+00     2.19324e-01
    1.01991e+00     2.19324e-01

    1.01991e+00     2.19324e-01
    1.01991e+00     2.19324e-01

    1.01991e+00     2.19324e-01
    1.02000e+00     2.52370e-01

    1.02299e+00     2.69205e-01
    1.02000e+00     2.52370e-01

    1.02299e+00     2.69205e-01
    1.02656e+00     2.89382e-01

    2.19324e-01     1.01991e+00
    2.01518e-01     1.00476e+00

    2.19324e-01     1.01991e+00
    2.19324e-01     1.01991e+00

    2.19324e-01     1.01991e+00
    2.19324e-01     1.01991e+00

    2.69205e-01     1.02299e+00
    2.52370e-01     1.02000e+00

    2.69205e-01     1.02299e+00
    2.89382e-01     1.02656e+00

    2.19324e-01     1.01991e+00
    2.52370e-01     1.02000e+00

    2.19324e-01    -1.01991e+00
    2.01518e-01    -1.00476e+00

    2.19324e-01    -1.01991e+00
    2.19324e-01    -1.01991e+00

    1.30506e-01    -9.93727e-01
    1.13841e-01    -9.91137e-01

    1.30506e-01    -9.93727e-01
    2.01518e-01    -1.00476e+00

    2.19324e-01    -1.01991e+00
    2.52370e-01    -1.02000e+00

   -9.93727e-01     1.30506e-01
   -9.91136e-01     1.13841e-01

   -9.93727e-01     1.30506e-01
   -1.00476e+00     2.01518e-01

   -1.01991e+00     2.19324e-01
   -1.00476e+00     2.01518e-01

   -1.01991e+00     2.19324e-01
   -1.01991e+00     2.19324e-01

   -1.01991e+00     2.19324e-01
   -1.02000e+00     2.52370e-01

    1.05943e+00     3.28986e-01
    1.02656e+00     2.89382e-01

    1.05943e+00     3.28986e-01
    1.05943e+00     3.28986e-01

    1.05943e+00     3.28986e-01
    1.05943e+00     3.28986e-01

    1.05943e+00     3.28986e-01
    1.05943e+00     3.28986e-01

    1.05943e+00     3.28986e-01
    1.05943e+00     3.28986e-01

    1.05943e+00     3.28986e-01
    1.06211e+00     3.63495e-01

    3.28986e-01     1.05943e+00
    2.89382e-01     1.02656e+00

    3.28986e-01     1.05943e+00
    3.28986e-01     1.05943e+00

    3.28986e-01     1.05943e+00
    3.28986e-01     1.05943e+00

    3.28986e-01     1.05943e+00
    3.28986e-01     1.05943e+00

    3.28986e-01     1.05943e+00
    3.28986e-01     1.05943e+00

    3.28986e-01     1.05943e+00
    3.63495e-01     1.06211e+00

    3.28986e-01    -1.05943e+00
    2.89381e-01    -1.02656e+00

    3.28986e-01    -1.05943e+00
    3.28986e-01    -1.05943e+00

    3.28986e-01    -1.05943e+00
    3.28986e-01    -1.05943e+00

    2.69205e-01    -1.02299e+00
    2.52370e-01    -1.02000e+00

    2.69205e-01    -1.02299e+00
    2.89381e-01    -1.02656e+00

    4.21018e-01    -1.09662e+00
    3.63495e-01    -1.06211e+00

    3.28986e-01    -1.05943e+00
    3.63495e-01    -1.06211e+00

   -1.02299e+00     2.69205e-01
   -1.02000e+00     2.52370e-01

   -1.02299e+00     2.69205e-01
   -1.02656e+00     2.89381e-01

   -1.05943e+00     3.28986e-01
   -1.02656e+00     2.89381e-01

   -1.05943e+00     3.28986e-01
   -1.05943e+00     3.28986e-01

   -1.05943e+00     3.28986e-01
   -1.05943e+00     3.28986e-01

    1.09662e+00     4.21018e-01
    1.09662e+00     4.21018e-01

   -1.09662e+00     4.21018e-01
   -1.09662e+00     4.21018e-01

   -1.05943e+00     3.28986e-01
   -1.06211e+00     3.63495e-01

   -1.09662e+00     4.21018e-01
   -1.06211e+00     3.63495e-01

    1.09662e+00     4.21018e-01
    1.06211e+00     3.63495e-01

   -1.09662e+00     4.21018e-01
   -1.09662e+00     4.21018e-01

    1.09662e+00     4.21018e-01
    1.09662e+00     4.21018e-01

    4.21018e-01     1.09662e+00
    3.63495e-01     1.06211e+00

    4.21018e-01    -1.09662e+00
    4.21018e-01    -1.09662e+00

    4.21018e-01     1.09662e+00
    4.21018e-01     1.09662e+00

   -4.21018e-01    -1.09662e+00
   -4.21018e-01    -1.09662e+00

   -4.21018e-01     1.09662e+00
   -4.21018e-01     1.09662e+00

   -3.63495e-01    -1.06211e+00
   -4.21018e-01    -1.09662e+00

   -4.21018e-01    -1.09662e+00
   -3.63495e-01    -1.06211e+00

   -1.09662e+00    -4.21018e-01
   -1.09662e+00    -4.21018e-01

    1.09662e+00    -4.21018e-01
    1.09662e+00    -4.21018e-01

   -1.09662e+00    -4.21018e-01
   -1.06211e+00    -3.63495e-01

   -1.06211e+00    -3.63495e-01
   -1.09662e+00    -4.21018e-01

    1.09662e+00    -4.21018e-01
    1.06211e+00    -3.63495e-01

   -1.09662e+00    -4.21018e-01
   -1.09662e+00    -4.21018e-01

    1.09662e+00    -4.21018e-01
    1.09662e+00    -4.21018e-01

    1.06211e+00    -3.63495e-01
    1.05943e+00    -3.28986e-01

    1.05943e+00    -3.28986e-01
    1.05943e+00    -3.28986e-01

    1.05943e+00    -3.28986e-01
    1.05943e+00    -3.28986e-01

    1.02656e+00    -2.89381e-01
    1.05943e+00    -3.28986e-01

    1.02299e+00    -2.69205e-01
    1.02000e+00    -2.52370e-01

    1.02299e+00    -2.69205e-01
    1.02656e+00    -2.89381e-01

   -3.63495e-01     1.06211e+00
   -3.28986e-01     1.05943e+00

   -3.63495e-01     1.06211e+00
   -4.21018e-01     1.09662e+00

   -3.28986e-01     1.05943e+00
   -3.28986e-01     1.05943e+00

   -3.28986e-01     1.05943e+00
   -3.28986e-01     1.05943e+00

   -2.69205e-01     1.02299e+00
   -2.52370e-01     1.02000e+00

   -2.69205e-01     1.02299e+00
   -2.89381e-01     1.02656e+00

   -2.89381e-01     1.02656e+00
   -3.28986e-01     1.05943e+00

   -3.63495e-01    -1.06211e+00
   -3.28986e-01    -1.05943e+00

   -3.28986e-01    -1.05943e+00
   -3.63495e-01    -1.06211e+00

   -3.28986e-01    -1.05943e+00
   -3.28986e-01    -1.05943e+00

   -3.28986e-01    -1.05943e+00
   -3.28986e-01    -1.05943e+00

   -3.28986e-01    -1.05943e+00
   -3.28986e-01    -1.05943e+00

   -3.28986e-01    -1.05943e+00
   -3.28986e-01    -1.05943e+00

   -2.89382e-01    -1.02656e+00
   -3.28986e-01    -1.05943e+00

   -3.28986e-01    -1.05943e+00
   -2.89382e-01    -1.02656e+00

   -1.06211e+00    -3.63495e-01
   -1.05943e+00    -3.28986e-01

   -1.06211e+00    -3.63495e-01
   -1.05943e+00    -3.28986e-01

   -1.05943e+00    -3.28986e-01
   -1.05943e+00    -3.28986e-01

   -1.05943e+00    -3.28986e-01
   -1.05943e+00    -3.28986e-01

   -1.05943e+00    -3.28986e-01
   -1.05943e+00    -3.28986e-01

   -1.05943e+00    -3.28986e-01
   -1.05943e+00    -3.28986e-01

   -1.05943e+00    -3.28986e-01
   -1.02656e+00    -2.89382e-01

   -1.02656e+00    -2.89382e-01
   -1.05943e+00    -3.28986e-01

    1.02000e+00    -2.52370e-01
    1.01991e+00    -2.19324e-01

    1.01991e+00    -2.19324e-01
    1.01991e+00    -2.19324e-01

    1.00476e+00    -2.01518e-01
    1.01991e+00    -2.19324e-01

    9.93727e-01    -1.30506e-01
    9.91136e-01    -1.13841e-01

    9.93727e-01    -1.30506e-01
    1.00476e+00    -2.01518e-01

   -2.52370e-01     1.02000e+00
   -2.19324e-01     1.01991e+00

   -2.19324e-01     1.01991e+00
   -2.19324e-01     1.01991e+00

   -1.30506e-01     9.93727e-01
   -1.13841e-01     9.91137e-01

   -1.30506e-01     9.93727e-01
   -2.01518e-01     1.00476e+00

   -2.01518e-01     1.00476e+00
   -2.19324e-01     1.01991e+00

   -2.52370e-01    -1.02000e+00
   -2.19324e-01    -1.01991e+00

   -2.19324e-01    -1.01991e+00
   -2.52370e-01    -1.02000e+00

   -2.19324e-01    -1.01991e+00
   -2.19324e-01    -1.01991e+00

   -2.69205e-01    -1.02299e+00
   -2.52370e-01    -1.02000e+00

   -2.52370e-01    -1.02000e+00
   -2.69205e-01    -1.02299e+00

   -2.69205e-01    -1.02299e+00
   -2.69205e-01    -1.02299e+00

   -2.89382e-01    -1.02656e+00
   -2.69205e-01    -1.02299e+00

   -2.89382e-01    -1.02656e+00
   -2.89382e-01    -1.02656e+00

   -2.69205e-01    -1.02299e+00
   -2.89382e-01    -1.02656e+00

   -2.19324e-01    -1.01991e+00
   -2.19324e-01    -1.01991e+00

   -2.01518e-01    -1.00476e+00
   -2.19324e-01    -1.01991e+00

   -2.19324e-01    -1.01991e+00
   -2.01518e-01    -1.00476e+00

   -1.02000e+00    -2.52370e-01
   -1.02299e+00    -2.69205e-01

   -1.02299e+00    -2.69205e-01
   -1.02000e+00    -2.52370e-01

   -1.02299e+00    -2.69205e-01
   -1.02299e+00    -2.69205e-01

   -1.02656e+00    -2.89382e-01
   -1.02299e+00    -2.69205e-01

   -1.02656e+00    -2.89382e-01
   -1.02656e+00    -2.89382e-01

   -1.02656e+00    -2.89382e-01
   -1.02299e+00    -2.69205e-01

   -1.02000e+00    -2.52370e-01
   -1.01991e+00    -2.19324e-01

   -1.02000e+00    -2.52370e-01
   -1.01991e+00    -2.19324e-01

   -1.01991e+00    -2.19324e-01
   -1.01991e+00    -2.19324e-01

   -1.01991e+00    -2.19324e-01
   -1.01991e+00    -2.19324e-01

   -1.01991e+00    -2.19324e-01
   -1.00476e+00    -2.01518e-01

   -1.00476e+00    -2.01518e-01
   -1.01991e+00    -2.19324e-01

    9.91844e-01    -1.09662e-01
    9.91136e-01    -1.13841e-01

    9.91844e-01    -1.09662e-01
    9.91844e-01    -1.09662e-01

    9.86958e-01    -6.09309e-02
    9.84463e-01    -2.49411e-03

    9.86958e-01    -6.09309e-02
    9.86958e-01    -6.09309e-02

    9.86958e-01    -6.09309e-02
    9.86958e-01    -6.09309e-02

    9.84495e-01     0.00000e+00
    9.84463e-01    -2.49411e-03

    9.84495e-01     0.00000e+00
    9.84495e-01     0.00000e+00

    9.91844e-01    -1.09662e-01
    9.91844e-01    -1.09662e-01

    9.86958e-01    -6.09309e-02
    9.86958e-01    -6.09309e-02

    9.86958e-01    -6.09309e-02
    9.86958e-01    -6.09309e-02

    9.91844e-01    -1.09662e-01
    9.89846e-01    -1.06773e-01

    9.86958e-01    -6.09309e-02
    9.89846e-01    -1.06773e-01

    9.84495e-01     0.00000e+00
    9.84495e-01     0.00000e+00

    9.84495e-01     0.00000e+00
    9.84463e-01     2.49411e-03

    0.00000e+00     9.84495e-01
   -2.49411e-03     9.84463e-01

    0.00000e+00     9.84495e-01
    0.00000e+00     9.84495e-01

   -2.49411e-03     9.84463e-01
   -6.09308e-02     9.86958e-01

    0.00000e+00     9.84495e-01
    0.00000e+00     9.84495e-01

    0.00000e+00     9.84495e-01
    2.49411e-03     9.84463e-01

   -1.13841e-01     9.91137e-01
   -1.09662e-01     9.91844e-01

   -6.09311e-02     9.86958e-01
   -6.09310e-02     9.86958e-01

   -6.09308e-02     9.86958e-01
   -6.09310e-02     9.86958e-01

   -1.09662e-01     9.91844e-01
   -1.09662e-01     9.91844e-01

   -1.06773e-01     9.89846e-01
   -6.09311e-02     9.86958e-01

   -1.06773e-01     9.89846e-01
   -1.09662e-01     9.91844e-01

   -1.13841e-01    -9.91137e-01
   -1.09662e-01    -9.91844e-01

   -1.09662e-01    -9.91844e-01
   -1.13841e-01    -9.91137e-01

   -1.09662e-01    -9.91844e-01
   -1.09662e-01    -9.91844e-01

   -1.30506e-01    -9.93727e-01
   -1.13841e-01    -9.91137e-01

   -1.13841e-01    -9.91137e-01
   -1.30506e-01    -9.93727e-01

   -1.30506e-01    -9.93727e-01
   -1.30506e-01    -9.93727e-01

   -2.01518e-01    -1.00476e+00
   -1.30506e-01    -9.93727e-01

   -2.01518e-01    -1.00476e+00
   -2.01518e-01    -1.00476e+00

   -1.30506e-01    -9.93727e-01
   -2.01518e-01    -1.00476e+00

   -1.09662e-01    -9.91844e-01
   -1.09662e-01    -9.91844e-01

   -1.06773e-01    -9.89846e-01
   -1.09662e-01    -9.91844e-01

   -1.09662e-01    -9.91844e-01
   -1.06773e-01    -9.89846e-01

   -9.91137e-01    -1.13841e-01
   -9.93727e-01    -1.30506e-01

   -9.93727e-01    -1.30506e-01
   -9.91137e-01    -1.13841e-01

   -9.93727e-01    -1.30506e-01
   -9.93727e-01    -1.30506e-01

   -1.00476e+00    -2.01518e-01
   -9.93727e-01    -1.30506e-01

   -1.00476e+00    -2.01518e-01
   -1.00476e+00    -2.01518e-01

   -1.00476e+00    -2.01518e-01
   -9.93727e-01    -1.30506e-01

   -9.91137e-01    -1.13841e-01
   -9.91844e-01    -1.09662e-01

   -9.91137e-01    -1.13841e-01
   -9.91844e-01    -1.09662e-01

   -9.91844e-01    -1.09662e-01
   -9.91844e-01    -1.09662e-01

   -9.91844e-01    -1.09662e-01
   -9.91844e-01    -1.09662e-01

   -9.91844e-01    -1.09662e-01
   -9.89846e-01    -1.06773e-01

   -9.89846e-01    -1.06773e-01
   -9.91844e-01    -1.09662e-01

    9.84463e-01     2.49411e-03
    9.86958e-01     6.09306e-02

    9.86958e-01     6.09312e-02
    9.86958e-01     6.09310e-02

    9.86958e-01     6.09306e-02
    9.86958e-01     6.09310e-02

    9.89846e-01     1.06773e-01
    9.86958e-01     6.09312e-02

    2.49411e-03     9.84463e-01
    6.09307e-02     9.86958e-01

    6.09311e-02     9.86958e-01
    6.09310e-02     9.86958e-01

    6.09307e-02     9.86958e-01
    6.09310e-02     9.86958e-01

    1.06773e-01     9.89846e-01
    6.09311e-02     9.86958e-01

