   -2.64581e-01    -8.32039e-01
   -2.19324e-01    -8.25118e-01

   -2.19324e-01    -8.25118e-01
   -2.19324e-01    -8.25118e-01

   -2.19324e-01    -8.25118e-01
   -2.19324e-01    -8.25118e-01

   -1.76245e-01    -8.10713e-01
   -2.19324e-01    -8.25118e-01

   -8.32039e-01    -2.64581e-01
   -8.25118e-01    -2.19324e-01

   -8.25118e-01    -2.19324e-01
   -8.25118e-01    -2.19324e-01

   -8.25118e-01    -2.19324e-01
   -8.25118e-01    -2.19324e-01

   -8.10713e-01    -1.76245e-01
   -8.25118e-01    -2.19324e-01

    8.34088e-01     2.76637e-01
    8.32039e-01     2.64581e-01

    8.34088e-01     2.76637e-01
    8.35959e-01     2.87649e-01

    8.43112e-01     3.28986e-01
    8.35959e-01     2.87649e-01

    8.43112e-01     3.28986e-01
    8.43112e-01     3.28986e-01

    8.43112e-01     3.28986e-01
    8.43112e-01     3.28986e-01

    8.43112e-01     3.28986e-01
    8.43112e-01     3.28986e-01

    8.43112e-01     3.28986e-01
    8.43112e-01     3.28986e-01

    8.43112e-01     3.28986e-01
    8.16273e-01     3.77625e-01

    8.10147e-01     3.90723e-01
    8.05391e-01     4.00890e-01

    8.10147e-01     3.90723e-01
    8.16273e-01     3.77625e-01

    3.28986e-01     8.43112e-01
    2.87649e-01     8.35959e-01

    3.28986e-01     8.43112e-01
    3.28986e-01     8.43112e-01

    3.28986e-01     8.43112e-01
    3.28986e-01     8.43112e-01

    2.76637e-01     8.34088e-01
    2.64581e-01     8.32039e-01

    2.76637e-01     8.34088e-01
    2.87649e-01     8.35959e-01

    3.28986e-01     8.43112e-01
    3.28986e-01     8.43112e-01

    3.28986e-01     8.43112e-01
    3.28986e-01     8.43112e-01

    3.90723e-01     8.10147e-01
    4.00890e-01     8.05391e-01

    3.90723e-01     8.10147e-01
    3.77625e-01     8.16273e-01

    3.28986e-01     8.43112e-01
    3.77625e-01     8.16273e-01

   -1.42897e-01    -8.00869e-01
   -1.09662e-01    -7.96310e-01

   -1.57420e-01    -8.05156e-01
   -1.42897e-01    -8.00869e-01

   -1.57420e-01    -8.05156e-01
   -1.76245e-01    -8.10713e-01

   -1.09662e-01    -7.96310e-01
   -1.09662e-01    -7.96310e-01

   -8.62610e-02    -7.91035e-01
   -1.09662e-01    -7.96310e-01

   -8.05156e-01    -1.57420e-01
   -8.00869e-01    -1.42897e-01

   -8.05156e-01    -1.57420e-01
   -8.10713e-01    -1.76245e-01

   -7.96310e-01    -1.09662e-01
   -8.00869e-01    -1.42897e-01

   -7.96310e-01    -1.09662e-01
   -7.96310e-01    -1.09662e-01

   -7.96310e-01    -1.09662e-01
   -7.96310e-01    -1.09662e-01

   -7.96310e-01    -1.09662e-01
   -7.91035e-01    -8.62610e-02

    7.94406e-01     4.38648e-01
    8.05391e-01     4.00890e-01

    7.94406e-01     4.38648e-01
    7.94406e-01     4.38648e-01

    7.67634e-01     4.79559e-01
    7.32746e-01     5.13422e-01

    7.67634e-01     4.79559e-01
    7.67634e-01     4.79559e-01

    7.19180e-01     5.48310e-01
    7.32746e-01     5.13422e-01

    7.19180e-01     5.48310e-01
    7.19180e-01     5.48310e-01

    7.94406e-01     4.38648e-01
    7.94406e-01     4.38648e-01

    7.67634e-01     4.79559e-01
    7.67634e-01     4.79559e-01

    7.94406e-01     4.38648e-01
    7.83972e-01     4.54986e-01

    7.67634e-01     4.79559e-01
    7.83972e-01     4.54986e-01

    6.32867e-01     6.32867e-01
    6.57972e-01     6.18888e-01

    6.32867e-01     6.32867e-01
    6.18888e-01     6.57972e-01

    7.19180e-01     5.48310e-01
    7.19180e-01     5.48310e-01

    6.57972e-01     6.18888e-01
    6.57972e-01     6.18887e-01

    7.19180e-01     5.48310e-01
    6.88429e-01     5.78767e-01

    6.88429e-01     5.78767e-01
    6.57972e-01     6.18887e-01

    5.48310e-01     7.19180e-01
    5.13422e-01     7.32746e-01

    5.48310e-01     7.19180e-01
    5.48310e-01     7.19180e-01

    4.79559e-01     7.67634e-01
    5.13422e-01     7.32746e-01

    4.79559e-01     7.67634e-01
    4.79559e-01     7.67634e-01

    6.18888e-01     6.57972e-01
    6.18887e-01     6.57972e-01

    5.48310e-01     7.19180e-01
    5.48310e-01     7.19180e-01

    5.78767e-01     6.88429e-01
    6.18887e-01     6.57972e-01

    5.48310e-01     7.19180e-01
    5.78767e-01     6.88429e-01

    4.38648e-01     7.94406e-01
    4.00890e-01     8.05391e-01

    4.38648e-01     7.94406e-01
    4.38648e-01     7.94406e-01

    4.79559e-01     7.67634e-01
    4.79559e-01     7.67634e-01

    4.38648e-01     7.94406e-01
    4.38648e-01     7.94406e-01

    4.79559e-01     7.67634e-01
    4.54986e-01     7.83972e-01

    4.38648e-01     7.94406e-01
    4.54986e-01     7.83972e-01

    0.00000e+00    -7.83562e-01
   -1.52470e-02    -7.82881e-01

    0.00000e+00    -7.83562e-01
    0.00000e+00    -7.83562e-01

   -4.32627e-02    -7.86098e-01
   -1.52470e-02    -7.82881e-01

   -4.32627e-02    -7.86098e-01
   -8.62610e-02    -7.91035e-01

    0.00000e+00    -7.83562e-01
    0.00000e+00    -7.83562e-01

    0.00000e+00    -7.83562e-01
    1.52470e-02    -7.82881e-01

   -7.86098e-01    -4.32627e-02
   -7.82881e-01    -1.52470e-02

   -7.86098e-01    -4.32627e-02
   -7.91035e-01    -8.62610e-02

   -7.83562e-01     0.00000e+00
   -7.82881e-01    -1.52470e-02

   -7.83562e-01     0.00000e+00
   -7.83562e-01     0.00000e+00

   -7.83562e-01     0.00000e+00
   -7.83562e-01     0.00000e+00

   -7.83562e-01     0.00000e+00
   -7.82881e-01     1.52470e-02

    1.09662e-01    -7.96310e-01
    8.62610e-02    -7.91035e-01

    1.09662e-01    -7.96310e-01
    1.09662e-01    -7.96310e-01

    4.32627e-02    -7.86098e-01
    1.52470e-02    -7.82881e-01

    4.32627e-02    -7.86098e-01
    8.62610e-02    -7.91035e-01

    1.09662e-01    -7.96310e-01
    1.42897e-01    -8.00869e-01

   -7.86098e-01     4.32627e-02
   -7.82881e-01     1.52470e-02

   -7.86098e-01     4.32627e-02
   -7.91035e-01     8.62610e-02

   -7.96310e-01     1.09662e-01
   -7.91035e-01     8.62610e-02

   -7.96310e-01     1.09662e-01
   -7.96310e-01     1.09662e-01

   -7.96310e-01     1.09662e-01
   -7.96310e-01     1.09662e-01

   -7.96310e-01     1.09662e-01
   -8.00869e-01     1.42897e-01

    2.19324e-01    -8.25118e-01
    1.76245e-01    -8.10713e-01

    2.19324e-01    -8.25118e-01
    2.19324e-01    -8.25118e-01

    2.19324e-01    -8.25118e-01
    2.19324e-01    -8.25118e-01

    1.57420e-01    -8.05156e-01
    1.42897e-01    -8.00869e-01

    1.57420e-01    -8.05156e-01
    1.76245e-01    -8.10713e-01

    2.64581e-01    -8.32039e-01
    2.76637e-01    -8.34088e-01

    2.87649e-01    -8.35959e-01
    2.76637e-01    -8.34088e-01

    2.19324e-01    -8.25118e-01
    2.64581e-01    -8.32039e-01

   -8.05156e-01     1.57420e-01
   -8.00869e-01     1.42897e-01

   -8.05156e-01     1.57420e-01
   -8.10713e-01     1.76245e-01

   -8.25118e-01     2.19324e-01
   -8.10713e-01     1.76245e-01

   -8.25118e-01     2.19324e-01
   -8.25118e-01     2.19324e-01

   -8.25118e-01     2.19324e-01
   -8.25118e-01     2.19324e-01

   -8.25118e-01     2.19324e-01
   -8.32039e-01     2.64581e-01

   -8.32039e-01     2.64581e-01
   -8.34088e-01     2.76637e-01

   -8.35959e-01     2.87649e-01
   -8.34088e-01     2.76637e-01

    3.28986e-01    -8.43112e-01
    2.87649e-01    -8.35959e-01

    3.28986e-01    -8.43112e-01
    3.28986e-01    -8.43112e-01

    3.28986e-01    -8.43112e-01
    3.28986e-01    -8.43112e-01

    3.28986e-01    -8.43112e-01
    3.77625e-01    -8.16273e-01

   -8.43112e-01     3.28986e-01
   -8.35959e-01     2.87649e-01

   -8.43112e-01     3.28986e-01
   -8.43112e-01     3.28986e-01

   -8.43112e-01     3.28986e-01
   -8.43112e-01     3.28986e-01

   -8.43112e-01     3.28986e-01
   -8.16273e-01     3.77625e-01

    4.38648e-01    -7.94406e-01
    4.00890e-01    -8.05391e-01

    4.38648e-01    -7.94406e-01
    4.38648e-01    -7.94406e-01

    3.90723e-01    -8.10147e-01
    4.00890e-01    -8.05391e-01

    3.90723e-01    -8.10147e-01
    3.77625e-01    -8.16273e-01

    4.38648e-01    -7.94406e-01
    4.38648e-01    -7.94406e-01

    4.38648e-01    -7.94406e-01
    4.54986e-01    -7.83972e-01

   -8.10147e-01     3.90723e-01
   -8.05391e-01     4.00890e-01

   -8.10147e-01     3.90723e-01
   -8.16273e-01     3.77625e-01

   -7.94406e-01     4.38648e-01
   -8.05391e-01     4.00890e-01

   -7.94406e-01     4.38648e-01
   -7.94406e-01     4.38648e-01

   -7.94406e-01     4.38648e-01
   -7.94406e-01     4.38648e-01

   -7.94406e-01     4.38648e-01
   -7.83972e-01     4.54986e-01

    4.79559e-01    -7.67634e-01
    4.54986e-01    -7.83972e-01

    4.79559e-01    -7.67634e-01
    4.79559e-01    -7.67634e-01

    4.79559e-01    -7.67634e-01
    4.79559e-01    -7.67634e-01

    4.79559e-01    -7.67634e-01
    5.13422e-01    -7.32746e-01

   -7.67634e-01     4.79559e-01
   -7.83972e-01     4.54986e-01

   -7.67634e-01     4.79559e-01
   -7.67634e-01     4.79559e-01

   -7.67634e-01     4.79559e-01
   -7.67634e-01     4.79559e-01

   -7.67634e-01     4.79559e-01
   -7.32746e-01     5.13422e-01

    5.13422e-01    -7.32746e-01
    5.48310e-01    -7.19180e-01

    5.48310e-01    -7.19180e-01
    5.48310e-01    -7.19180e-01

    5.78767e-01    -6.88429e-01
    5.48310e-01    -7.19180e-01

   -7.32746e-01     5.13422e-01
   -7.19180e-01     5.48310e-01

   -7.19180e-01     5.48310e-01
   -7.19180e-01     5.48310e-01

   -6.88429e-01     5.78767e-01
   -7.19180e-01     5.48310e-01

    5.78767e-01    -6.88429e-01
    6.18887e-01    -6.57972e-01

    6.18887e-01    -6.57972e-01
    6.18887e-01    -6.57972e-01

    6.32867e-01    -6.32867e-01
    6.18887e-01    -6.57972e-01

   -6.88429e-01     5.78767e-01
   -6.57972e-01     6.18887e-01

   -6.57972e-01     6.18887e-01
   -6.57972e-01     6.18887e-01

   -6.32867e-01     6.32867e-01
   -6.57972e-01     6.18887e-01

    6.57972e-01    -6.18887e-01
    6.32867e-01    -6.32867e-01

    6.57972e-01    -6.18887e-01
    6.57972e-01    -6.18887e-01

    6.57972e-01    -6.18887e-01
    6.88429e-01    -5.78767e-01

   -6.18887e-01     6.57972e-01
   -6.32867e-01     6.32867e-01

   -6.18887e-01     6.57972e-01
   -6.18887e-01     6.57972e-01

   -6.18887e-01     6.57972e-01
   -5.78767e-01     6.88429e-01

    7.19180e-01    -5.48310e-01
    6.88429e-01    -5.78767e-01

    7.19180e-01    -5.48310e-01
    7.19180e-01    -5.48310e-01

    7.19180e-01    -5.48310e-01
    7.32746e-01    -5.13422e-01

   -5.48310e-01     7.19180e-01
   -5.78767e-01     6.88429e-01

   -5.48310e-01     7.19180e-01
   -5.48310e-01     7.19180e-01

   -5.48310e-01     7.19180e-01
   -5.13422e-01     7.32746e-01

    7.67634e-01    -4.79559e-01
    7.32746e-01    -5.13422e-01

    7.67634e-01    -4.79559e-01
    7.67634e-01    -4.79559e-01

    7.67634e-01    -4.79559e-01
    7.67634e-01    -4.79559e-01

    7.67634e-01    -4.79559e-01
    7.83972e-01    -4.54986e-01

   -4.79559e-01     7.67634e-01
   -5.13422e-01     7.32746e-01

   -4.79559e-01     7.67634e-01
   -4.79559e-01     7.67634e-01

   -4.79559e-01     7.67634e-01
   -4.79559e-01     7.67634e-01

   -4.79559e-01     7.67634e-01
   -4.54986e-01     7.83972e-01

    7.94406e-01    -4.38648e-01
    7.83972e-01    -4.54986e-01

    7.94406e-01    -4.38648e-01
    7.94406e-01    -4.38648e-01

    7.94406e-01    -4.38648e-01
    7.94406e-01    -4.38648e-01

    7.94406e-01    -4.38648e-01
    8.05391e-01    -4.00890e-01

    8.10147e-01    -3.90723e-01
    8.05391e-01    -4.00890e-01

    8.10147e-01    -3.90723e-01
    8.16273e-01    -3.77625e-01

   -4.38648e-01     7.94406e-01
   -4.54986e-01     7.83972e-01

   -4.38648e-01     7.94406e-01
   -4.38648e-01     7.94406e-01

   -4.38648e-01     7.94406e-01
   -4.38648e-01     7.94406e-01

   -3.90723e-01     8.10147e-01
   -4.00890e-01     8.05391e-01

   -3.90723e-01     8.10147e-01
   -3.77625e-01     8.16273e-01

   -4.38648e-01     7.94406e-01
   -4.00890e-01     8.05391e-01

    8.16273e-01    -3.77625e-01
    8.43112e-01    -3.28986e-01

    8.43112e-01    -3.28986e-01
    8.43112e-01    -3.28986e-01

    8.43112e-01    -3.28986e-01
    8.43112e-01    -3.28986e-01

    8.35959e-01    -2.87649e-01
    8.43112e-01    -3.28986e-01

   -3.77625e-01     8.16273e-01
   -3.28986e-01     8.43112e-01

   -3.28986e-01     8.43112e-01
   -3.28986e-01     8.43112e-01

   -3.28986e-01     8.43112e-01
   -3.28986e-01     8.43112e-01

   -2.87649e-01     8.35959e-01
   -3.28986e-01     8.43112e-01

    8.34088e-01    -2.76637e-01
    8.32039e-01    -2.64581e-01

    8.34088e-01    -2.76637e-01
    8.35959e-01    -2.87649e-01

    8.32039e-01    -2.64581e-01
    8.25118e-01    -2.19324e-01

    8.25118e-01    -2.19324e-01
    8.25118e-01    -2.19324e-01

    8.25118e-01    -2.19324e-01
    8.25118e-01    -2.19324e-01

    8.10713e-01    -1.76245e-01
    8.25118e-01    -2.19324e-01

    8.05156e-01    -1.57420e-01
    8.00869e-01    -1.42897e-01

    8.05156e-01    -1.57420e-01
    8.10713e-01    -1.76245e-01

   -2.64581e-01     8.32039e-01
   -2.19324e-01     8.25118e-01

   -2.76637e-01     8.34088e-01
   -2.64581e-01     8.32039e-01

   -2.76637e-01     8.34088e-01
   -2.87649e-01     8.35959e-01

   -2.19324e-01     8.25118e-01
   -2.19324e-01     8.25118e-01

   -2.19324e-01     8.25118e-01
   -2.19324e-01     8.25118e-01

   -1.57420e-01     8.05156e-01
   -1.42897e-01     8.00869e-01

   -1.57420e-01     8.05156e-01
   -1.76245e-01     8.10713e-01

   -1.76245e-01     8.10713e-01
   -2.19324e-01     8.25118e-01

    7.96310e-01    -1.09662e-01
    8.00869e-01    -1.42897e-01

    7.96310e-01    -1.09662e-01
    7.96310e-01    -1.09662e-01

    7.96310e-01    -1.09662e-01
    7.96310e-01    -1.09662e-01

    7.96310e-01    -1.09662e-01
    7.91035e-01    -8.62610e-02

    7.86098e-01    -4.32627e-02
    7.82881e-01    -1.52470e-02

    7.86098e-01    -4.32627e-02
    7.91035e-01    -8.62610e-02

   -1.42897e-01     8.00869e-01
   -1.09662e-01     7.96310e-01

   -1.09662e-01     7.96310e-01
   -1.09662e-01     7.96310e-01

   -4.32627e-02     7.86098e-01
   -1.52470e-02     7.82881e-01

   -4.32627e-02     7.86098e-01
   -8.62610e-02     7.91035e-01

   -8.62610e-02     7.91035e-01
   -1.09662e-01     7.96310e-01

    7.83562e-01     0.00000e+00
    7.82881e-01    -1.52470e-02

    7.83562e-01     0.00000e+00
    7.83562e-01     0.00000e+00

    7.83562e-01     0.00000e+00
    7.83562e-01     0.00000e+00

    7.83562e-01     0.00000e+00
    7.82881e-01     1.52470e-02

    7.86098e-01     4.32627e-02
    7.82881e-01     1.52470e-02

    7.86098e-01     4.32627e-02
    7.91035e-01     8.62610e-02

    0.00000e+00     7.83562e-01
   -1.52470e-02     7.82881e-01

    0.00000e+00     7.83562e-01
    0.00000e+00     7.83562e-01

    0.00000e+00     7.83562e-01
    0.00000e+00     7.83562e-01

    4.32627e-02     7.86098e-01
    1.52470e-02     7.82881e-01

    4.32627e-02     7.86098e-01
    8.62610e-02     7.91035e-01

    0.00000e+00     7.83562e-01
    1.52470e-02     7.82881e-01

   -4.54986e-01    -7.83972e-01
   -4.38648e-01    -7.94406e-01

   -4.38648e-01    -7.94406e-01
   -4.54986e-01    -7.83972e-01

   -4.38648e-01    -7.94406e-01
   -4.38648e-01    -7.94406e-01

   -4.79559e-01    -7.67634e-01
   -4.54986e-01    -7.83972e-01

   -4.54986e-01    -7.83972e-01
   -4.79559e-01    -7.67634e-01

   -4.79559e-01    -7.67634e-01
   -4.79559e-01    -7.67634e-01

   -4.38648e-01    -7.94406e-01
   -4.38648e-01    -7.94406e-01

   -4.38648e-01    -7.94406e-01
   -4.00890e-01    -8.05391e-01

   -4.00890e-01    -8.05391e-01
   -4.38648e-01    -7.94406e-01

   -5.48310e-01    -7.19180e-01
   -5.78767e-01    -6.88429e-01

   -5.48310e-01    -7.19180e-01
   -5.78767e-01    -6.88429e-01

   -5.48310e-01    -7.19180e-01
   -5.48310e-01    -7.19180e-01

   -6.18887e-01    -6.57972e-01
   -5.78767e-01    -6.88429e-01

   -5.78767e-01    -6.88429e-01
   -5.78767e-01    -6.88429e-01

   -6.18887e-01    -6.57972e-01
   -6.18887e-01    -6.57972e-01

   -4.79559e-01    -7.67634e-01
   -4.79559e-01    -7.67634e-01

   -5.48310e-01    -7.19180e-01
   -5.48310e-01    -7.19180e-01

   -4.79559e-01    -7.67634e-01
   -5.13422e-01    -7.32746e-01

   -4.79559e-01    -7.67634e-01
   -5.13422e-01    -7.32746e-01

   -5.48310e-01    -7.19180e-01
   -5.13422e-01    -7.32746e-01

   -5.13422e-01    -7.32746e-01
   -5.48310e-01    -7.19180e-01

   -6.57972e-01    -6.18887e-01
   -6.88429e-01    -5.78767e-01

   -6.88429e-01    -5.78767e-01
   -6.88429e-01    -5.78767e-01

   -6.57972e-01    -6.18887e-01
   -6.57972e-01    -6.18887e-01

   -7.19180e-01    -5.48310e-01
   -6.88429e-01    -5.78767e-01

   -6.88429e-01    -5.78767e-01
   -7.19180e-01    -5.48310e-01

   -7.19180e-01    -5.48310e-01
   -7.19180e-01    -5.48310e-01

   -6.18888e-01    -6.57972e-01
   -6.32867e-01    -6.32867e-01

   -6.32867e-01    -6.32867e-01
   -6.32867e-01    -6.32867e-01

   -6.57972e-01    -6.18888e-01
   -6.32867e-01    -6.32867e-01

   -6.32867e-01    -6.32867e-01
   -6.32867e-01    -6.32867e-01

   -7.67634e-01    -4.79559e-01
   -7.83972e-01    -4.54986e-01

   -7.67634e-01    -4.79559e-01
   -7.83972e-01    -4.54986e-01

   -7.67634e-01    -4.79559e-01
   -7.67634e-01    -4.79559e-01

   -7.83972e-01    -4.54986e-01
   -7.94406e-01    -4.38648e-01

   -7.83972e-01    -4.54986e-01
   -7.94406e-01    -4.38648e-01

   -7.94406e-01    -4.38648e-01
   -7.94406e-01    -4.38648e-01

   -7.19180e-01    -5.48310e-01
   -7.19180e-01    -5.48310e-01

   -7.67634e-01    -4.79559e-01
   -7.67634e-01    -4.79559e-01

   -7.19180e-01    -5.48310e-01
   -7.32746e-01    -5.13422e-01

   -7.19180e-01    -5.48310e-01
   -7.32746e-01    -5.13422e-01

   -7.67634e-01    -4.79559e-01
   -7.32746e-01    -5.13422e-01

   -7.32746e-01    -5.13422e-01
   -7.67634e-01    -4.79559e-01

   -7.94406e-01    -4.38648e-01
   -7.94406e-01    -4.38648e-01

   -7.94406e-01    -4.38648e-01
   -8.05391e-01    -4.00890e-01

   -7.94406e-01    -4.38648e-01
   -8.05391e-01    -4.00890e-01

    7.96310e-01     1.09662e-01
    7.91035e-01     8.62610e-02

    7.96310e-01     1.09662e-01
    7.96310e-01     1.09662e-01

    7.96310e-01     1.09662e-01
    7.96310e-01     1.09662e-01

    7.96310e-01     1.09662e-01
    8.00869e-01     1.42897e-01

    8.05156e-01     1.57420e-01
    8.00869e-01     1.42897e-01

    8.05156e-01     1.57420e-01
    8.10713e-01     1.76245e-01

    1.09662e-01     7.96310e-01
    8.62610e-02     7.91035e-01

    1.09662e-01     7.96310e-01
    1.09662e-01     7.96310e-01

    1.57420e-01     8.05156e-01
    1.42897e-01     8.00869e-01

    1.57420e-01     8.05156e-01
    1.76245e-01     8.10713e-01

    1.09662e-01     7.96310e-01
    1.42897e-01     8.00869e-01

   -3.77625e-01    -8.16273e-01
   -3.28986e-01    -8.43112e-01

   -3.28986e-01    -8.43112e-01
   -3.77625e-01    -8.16273e-01

   -3.28986e-01    -8.43112e-01
   -3.28986e-01    -8.43112e-01

   -3.28986e-01    -8.43112e-01
   -3.28986e-01    -8.43112e-01

   -3.90723e-01    -8.10147e-01
   -4.00890e-01    -8.05391e-01

   -4.00890e-01    -8.05391e-01
   -3.90723e-01    -8.10147e-01

   -3.90723e-01    -8.10147e-01
   -3.90723e-01    -8.10147e-01

   -3.90723e-01    -8.10147e-01
   -3.77625e-01    -8.16273e-01

   -3.77625e-01    -8.16273e-01
   -3.77625e-01    -8.16273e-01

   -3.77625e-01    -8.16273e-01
   -3.90723e-01    -8.10147e-01

   -3.28986e-01    -8.43112e-01
   -3.28986e-01    -8.43112e-01

   -3.28986e-01    -8.43112e-01
   -3.28986e-01    -8.43112e-01

   -2.76637e-01    -8.34088e-01
   -2.76637e-01    -8.34088e-01

   -2.64581e-01    -8.32039e-01
   -2.76637e-01    -8.34088e-01

   -2.76637e-01    -8.34088e-01
   -2.76637e-01    -8.34088e-01

   -2.64581e-01    -8.32039e-01
   -2.76637e-01    -8.34088e-01

   -2.64581e-01    -8.32039e-01
   -2.64581e-01    -8.32039e-01

   -2.76637e-01    -8.34088e-01
   -2.87649e-01    -8.35959e-01

   -2.87649e-01    -8.35959e-01
   -2.87649e-01    -8.35959e-01

   -2.76637e-01    -8.34088e-01
   -2.76637e-01    -8.34088e-01

   -2.87649e-01    -8.35959e-01
   -2.76637e-01    -8.34088e-01

   -2.87649e-01    -8.35959e-01
   -2.87649e-01    -8.35959e-01

   -2.87649e-01    -8.35959e-01
   -3.28986e-01    -8.43112e-01

   -3.28986e-01    -8.43112e-01
   -2.87649e-01    -8.35959e-01

   -8.05391e-01    -4.00890e-01
   -8.10147e-01    -3.90723e-01

   -8.05391e-01    -4.00890e-01
   -8.10147e-01    -3.90723e-01

   -8.10147e-01    -3.90723e-01
   -8.10147e-01    -3.90723e-01

   -8.10147e-01    -3.90723e-01
   -8.16273e-01    -3.77625e-01

   -8.16273e-01    -3.77625e-01
   -8.16273e-01    -3.77625e-01

   -8.10147e-01    -3.90723e-01
   -8.16273e-01    -3.77625e-01

   -8.16273e-01    -3.77625e-01
   -8.43112e-01    -3.28986e-01

   -8.16273e-01    -3.77625e-01
   -8.43112e-01    -3.28986e-01

   -8.43112e-01    -3.28986e-01
   -8.43112e-01    -3.28986e-01

   -8.43112e-01    -3.28986e-01
   -8.43112e-01    -3.28986e-01

   -8.43112e-01    -3.28986e-01
   -8.43112e-01    -3.28986e-01

   -8.43112e-01    -3.28986e-01
   -8.43112e-01    -3.28986e-01

   -8.43112e-01    -3.28986e-01
   -8.35959e-01    -2.87649e-01

   -8.35959e-01    -2.87649e-01
   -8.43112e-01    -3.28986e-01

   -8.34088e-01    -2.76637e-01
   -8.34088e-01    -2.76637e-01

   -8.34088e-01    -2.76637e-01
   -8.32039e-01    -2.64581e-01

   -8.34088e-01    -2.76637e-01
   -8.34088e-01    -2.76637e-01

   -8.34088e-01    -2.76637e-01
   -8.32039e-01    -2.64581e-01

   -8.32039e-01    -2.64581e-01
   -8.32039e-01    -2.64581e-01

   -8.35959e-01    -2.87649e-01
   -8.34088e-01    -2.76637e-01

   -8.35959e-01    -2.87649e-01
   -8.35959e-01    -2.87649e-01

   -8.34088e-01    -2.76637e-01
   -8.34088e-01    -2.76637e-01

   -8.34088e-01    -2.76637e-01
   -8.35959e-01    -2.87649e-01

   -8.35959e-01    -2.87649e-01
   -8.35959e-01    -2.87649e-01

    8.25118e-01     2.19324e-01
    8.10713e-01     1.76245e-01

    8.25118e-01     2.19324e-01
    8.25118e-01     2.19324e-01

    8.25118e-01     2.19324e-01
    8.25118e-01     2.19324e-01

    8.25118e-01     2.19324e-01
    8.32039e-01     2.64581e-01

    2.19324e-01     8.25118e-01
    1.76245e-01     8.10713e-01

    2.19324e-01     8.25118e-01
    2.19324e-01     8.25118e-01

    2.19324e-01     8.25118e-01
    2.19324e-01     8.25118e-01

    2.19324e-01     8.25118e-01
    2.64581e-01     8.32039e-01

   -1.09662e-01    -9.23411e-01
   -1.43496e-01    -9.11130e-01

   -1.09662e-01    -9.23411e-01
   -1.09662e-01    -9.23411e-01

   -1.77073e-01    -9.03367e-01
   -1.98118e-01    -8.98502e-01

   -1.77073e-01    -9.03367e-01
   -1.43496e-01    -9.11130e-01

   -1.09662e-01    -9.23411e-01
   -6.65486e-02    -9.20409e-01

   -9.03367e-01    -1.77073e-01
   -8.98502e-01    -1.98118e-01

   -9.03367e-01    -1.77073e-01
   -9.11130e-01    -1.43496e-01

   -9.23411e-01    -1.09662e-01
   -9.11130e-01    -1.43496e-01

   -9.23411e-01    -1.09662e-01
   -9.23411e-01    -1.09662e-01

   -9.23411e-01    -1.09662e-01
   -9.20409e-01    -6.65486e-02

    8.96718e-01     2.19324e-01
    8.98502e-01     1.98118e-01

    8.96718e-01     2.19324e-01
    8.96718e-01     2.19324e-01

    8.77296e-01     2.79948e-01
    8.64548e-01     3.16238e-01

    8.77296e-01     2.79948e-01
    8.77296e-01     2.79948e-01

    8.77296e-01     2.79948e-01
    8.77296e-01     2.79948e-01

    8.66278e-01     3.28986e-01
    8.64548e-01     3.16238e-01

    8.66278e-01     3.28986e-01
    8.66278e-01     3.28986e-01

    8.96718e-01     2.19324e-01
    8.96718e-01     2.19324e-01

    8.77296e-01     2.79948e-01
    8.77296e-01     2.79948e-01

    8.77296e-01     2.79948e-01
    8.77296e-01     2.79948e-01

    8.96718e-01     2.19324e-01
    8.91616e-01     2.33644e-01

    8.77296e-01     2.79948e-01
    8.91616e-01     2.33644e-01

    8.66278e-01     3.28986e-01
    8.66278e-01     3.28986e-01

    8.66278e-01     3.28986e-01
    8.68298e-01     3.37983e-01

    3.28986e-01     8.66278e-01
    3.16238e-01     8.64548e-01

    3.28986e-01     8.66278e-01
    3.28986e-01     8.66278e-01

    2.79948e-01     8.77296e-01
    3.16238e-01     8.64548e-01

    2.79948e-01     8.77296e-01
    2.79948e-01     8.77296e-01

    2.79948e-01     8.77296e-01
    2.79948e-01     8.77296e-01

    3.28986e-01     8.66278e-01
    3.28986e-01     8.66278e-01

    3.28986e-01     8.66278e-01
    3.37983e-01     8.68298e-01

    2.19324e-01     8.96718e-01
    1.98118e-01     8.98502e-01

    2.19324e-01     8.96718e-01
    2.19324e-01     8.96718e-01

    2.79948e-01     8.77296e-01
    2.79948e-01     8.77296e-01

    2.79948e-01     8.77296e-01
    2.79948e-01     8.77296e-01

    2.19324e-01     8.96718e-01
    2.19324e-01     8.96718e-01

    2.79948e-01     8.77296e-01
    2.33644e-01     8.91616e-01

    2.19324e-01     8.96718e-01
    2.33644e-01     8.91616e-01

    0.00000e+00    -9.32102e-01
   -4.48462e-02    -9.22142e-01

    0.00000e+00    -9.32102e-01
    0.00000e+00    -9.32102e-01

   -5.59112e-02    -9.21258e-01
   -6.65486e-02    -9.20409e-01

   -5.59112e-02    -9.21258e-01
   -4.48462e-02    -9.22142e-01

    0.00000e+00    -9.32102e-01
    0.00000e+00    -9.32102e-01

    0.00000e+00    -9.32102e-01
    4.48462e-02    -9.22142e-01

   -9.21258e-01    -5.59112e-02
   -9.20409e-01    -6.65486e-02

   -9.21258e-01    -5.59112e-02
   -9.22142e-01    -4.48462e-02

   -9.32102e-01     0.00000e+00
   -9.22142e-01    -4.48462e-02

   -9.32102e-01     0.00000e+00
   -9.32102e-01     0.00000e+00

   -9.32102e-01     0.00000e+00
   -9.32102e-01     0.00000e+00

   -9.32102e-01     0.00000e+00
   -9.22142e-01     4.48462e-02

    8.77296e-01     3.94746e-01
    8.68298e-01     3.37983e-01

    8.77296e-01     3.94746e-01
    8.77296e-01     3.94746e-01

    8.77296e-01     3.94746e-01
    8.77296e-01     3.94746e-01

    8.77296e-01     3.94746e-01
    8.77296e-01     3.94746e-01

    8.77296e-01     3.94746e-01
    8.77296e-01     3.94746e-01

    8.77296e-01     3.94746e-01
    8.84984e-01     4.30959e-01

    3.94746e-01     8.77296e-01
    3.37983e-01     8.68298e-01

    3.94746e-01     8.77296e-01
    3.94746e-01     8.77296e-01

    3.94746e-01     8.77296e-01
    3.94746e-01     8.77296e-01

    3.94746e-01     8.77296e-01
    3.94746e-01     8.77296e-01

    3.94746e-01     8.77296e-01
    3.94746e-01     8.77296e-01

    3.94746e-01     8.77296e-01
    4.30959e-01     8.84984e-01

    1.09662e-01    -9.23411e-01
    6.65486e-02    -9.20409e-01

    1.09662e-01    -9.23411e-01
    1.09662e-01    -9.23411e-01

    5.59112e-02    -9.21258e-01
    6.65486e-02    -9.20409e-01

    5.59112e-02    -9.21258e-01
    4.48462e-02    -9.22142e-01

    1.09662e-01    -9.23411e-01
    1.43496e-01    -9.11130e-01

   -9.21258e-01     5.59112e-02
   -9.20409e-01     6.65486e-02

   -9.21258e-01     5.59112e-02
   -9.22142e-01     4.48462e-02

   -9.23411e-01     1.09662e-01
   -9.20409e-01     6.65486e-02

   -9.23411e-01     1.09662e-01
   -9.23411e-01     1.09662e-01

   -9.23411e-01     1.09662e-01
   -9.23411e-01     1.09662e-01

   -9.23411e-01     1.09662e-01
   -9.11130e-01     1.43496e-01

    8.86292e-01     4.38648e-01
    8.84984e-01     4.30959e-01

    8.86292e-01     4.38648e-01
    8.86292e-01     4.38648e-01

    8.86292e-01     4.38648e-01
    8.86292e-01     4.38648e-01

    8.86292e-01     4.38648e-01
    8.86898e-01     4.48250e-01

    8.85122e-01     5.03619e-01
    8.83901e-01     5.41705e-01

    8.85122e-01     5.03619e-01
    8.86898e-01     4.48250e-01

    4.38648e-01     8.86292e-01
    4.30959e-01     8.84984e-01

    4.38648e-01     8.86292e-01
    4.38648e-01     8.86292e-01

    4.38648e-01     8.86292e-01
    4.38648e-01     8.86292e-01

    5.03619e-01     8.85122e-01
    5.41705e-01     8.83901e-01

    5.03619e-01     8.85122e-01
    4.48250e-01     8.86898e-01

    4.38648e-01     8.86292e-01
    4.48250e-01     8.86898e-01

    2.19324e-01    -8.96718e-01
    1.98118e-01    -8.98502e-01

    2.19324e-01    -8.96718e-01
    2.19324e-01    -8.96718e-01

    1.77073e-01    -9.03367e-01
    1.98118e-01    -8.98502e-01

    1.77073e-01    -9.03367e-01
    1.43496e-01    -9.11130e-01

    2.19324e-01    -8.96718e-01
    2.33644e-01    -8.91616e-01

   -9.03367e-01     1.77073e-01
   -8.98502e-01     1.98118e-01

   -9.03367e-01     1.77073e-01
   -9.11130e-01     1.43496e-01

   -8.96718e-01     2.19324e-01
   -8.98502e-01     1.98118e-01

   -8.96718e-01     2.19324e-01
   -8.96718e-01     2.19324e-01

   -8.96718e-01     2.19324e-01
   -8.91616e-01     2.33644e-01

    8.83583e-01     5.48310e-01
    8.83901e-01     5.41705e-01

    8.83583e-01     5.48310e-01
    8.83583e-01     5.48310e-01

    8.77296e-01     5.75404e-01
    8.52448e-01     6.33124e-01

    8.77296e-01     5.75404e-01
    8.77296e-01     5.75404e-01

    8.77296e-01     5.75404e-01
    8.77296e-01     5.75404e-01

    8.18328e-01     6.57972e-01
    8.52448e-01     6.33124e-01

    8.18328e-01     6.57972e-01
    8.18328e-01     6.57972e-01

    8.83583e-01     5.48310e-01
    8.83583e-01     5.48310e-01

    8.77296e-01     5.75404e-01
    8.77296e-01     5.75404e-01

    8.77296e-01     5.75404e-01
    8.77296e-01     5.75404e-01

    8.83583e-01     5.48310e-01
    8.84359e-01     5.55373e-01

    8.77296e-01     5.75404e-01
    8.84359e-01     5.55373e-01

    7.67634e-01     7.03551e-01
    7.44440e-01     7.44440e-01

    7.67634e-01     7.03551e-01
    7.67634e-01     7.03551e-01

    7.03551e-01     7.67634e-01
    7.44440e-01     7.44440e-01

    7.03551e-01     7.67634e-01
    7.03551e-01     7.67634e-01

    8.18328e-01     6.57972e-01
    8.18328e-01     6.57972e-01

    7.67634e-01     7.03551e-01
    7.67634e-01     7.03551e-01

    8.18328e-01     6.57972e-01
    7.97166e-01     6.87504e-01

    7.67634e-01     7.03551e-01
    7.97166e-01     6.87504e-01

    6.57972e-01     8.18328e-01
    6.33124e-01     8.52448e-01

    6.57972e-01     8.18328e-01
    6.57972e-01     8.18328e-01

    5.75404e-01     8.77296e-01
    6.33124e-01     8.52448e-01

    5.75404e-01     8.77296e-01
    5.75404e-01     8.77296e-01

    5.75404e-01     8.77296e-01
    5.75404e-01     8.77296e-01

    7.03551e-01     7.67634e-01
    7.03551e-01     7.67634e-01

    6.57972e-01     8.18328e-01
    6.57972e-01     8.18328e-01

    7.03551e-01     7.67634e-01
    6.87504e-01     7.97166e-01

    6.57972e-01     8.18328e-01
    6.87504e-01     7.97166e-01

    5.48310e-01     8.83583e-01
    5.41705e-01     8.83901e-01

    5.48310e-01     8.83583e-01
    5.48310e-01     8.83583e-01

    5.75404e-01     8.77296e-01
    5.75404e-01     8.77296e-01

    5.75404e-01     8.77296e-01
    5.75404e-01     8.77296e-01

    5.48310e-01     8.83583e-01
    5.48310e-01     8.83583e-01

    5.75404e-01     8.77296e-01
    5.55373e-01     8.84359e-01

    5.48310e-01     8.83583e-01
    5.55373e-01     8.84359e-01

    2.79948e-01    -8.77296e-01
    2.33644e-01    -8.91616e-01

    2.79948e-01    -8.77296e-01
    2.79948e-01    -8.77296e-01

    2.79948e-01    -8.77296e-01
    2.79948e-01    -8.77296e-01

    2.79948e-01    -8.77296e-01
    3.16238e-01    -8.64548e-01

   -8.77296e-01     2.79948e-01
   -8.91616e-01     2.33644e-01

   -8.77296e-01     2.79948e-01
   -8.77296e-01     2.79948e-01

   -8.77296e-01     2.79948e-01
   -8.77296e-01     2.79948e-01

   -8.77296e-01     2.79948e-01
   -8.64548e-01     3.16238e-01

    4.38648e-01    -8.86292e-01
    4.30959e-01    -8.84984e-01

    4.38648e-01    -8.86292e-01
    4.38648e-01    -8.86292e-01

    3.94746e-01    -8.77296e-01
    4.30959e-01    -8.84984e-01

    3.94746e-01    -8.77296e-01
    3.94746e-01    -8.77296e-01

    3.94746e-01    -8.77296e-01
    3.94746e-01    -8.77296e-01

    4.38648e-01    -8.86292e-01
    4.48250e-01    -8.86898e-01

    3.28986e-01    -8.66278e-01
    3.16238e-01    -8.64548e-01

    3.28986e-01    -8.66278e-01
    3.28986e-01    -8.66278e-01

    3.94746e-01    -8.77296e-01
    3.37983e-01    -8.68298e-01

    3.28986e-01    -8.66278e-01
    3.37983e-01    -8.68298e-01

   -8.66278e-01     3.28986e-01
   -8.64548e-01     3.16238e-01

   -8.66278e-01     3.28986e-01
   -8.66278e-01     3.28986e-01

   -8.77296e-01     3.94746e-01
   -8.84984e-01     4.30959e-01

   -8.77296e-01     3.94746e-01
   -8.77296e-01     3.94746e-01

   -8.77296e-01     3.94746e-01
   -8.77296e-01     3.94746e-01

   -8.86292e-01     4.38648e-01
   -8.84984e-01     4.30959e-01

   -8.86292e-01     4.38648e-01
   -8.86292e-01     4.38648e-01

   -8.66278e-01     3.28986e-01
   -8.68299e-01     3.37983e-01

   -8.77296e-01     3.94746e-01
   -8.68299e-01     3.37983e-01

   -8.86292e-01     4.38648e-01
   -8.86898e-01     4.48250e-01

    5.48310e-01    -8.83583e-01
    5.41705e-01    -8.83901e-01

    5.48310e-01    -8.83583e-01
    5.48310e-01    -8.83583e-01

    5.03618e-01    -8.85122e-01
    5.41705e-01    -8.83901e-01

    5.03618e-01    -8.85122e-01
    4.48250e-01    -8.86898e-01

    5.48310e-01    -8.83583e-01
    5.48310e-01    -8.83583e-01

    5.48310e-01    -8.83583e-01
    5.55373e-01    -8.84359e-01

   -8.85122e-01     5.03618e-01
   -8.83901e-01     5.41705e-01

   -8.85122e-01     5.03618e-01
   -8.86898e-01     4.48250e-01

   -8.83583e-01     5.48310e-01
   -8.83901e-01     5.41705e-01

   -8.83583e-01     5.48310e-01
   -8.83583e-01     5.48310e-01

   -8.83583e-01     5.48310e-01
   -8.84359e-01     5.55373e-01

    5.75404e-01    -8.77296e-01
    5.55373e-01    -8.84359e-01

    5.75404e-01    -8.77296e-01
    5.75404e-01    -8.77296e-01

    5.75404e-01    -8.77296e-01
    5.75404e-01    -8.77296e-01

    5.75404e-01    -8.77296e-01
    6.33124e-01    -8.52448e-01

   -8.77296e-01     5.75404e-01
   -8.84359e-01     5.55373e-01

   -8.77296e-01     5.75404e-01
   -8.77296e-01     5.75404e-01

   -8.77296e-01     5.75404e-01
   -8.77296e-01     5.75404e-01

   -8.77296e-01     5.75404e-01
   -8.52448e-01     6.33124e-01

    6.57972e-01    -8.18328e-01
    6.33124e-01    -8.52448e-01

    6.57972e-01    -8.18328e-01
    6.57972e-01    -8.18328e-01

    6.57972e-01    -8.18328e-01
    6.87504e-01    -7.97166e-01

   -8.18328e-01     6.57972e-01
   -8.52448e-01     6.33124e-01

   -8.18328e-01     6.57972e-01
   -8.18328e-01     6.57972e-01

   -8.18328e-01     6.57972e-01
   -7.97166e-01     6.87504e-01

    7.03551e-01    -7.67634e-01
    6.87504e-01    -7.97166e-01

    7.03551e-01    -7.67634e-01
    7.03551e-01    -7.67634e-01

    7.03551e-01    -7.67634e-01
    7.03551e-01    -7.67634e-01

    7.03551e-01    -7.67634e-01
    7.44440e-01    -7.44440e-01

   -7.67634e-01     7.03551e-01
   -7.97166e-01     6.87504e-01

   -7.67634e-01     7.03551e-01
   -7.67634e-01     7.03551e-01

   -7.67634e-01     7.03551e-01
   -7.67634e-01     7.03551e-01

   -7.67634e-01     7.03551e-01
   -7.44440e-01     7.44440e-01

    7.67634e-01    -7.03551e-01
    7.44440e-01    -7.44440e-01

    7.67634e-01    -7.03551e-01
    7.67634e-01    -7.03551e-01

    7.67634e-01    -7.03551e-01
    7.67634e-01    -7.03551e-01

    7.67634e-01    -7.03551e-01
    7.97166e-01    -6.87504e-01

   -7.03551e-01     7.67634e-01
   -7.44440e-01     7.44440e-01

   -7.03551e-01     7.67634e-01
   -7.03551e-01     7.67634e-01

   -7.03551e-01     7.67634e-01
   -7.03551e-01     7.67634e-01

   -7.03551e-01     7.67634e-01
   -6.87504e-01     7.97166e-01

    7.97166e-01    -6.87504e-01
    8.18328e-01    -6.57972e-01

    8.18328e-01    -6.57972e-01
    8.18328e-01    -6.57972e-01

    8.52448e-01    -6.33124e-01
    8.18328e-01    -6.57972e-01

   -6.87504e-01     7.97166e-01
   -6.57972e-01     8.18328e-01

   -6.57972e-01     8.18328e-01
   -6.57972e-01     8.18328e-01

   -6.33124e-01     8.52448e-01
   -6.57972e-01     8.18328e-01

    8.52448e-01    -6.33124e-01
    8.77296e-01    -5.75404e-01

    8.77296e-01    -5.75404e-01
    8.77296e-01    -5.75404e-01

    8.77296e-01    -5.75404e-01
    8.77296e-01    -5.75404e-01

    8.84359e-01    -5.55373e-01
    8.77296e-01    -5.75404e-01

   -6.33124e-01     8.52448e-01
   -5.75404e-01     8.77296e-01

   -5.75404e-01     8.77296e-01
   -5.75404e-01     8.77296e-01

   -5.75404e-01     8.77296e-01
   -5.75404e-01     8.77296e-01

   -5.55373e-01     8.84359e-01
   -5.75404e-01     8.77296e-01

    8.84359e-01    -5.55373e-01
    8.83583e-01    -5.48310e-01

    8.83583e-01    -5.48310e-01
    8.83583e-01    -5.48310e-01

    8.83901e-01    -5.41705e-01
    8.83583e-01    -5.48310e-01

    8.85122e-01    -5.03619e-01
    8.83901e-01    -5.41705e-01

    8.85122e-01    -5.03619e-01
    8.86898e-01    -4.48250e-01

   -5.48310e-01     8.83583e-01
   -5.55373e-01     8.84359e-01

   -5.48310e-01     8.83583e-01
   -5.48310e-01     8.83583e-01

   -5.48310e-01     8.83583e-01
   -5.48310e-01     8.83583e-01

   -5.03618e-01     8.85122e-01
   -5.41705e-01     8.83901e-01

   -5.03618e-01     8.85122e-01
   -4.48250e-01     8.86898e-01

   -5.48310e-01     8.83583e-01
   -5.41705e-01     8.83901e-01

    8.86898e-01    -4.48250e-01
    8.86292e-01    -4.38648e-01

    8.68299e-01    -3.37983e-01
    8.77296e-01    -3.94746e-01

    8.68299e-01    -3.37983e-01
    8.66278e-01    -3.28986e-01

    8.86292e-01    -4.38648e-01
    8.86292e-01    -4.38648e-01

    8.77296e-01    -3.94746e-01
    8.77296e-01    -3.94746e-01

    8.77296e-01    -3.94746e-01
    8.77296e-01    -3.94746e-01

    8.84984e-01    -4.30959e-01
    8.86292e-01    -4.38648e-01

    8.84984e-01    -4.30959e-01
    8.77296e-01    -3.94746e-01

    8.66278e-01    -3.28986e-01
    8.66278e-01    -3.28986e-01

    8.64548e-01    -3.16238e-01
    8.66278e-01    -3.28986e-01

   -3.37983e-01     8.68298e-01
   -3.28986e-01     8.66278e-01

   -3.37983e-01     8.68298e-01
   -3.94746e-01     8.77296e-01

   -3.28986e-01     8.66278e-01
   -3.28986e-01     8.66278e-01

   -3.16238e-01     8.64548e-01
   -3.28986e-01     8.66278e-01

   -4.48250e-01     8.86898e-01
   -4.38648e-01     8.86292e-01

   -3.94746e-01     8.77296e-01
   -3.94746e-01     8.77296e-01

   -3.94746e-01     8.77296e-01
   -3.94746e-01     8.77296e-01

   -4.38648e-01     8.86292e-01
   -4.38648e-01     8.86292e-01

   -4.30959e-01     8.84984e-01
   -3.94746e-01     8.77296e-01

   -4.30959e-01     8.84984e-01
   -4.38648e-01     8.86292e-01

    8.64548e-01    -3.16238e-01
    8.77296e-01    -2.79948e-01

    8.77296e-01    -2.79948e-01
    8.77296e-01    -2.79948e-01

    8.77296e-01    -2.79948e-01
    8.77296e-01    -2.79948e-01

    8.91616e-01    -2.33644e-01
    8.77296e-01    -2.79948e-01

   -3.16238e-01     8.64548e-01
   -2.79948e-01     8.77296e-01

   -2.79948e-01     8.77296e-01
   -2.79948e-01     8.77296e-01

   -2.79948e-01     8.77296e-01
   -2.79948e-01     8.77296e-01

   -2.33644e-01     8.91616e-01
   -2.79948e-01     8.77296e-01

   -5.55373e-01    -8.84359e-01
   -5.48310e-01    -8.83583e-01

   -5.48310e-01    -8.83583e-01
   -5.55373e-01    -8.84359e-01

   -5.48310e-01    -8.83583e-01
   -5.48310e-01    -8.83583e-01

   -5.55373e-01    -8.84359e-01
   -5.75404e-01    -8.77296e-01

   -5.75404e-01    -8.77296e-01
   -5.55373e-01    -8.84359e-01

   -5.75404e-01    -8.77296e-01
   -5.75404e-01    -8.77296e-01

   -5.75404e-01    -8.77296e-01
   -5.75404e-01    -8.77296e-01

   -5.48310e-01    -8.83583e-01
   -5.48310e-01    -8.83583e-01

   -5.48310e-01    -8.83583e-01
   -5.41705e-01    -8.83901e-01

   -5.41705e-01    -8.83901e-01
   -5.48310e-01    -8.83583e-01

   -6.87504e-01    -7.97166e-01
   -6.57972e-01    -8.18328e-01

   -6.57972e-01    -8.18328e-01
   -6.87504e-01    -7.97166e-01

   -6.57972e-01    -8.18328e-01
   -6.57972e-01    -8.18328e-01

   -6.87504e-01    -7.97166e-01
   -7.03551e-01    -7.67634e-01

   -6.87504e-01    -7.97166e-01
   -7.03551e-01    -7.67634e-01

   -7.03551e-01    -7.67634e-01
   -7.03551e-01    -7.67634e-01

   -5.75404e-01    -8.77296e-01
   -5.75404e-01    -8.77296e-01

   -5.75404e-01    -8.77296e-01
   -5.75404e-01    -8.77296e-01

   -6.57972e-01    -8.18328e-01
   -6.57972e-01    -8.18328e-01

   -6.33124e-01    -8.52448e-01
   -5.75404e-01    -8.77296e-01

   -5.75404e-01    -8.77296e-01
   -6.33124e-01    -8.52448e-01

   -6.33124e-01    -8.52448e-01
   -6.57972e-01    -8.18328e-01

   -6.33124e-01    -8.52448e-01
   -6.57972e-01    -8.18328e-01

   -7.97166e-01    -6.87504e-01
   -7.67634e-01    -7.03551e-01

   -7.67634e-01    -7.03551e-01
   -7.97166e-01    -6.87504e-01

   -7.67634e-01    -7.03551e-01
   -7.67634e-01    -7.03551e-01

   -7.97166e-01    -6.87504e-01
   -8.18328e-01    -6.57972e-01

   -7.97166e-01    -6.87504e-01
   -8.18328e-01    -6.57972e-01

   -8.18328e-01    -6.57972e-01
   -8.18328e-01    -6.57972e-01

   -7.03551e-01    -7.67634e-01
   -7.03551e-01    -7.67634e-01

   -7.67634e-01    -7.03551e-01
   -7.67634e-01    -7.03551e-01

   -7.44440e-01    -7.44440e-01
   -7.03551e-01    -7.67634e-01

   -7.03551e-01    -7.67634e-01
   -7.44440e-01    -7.44440e-01

   -7.44440e-01    -7.44440e-01
   -7.67634e-01    -7.03551e-01

   -7.44440e-01    -7.44440e-01
   -7.67634e-01    -7.03551e-01

   -8.77296e-01    -5.75404e-01
   -8.77296e-01    -5.75404e-01

   -8.77296e-01    -5.75404e-01
   -8.84359e-01    -5.55373e-01

   -8.77296e-01    -5.75404e-01
   -8.77296e-01    -5.75404e-01

   -8.77296e-01    -5.75404e-01
   -8.77296e-01    -5.75404e-01

   -8.83583e-01    -5.48310e-01
   -8.83583e-01    -5.48310e-01

   -8.83583e-01    -5.48310e-01
   -8.84359e-01    -5.55373e-01

   -8.83583e-01    -5.48310e-01
   -8.83583e-01    -5.48310e-01

   -8.18328e-01    -6.57972e-01
   -8.18328e-01    -6.57972e-01

   -8.77296e-01    -5.75404e-01
   -8.77296e-01    -5.75404e-01

   -8.77296e-01    -5.75404e-01
   -8.77296e-01    -5.75404e-01

   -8.52448e-01    -6.33124e-01
   -8.18328e-01    -6.57972e-01

   -8.18328e-01    -6.57972e-01
   -8.52448e-01    -6.33124e-01

   -8.52448e-01    -6.33124e-01
   -8.77296e-01    -5.75404e-01

   -8.52448e-01    -6.33124e-01
   -8.77296e-01    -5.75404e-01

   -8.83583e-01    -5.48310e-01
   -8.83583e-01    -5.48310e-01

   -8.83583e-01    -5.48310e-01
   -8.83901e-01    -5.41705e-01

   -8.83583e-01    -5.48310e-01
   -8.83901e-01    -5.41705e-01

    8.91616e-01    -2.33644e-01
    8.96718e-01    -2.19324e-01

    8.96718e-01    -2.19324e-01
    8.96718e-01    -2.19324e-01

    8.98502e-01    -1.98118e-01
    8.96718e-01    -2.19324e-01

    9.03367e-01    -1.77073e-01
    8.98502e-01    -1.98118e-01

    9.03367e-01    -1.77073e-01
    9.11130e-01    -1.43496e-01

   -2.33644e-01     8.91616e-01
   -2.19324e-01     8.96718e-01

   -2.19324e-01     8.96718e-01
   -2.19324e-01     8.96718e-01

   -1.77073e-01     9.03367e-01
   -1.98118e-01     8.98502e-01

   -1.77073e-01     9.03367e-01
   -1.43496e-01     9.11130e-01

   -1.98118e-01     8.98502e-01
   -2.19324e-01     8.96718e-01

   -4.48250e-01    -8.86898e-01
   -4.38648e-01    -8.86292e-01

   -4.38648e-01    -8.86292e-01
   -4.48250e-01    -8.86898e-01

   -4.38648e-01    -8.86292e-01
   -4.38648e-01    -8.86292e-01

   -5.41705e-01    -8.83901e-01
   -5.03619e-01    -8.85122e-01

   -5.41705e-01    -8.83901e-01
   -5.41705e-01    -8.83901e-01

   -4.48250e-01    -8.86898e-01
   -4.48250e-01    -8.86898e-01

   -4.48250e-01    -8.86898e-01
   -4.48250e-01    -8.86898e-01

   -4.48250e-01    -8.86898e-01
   -5.03619e-01    -8.85122e-01

   -4.38648e-01    -8.86292e-01
   -4.38648e-01    -8.86292e-01

   -4.30959e-01    -8.84984e-01
   -4.38648e-01    -8.86292e-01

   -4.38648e-01    -8.86292e-01
   -4.30959e-01    -8.84984e-01

   -8.83901e-01    -5.41705e-01
   -8.85122e-01    -5.03619e-01

   -8.83901e-01    -5.41705e-01
   -8.83901e-01    -5.41705e-01

   -8.86898e-01    -4.48250e-01
   -8.86898e-01    -4.48250e-01

   -8.86898e-01    -4.48250e-01
   -8.86898e-01    -4.48250e-01

   -8.86898e-01    -4.48250e-01
   -8.85122e-01    -5.03619e-01

   -8.86898e-01    -4.48250e-01
   -8.86292e-01    -4.38648e-01

   -8.86898e-01    -4.48250e-01
   -8.86292e-01    -4.38648e-01

   -8.86292e-01    -4.38648e-01
   -8.86292e-01    -4.38648e-01

   -8.86292e-01    -4.38648e-01
   -8.86292e-01    -4.38648e-01

   -8.86292e-01    -4.38648e-01
   -8.84984e-01    -4.30959e-01

   -8.84984e-01    -4.30959e-01
   -8.86292e-01    -4.38648e-01

    9.23411e-01    -1.09662e-01
    9.11130e-01    -1.43496e-01

    9.23411e-01    -1.09662e-01
    9.23411e-01    -1.09662e-01

    9.23411e-01    -1.09662e-01
    9.23411e-01    -1.09662e-01

    9.23411e-01    -1.09662e-01
    9.20409e-01    -6.65486e-02

    9.21258e-01    -5.59112e-02
    9.20409e-01    -6.65486e-02

    9.21258e-01    -5.59112e-02
    9.22142e-01    -4.48462e-02

   -1.43496e-01     9.11130e-01
   -1.09662e-01     9.23411e-01

   -1.09662e-01     9.23411e-01
   -1.09662e-01     9.23411e-01

   -5.59112e-02     9.21258e-01
   -6.65486e-02     9.20409e-01

   -5.59112e-02     9.21258e-01
   -4.48462e-02     9.22142e-01

   -6.65486e-02     9.20409e-01
   -1.09662e-01     9.23411e-01

   -4.30959e-01    -8.84984e-01
   -3.94746e-01    -8.77296e-01

   -3.94746e-01    -8.77296e-01
   -4.30959e-01    -8.84984e-01

   -3.94746e-01    -8.77296e-01
   -3.94746e-01    -8.77296e-01

   -3.94746e-01    -8.77296e-01
   -3.94746e-01    -8.77296e-01

   -3.94746e-01    -8.77296e-01
   -3.94746e-01    -8.77296e-01

   -3.94746e-01    -8.77296e-01
   -3.94746e-01    -8.77296e-01

   -3.37983e-01    -8.68298e-01
   -3.94746e-01    -8.77296e-01

   -3.94746e-01    -8.77296e-01
   -3.37983e-01    -8.68298e-01

   -8.84984e-01    -4.30959e-01
   -8.77296e-01    -3.94746e-01

   -8.84984e-01    -4.30959e-01
   -8.77296e-01    -3.94746e-01

   -8.77296e-01    -3.94746e-01
   -8.77296e-01    -3.94746e-01

   -8.77296e-01    -3.94746e-01
   -8.77296e-01    -3.94746e-01

   -8.77296e-01    -3.94746e-01
   -8.77296e-01    -3.94746e-01

   -8.77296e-01    -3.94746e-01
   -8.77296e-01    -3.94746e-01

   -8.77296e-01    -3.94746e-01
   -8.68298e-01    -3.37983e-01

   -8.68298e-01    -3.37983e-01
   -8.77296e-01    -3.94746e-01

    9.32102e-01     0.00000e+00
    9.22142e-01    -4.48462e-02

    9.32102e-01     0.00000e+00
    9.32102e-01     0.00000e+00

    9.32102e-01     0.00000e+00
    9.32102e-01     0.00000e+00

    9.32102e-01     0.00000e+00
    9.22142e-01     4.48462e-02

    9.21258e-01     5.59112e-02
    9.20409e-01     6.65486e-02

    9.21258e-01     5.59112e-02
    9.22142e-01     4.48462e-02

    0.00000e+00     9.32102e-01
   -4.48462e-02     9.22142e-01

    0.00000e+00     9.32102e-01
    0.00000e+00     9.32102e-01

    0.00000e+00     9.32102e-01
    0.00000e+00     9.32102e-01

    5.59112e-02     9.21258e-01
    6.65486e-02     9.20409e-01

    5.59112e-02     9.21258e-01
    4.48462e-02     9.22142e-01

    0.00000e+00     9.32102e-01
    4.48462e-02     9.22142e-01

   -2.33644e-01    -8.91616e-01
   -2.19324e-01    -8.96718e-01

   -2.19324e-01    -8.96718e-01
   -2.33644e-01    -8.91616e-01

   -2.19324e-01    -8.96718e-01
   -2.19324e-01    -8.96718e-01

   -2.33644e-01    -8.91616e-01
   -2.79948e-01    -8.77296e-01

   -2.33644e-01    -8.91616e-01
   -2.79948e-01    -8.77296e-01

   -2.79948e-01    -8.77296e-01
   -2.79948e-01    -8.77296e-01

   -2.79948e-01    -8.77296e-01
   -2.79948e-01    -8.77296e-01

   -2.79948e-01    -8.77296e-01
   -2.79948e-01    -8.77296e-01

   -2.19324e-01    -8.96718e-01
   -2.19324e-01    -8.96718e-01

   -2.19324e-01    -8.96718e-01
   -2.19324e-01    -8.96718e-01

   -2.19324e-01    -8.96718e-01
   -1.98118e-01    -8.98502e-01

   -3.37983e-01    -8.68298e-01
   -3.28986e-01    -8.66278e-01

   -3.28986e-01    -8.66278e-01
   -3.37983e-01    -8.68298e-01

   -3.28986e-01    -8.66278e-01
   -3.28986e-01    -8.66278e-01

   -2.79948e-01    -8.77296e-01
   -2.79948e-01    -8.77296e-01

   -2.79948e-01    -8.77296e-01
   -2.79948e-01    -8.77296e-01

   -2.79948e-01    -8.77296e-01
   -2.79948e-01    -8.77296e-01

   -3.28986e-01    -8.66278e-01
   -3.28986e-01    -8.66278e-01

   -2.79948e-01    -8.77296e-01
   -3.16238e-01    -8.64548e-01

   -3.16238e-01    -8.64548e-01
   -3.16238e-01    -8.64548e-01

   -3.16238e-01    -8.64548e-01
   -2.79948e-01    -8.77296e-01

   -3.16238e-01    -8.64548e-01
   -3.16238e-01    -8.64548e-01

   -3.16238e-01    -8.64548e-01
   -3.28986e-01    -8.66278e-01

   -3.28986e-01    -8.66278e-01
   -3.16238e-01    -8.64548e-01

   -8.68298e-01    -3.37983e-01
   -8.66278e-01    -3.28986e-01

   -8.68298e-01    -3.37983e-01
   -8.66278e-01    -3.28986e-01

   -8.66278e-01    -3.28986e-01
   -8.66278e-01    -3.28986e-01

   -8.91616e-01    -2.33644e-01
   -8.77296e-01    -2.79948e-01

   -8.77296e-01    -2.79948e-01
   -8.91616e-01    -2.33644e-01

   -8.77296e-01    -2.79948e-01
   -8.77296e-01    -2.79948e-01

   -8.77296e-01    -2.79948e-01
   -8.77296e-01    -2.79948e-01

   -8.77296e-01    -2.79948e-01
   -8.77296e-01    -2.79948e-01

   -8.91616e-01    -2.33644e-01
   -8.96718e-01    -2.19324e-01

   -8.91616e-01    -2.33644e-01
   -8.96718e-01    -2.19324e-01

   -8.96718e-01    -2.19324e-01
   -8.96718e-01    -2.19324e-01

   -8.66278e-01    -3.28986e-01
   -8.66278e-01    -3.28986e-01

   -8.77296e-01    -2.79948e-01
   -8.77296e-01    -2.79948e-01

   -8.77296e-01    -2.79948e-01
   -8.77296e-01    -2.79948e-01

   -8.77296e-01    -2.79948e-01
   -8.77296e-01    -2.79948e-01

   -8.66278e-01    -3.28986e-01
   -8.64548e-01    -3.16238e-01

   -8.64548e-01    -3.16238e-01
   -8.66278e-01    -3.28986e-01

   -8.64548e-01    -3.16238e-01
   -8.77296e-01    -2.79948e-01

   -8.64548e-01    -3.16238e-01
   -8.64548e-01    -3.16238e-01

   -8.77296e-01    -2.79948e-01
   -8.64548e-01    -3.16238e-01

   -8.64548e-01    -3.16238e-01
   -8.64548e-01    -3.16238e-01

   -8.96718e-01    -2.19324e-01
   -8.96718e-01    -2.19324e-01

   -8.98502e-01    -1.98118e-01
   -8.96718e-01    -2.19324e-01

   -8.96718e-01    -2.19324e-01
   -8.98502e-01    -1.98118e-01

    9.20409e-01     6.65486e-02
    9.23411e-01     1.09662e-01

    9.23411e-01     1.09662e-01
    9.23411e-01     1.09662e-01

    9.11130e-01     1.43496e-01
    9.23411e-01     1.09662e-01

    9.03367e-01     1.77073e-01
    8.98502e-01     1.98118e-01

    9.03367e-01     1.77073e-01
    9.11130e-01     1.43496e-01

    6.65486e-02     9.20409e-01
    1.09662e-01     9.23411e-01

    1.09662e-01     9.23411e-01
    1.09662e-01     9.23411e-01

    1.77073e-01     9.03367e-01
    1.98118e-01     8.98502e-01

    1.77073e-01     9.03367e-01
    1.43496e-01     9.11130e-01

    1.43496e-01     9.11130e-01
    1.09662e-01     9.23411e-01

   -1.09662e-01    -9.34258e-01
   -1.58767e-01    -9.37853e-01

   -1.09662e-01    -9.34258e-01
   -1.09662e-01    -9.34258e-01

   -1.09662e-01    -9.34258e-01
   -1.09662e-01    -9.34258e-01

   -1.09662e-01    -9.34258e-01
   -5.66014e-02    -9.30356e-01

   -9.34258e-01    -1.09662e-01
   -9.37853e-01    -1.58766e-01

   -9.34258e-01    -1.09662e-01
   -9.34258e-01    -1.09662e-01

   -9.34258e-01    -1.09662e-01
   -9.34258e-01    -1.09662e-01

   -9.34258e-01    -1.09662e-01
   -9.30356e-01    -5.66015e-02

    9.38616e-01     1.65345e-01
    9.37853e-01     1.58767e-01

    9.38616e-01     1.65345e-01
    9.39356e-01     1.71722e-01

    9.39084e-01     2.19324e-01
    9.39356e-01     1.71722e-01

    9.39084e-01     2.19324e-01
    9.39084e-01     2.19324e-01

    9.39084e-01     2.19324e-01
    9.39084e-01     2.19324e-01

    9.39084e-01     2.19324e-01
    9.43611e-01     2.62671e-01

    2.19324e-01     9.39084e-01
    1.71722e-01     9.39356e-01

    2.19324e-01     9.39084e-01
    2.19324e-01     9.39084e-01

    1.65345e-01     9.38616e-01
    1.58766e-01     9.37853e-01

    1.65345e-01     9.38616e-01
    1.71722e-01     9.39356e-01

    2.19324e-01     9.39084e-01
    2.19324e-01     9.39084e-01

    2.19324e-01     9.39084e-01
    2.62671e-01     9.43611e-01

    0.00000e+00    -9.32102e-01
   -5.30977e-02    -9.30393e-01

    0.00000e+00    -9.32102e-01
    0.00000e+00    -9.32102e-01

   -5.48502e-02    -9.30375e-01
   -5.66014e-02    -9.30356e-01

   -5.48502e-02    -9.30375e-01
   -5.30977e-02    -9.30393e-01

    0.00000e+00    -9.32102e-01
    0.00000e+00    -9.32102e-01

    0.00000e+00    -9.32102e-01
    5.30977e-02    -9.30393e-01

   -9.30375e-01    -5.48502e-02
   -9.30356e-01    -5.66015e-02

   -9.30375e-01    -5.48502e-02
   -9.30393e-01    -5.30977e-02

   -9.32102e-01     0.00000e+00
   -9.30393e-01    -5.30977e-02

   -9.32102e-01     0.00000e+00
   -9.32102e-01     0.00000e+00

   -9.32102e-01     0.00000e+00
   -9.32102e-01     0.00000e+00

   -9.32102e-01     0.00000e+00
   -9.30393e-01     5.30977e-02

    9.45297e-01     2.76288e-01
    9.43611e-01     2.62671e-01

    9.45297e-01     2.76288e-01
    9.46856e-01     2.88885e-01

    9.42371e-01     3.28986e-01
    9.46856e-01     2.88885e-01

    9.42371e-01     3.28986e-01
    9.42371e-01     3.28986e-01

    9.42371e-01     3.28986e-01
    9.42371e-01     3.28986e-01

    9.42371e-01     3.28986e-01
    9.45796e-01     3.70148e-01

    3.28986e-01     9.42371e-01
    2.88885e-01     9.46856e-01

    3.28986e-01     9.42371e-01
    3.28986e-01     9.42371e-01

    2.76288e-01     9.45297e-01
    2.62671e-01     9.43611e-01

    2.76288e-01     9.45297e-01
    2.88885e-01     9.46856e-01

    3.28986e-01     9.42371e-01
    3.28986e-01     9.42371e-01

    3.28986e-01     9.42371e-01
    3.70148e-01     9.45796e-01

    1.09662e-01    -9.34258e-01
    5.66014e-02    -9.30356e-01

    1.09662e-01    -9.34258e-01
    1.09662e-01    -9.34258e-01

    1.09662e-01    -9.34258e-01
    1.09662e-01    -9.34258e-01

    5.48502e-02    -9.30375e-01
    5.66014e-02    -9.30356e-01

    5.48502e-02    -9.30375e-01
    5.30977e-02    -9.30393e-01

    1.58766e-01    -9.37853e-01
    1.65345e-01    -9.38616e-01

    1.71722e-01    -9.39356e-01
    1.65345e-01    -9.38616e-01

    1.09662e-01    -9.34258e-01
    1.58766e-01    -9.37853e-01

   -9.30375e-01     5.48502e-02
   -9.30356e-01     5.66014e-02

   -9.30375e-01     5.48502e-02
   -9.30393e-01     5.30977e-02

   -9.34258e-01     1.09662e-01
   -9.30356e-01     5.66014e-02

   -9.34258e-01     1.09662e-01
   -9.34258e-01     1.09662e-01

   -9.34258e-01     1.09662e-01
   -9.34258e-01     1.09662e-01

   -9.34258e-01     1.09662e-01
   -9.34258e-01     1.09662e-01

   -9.34258e-01     1.09662e-01
   -9.34258e-01     1.09662e-01

   -9.34258e-01     1.09662e-01
   -9.37853e-01     1.58766e-01

   -9.37853e-01     1.58766e-01
   -9.38616e-01     1.65345e-01

   -9.39356e-01     1.71722e-01
   -9.38616e-01     1.65345e-01

    9.46958e-01     3.85366e-01
    9.45796e-01     3.70148e-01

    9.46958e-01     3.85366e-01
    9.48057e-01     3.99748e-01

    9.36098e-01     4.38648e-01
    9.48057e-01     3.99748e-01

    9.36098e-01     4.38648e-01
    9.36098e-01     4.38648e-01

    9.36098e-01     4.38648e-01
    9.36098e-01     4.38648e-01

    9.36098e-01     4.38648e-01
    9.40308e-01     4.85298e-01

    4.38648e-01     9.36098e-01
    3.99748e-01     9.48057e-01

    4.38648e-01     9.36098e-01
    4.38648e-01     9.36098e-01

    3.85366e-01     9.46958e-01
    3.70148e-01     9.45796e-01

    3.85366e-01     9.46958e-01
    3.99748e-01     9.48057e-01

    4.38648e-01     9.36098e-01
    4.38648e-01     9.36098e-01

    4.38648e-01     9.36098e-01
    4.85298e-01     9.40308e-01

    2.19324e-01    -9.39084e-01
    1.71722e-01    -9.39356e-01

    2.19324e-01    -9.39084e-01
    2.19324e-01    -9.39084e-01

    2.62671e-01    -9.43611e-01
    2.76288e-01    -9.45297e-01

    2.88885e-01    -9.46856e-01
    2.76288e-01    -9.45297e-01

    2.19324e-01    -9.39084e-01
    2.62671e-01    -9.43611e-01

   -9.39084e-01     2.19324e-01
   -9.39356e-01     1.71722e-01

   -9.39084e-01     2.19324e-01
   -9.39084e-01     2.19324e-01

   -9.39084e-01     2.19324e-01
   -9.43611e-01     2.62671e-01

   -9.43611e-01     2.62671e-01
   -9.45297e-01     2.76288e-01

   -9.46856e-01     2.88885e-01
   -9.45297e-01     2.76288e-01

    9.39970e-01     4.93082e-01
    9.39627e-01     5.00979e-01

    9.39970e-01     4.93082e-01
    9.40308e-01     4.85298e-01

    9.42317e-01     5.48310e-01
    9.39627e-01     5.00979e-01

    9.42317e-01     5.48310e-01
    9.42317e-01     5.48310e-01

    9.42317e-01     5.48310e-01
    9.42317e-01     5.48310e-01

    9.42317e-01     5.48310e-01
    9.42317e-01     5.48310e-01

    9.42317e-01     5.48310e-01
    9.42317e-01     5.48310e-01

    9.42317e-01     5.48310e-01
    9.28728e-01     5.99742e-01

    9.28810e-01     6.03054e-01
    9.28728e-01     5.99742e-01

    9.28810e-01     6.03054e-01
    9.28891e-01     6.06376e-01

    5.48310e-01     9.42317e-01
    5.00979e-01     9.39627e-01

    5.48310e-01     9.42317e-01
    5.48310e-01     9.42317e-01

    5.48310e-01     9.42317e-01
    5.48310e-01     9.42317e-01

    4.93082e-01     9.39970e-01
    5.00979e-01     9.39627e-01

    4.93082e-01     9.39970e-01
    4.85298e-01     9.40308e-01

    5.48310e-01     9.42317e-01
    5.48310e-01     9.42317e-01

    5.48310e-01     9.42317e-01
    5.48310e-01     9.42317e-01

    6.03054e-01     9.28810e-01
    5.99742e-01     9.28728e-01

    6.03054e-01     9.28810e-01
    6.06376e-01     9.28891e-01

    5.48310e-01     9.42317e-01
    5.99742e-01     9.28728e-01

    3.28986e-01    -9.42371e-01
    2.88885e-01    -9.46856e-01

    3.28986e-01    -9.42371e-01
    3.28986e-01    -9.42371e-01

    3.70148e-01    -9.45796e-01
    3.85366e-01    -9.46958e-01

    3.99747e-01    -9.48057e-01
    3.85366e-01    -9.46958e-01

    3.28986e-01    -9.42371e-01
    3.70148e-01    -9.45796e-01

   -9.42371e-01     3.28986e-01
   -9.46856e-01     2.88885e-01

   -9.42371e-01     3.28986e-01
   -9.42371e-01     3.28986e-01

   -9.42371e-01     3.28986e-01
   -9.45796e-01     3.70148e-01

   -9.45796e-01     3.70148e-01
   -9.46959e-01     3.85366e-01

   -9.48057e-01     3.99748e-01
   -9.46959e-01     3.85366e-01

    9.34013e-01     6.57972e-01
    9.28891e-01     6.06376e-01

    9.34013e-01     6.57972e-01
    9.34013e-01     6.57972e-01

    9.34013e-01     6.57972e-01
    9.34013e-01     6.57972e-01

    8.77296e-01     7.62148e-01
    8.76402e-01     7.66739e-01

    8.77296e-01     7.62148e-01
    8.77296e-01     7.62148e-01

    8.77296e-01     7.62148e-01
    8.77296e-01     7.62148e-01

    8.75692e-01     7.67634e-01
    8.76402e-01     7.66739e-01

    9.34013e-01     6.57972e-01
    9.34013e-01     6.57972e-01

    9.34013e-01     6.57972e-01
    9.34013e-01     6.57972e-01

    8.77296e-01     7.62148e-01
    8.77296e-01     7.62148e-01

    8.77296e-01     7.62148e-01
    8.77296e-01     7.62148e-01

    9.34013e-01     6.57972e-01
    9.34013e-01     6.57972e-01

    9.34013e-01     6.57972e-01
    9.16673e-01     6.97349e-01

    9.34013e-01     6.57972e-01
    9.34013e-01     6.57972e-01

    8.77296e-01     7.62148e-01
    8.77296e-01     7.62148e-01

    8.77296e-01     7.62148e-01
    9.16673e-01     6.97349e-01

    8.77296e-01     7.62148e-01
    8.77296e-01     7.62148e-01

    7.67634e-01     8.75692e-01
    7.66739e-01     8.76401e-01

    7.62148e-01     8.77296e-01
    7.66739e-01     8.76401e-01

    7.62148e-01     8.77296e-01
    7.62148e-01     8.77296e-01

    7.62148e-01     8.77296e-01
    7.62148e-01     8.77296e-01

    8.75692e-01     7.67634e-01
    8.75692e-01     7.67634e-01

    7.67634e-01     8.75692e-01
    7.67634e-01     8.75692e-01

    8.75692e-01     7.67634e-01
    8.74749e-01     7.70181e-01

    8.74749e-01     7.70181e-01
    8.75692e-01     7.67634e-01

    7.67634e-01     8.75692e-01
    7.70181e-01     8.74749e-01

    7.67634e-01     8.75692e-01
    7.70181e-01     8.74749e-01

    6.57972e-01     9.34013e-01
    6.06376e-01     9.28891e-01

    6.57972e-01     9.34013e-01
    6.57972e-01     9.34013e-01

    6.57972e-01     9.34013e-01
    6.57972e-01     9.34013e-01

    7.62148e-01     8.77296e-01
    7.62148e-01     8.77296e-01

    7.62148e-01     8.77296e-01
    7.62148e-01     8.77296e-01

    6.57972e-01     9.34013e-01
    6.57972e-01     9.34013e-01

    6.57972e-01     9.34013e-01
    6.57972e-01     9.34013e-01

    7.62148e-01     8.77296e-01
    7.62148e-01     8.77296e-01

    7.62148e-01     8.77296e-01
    6.97349e-01     9.16673e-01

    7.62148e-01     8.77296e-01
    7.62148e-01     8.77296e-01

    6.57972e-01     9.34013e-01
    6.57972e-01     9.34013e-01

    6.57972e-01     9.34013e-01
    6.97349e-01     9.16673e-01

    6.57972e-01     9.34013e-01
    6.57972e-01     9.34013e-01

    4.38648e-01    -9.36098e-01
    3.99747e-01    -9.48057e-01

    4.38648e-01    -9.36098e-01
    4.38648e-01    -9.36098e-01

    5.00979e-01    -9.39627e-01
    4.93082e-01    -9.39970e-01

    4.85298e-01    -9.40308e-01
    4.93082e-01    -9.39970e-01

    4.38648e-01    -9.36098e-01
    4.85298e-01    -9.40308e-01

   -9.36098e-01     4.38648e-01
   -9.48057e-01     3.99748e-01

   -9.36098e-01     4.38648e-01
   -9.36098e-01     4.38648e-01

   -9.36098e-01     4.38648e-01
   -9.40308e-01     4.85298e-01

   -9.39627e-01     5.00979e-01
   -9.39970e-01     4.93082e-01

   -9.40308e-01     4.85298e-01
   -9.39970e-01     4.93082e-01

    5.48310e-01    -9.42317e-01
    5.00979e-01    -9.39627e-01

    5.48310e-01    -9.42317e-01
    5.48310e-01    -9.42317e-01

    5.48310e-01    -9.42317e-01
    5.48310e-01    -9.42317e-01

    5.48310e-01    -9.42317e-01
    5.48310e-01    -9.42317e-01

    5.48310e-01    -9.42317e-01
    5.48310e-01    -9.42317e-01

    5.48310e-01    -9.42317e-01
    5.99742e-01    -9.28728e-01

   -9.42317e-01     5.48310e-01
   -9.39627e-01     5.00979e-01

   -9.42317e-01     5.48310e-01
   -9.42317e-01     5.48310e-01

   -9.42317e-01     5.48310e-01
   -9.42317e-01     5.48310e-01

   -9.42317e-01     5.48310e-01
   -9.28728e-01     5.99742e-01

    6.57972e-01    -9.34013e-01
    6.06376e-01    -9.28891e-01

    6.57972e-01    -9.34013e-01
    6.57972e-01    -9.34013e-01

    6.57972e-01    -9.34013e-01
    6.57972e-01    -9.34013e-01

    6.03054e-01    -9.28810e-01
    5.99742e-01    -9.28728e-01

    6.03054e-01    -9.28810e-01
    6.06376e-01    -9.28891e-01

    6.57972e-01    -9.34013e-01
    6.97349e-01    -9.16673e-01

    6.57972e-01    -9.34013e-01
    6.57972e-01    -9.34013e-01

   -9.28810e-01     6.03054e-01
   -9.28728e-01     5.99742e-01

   -9.28810e-01     6.03054e-01
   -9.28891e-01     6.06376e-01

   -9.34013e-01     6.57972e-01
   -9.28891e-01     6.06376e-01

   -9.34013e-01     6.57972e-01
   -9.34013e-01     6.57972e-01

   -9.34013e-01     6.57972e-01
   -9.34013e-01     6.57972e-01

   -9.34013e-01     6.57972e-01
   -9.16673e-01     6.97349e-01

   -9.34013e-01     6.57972e-01
   -9.34013e-01     6.57972e-01

    7.62148e-01    -8.77296e-01
    6.97349e-01    -9.16673e-01

    7.62148e-01    -8.77296e-01
    7.62148e-01    -8.77296e-01

    7.62148e-01    -8.77296e-01
    7.62148e-01    -8.77296e-01

    7.62148e-01    -8.77296e-01
    7.62148e-01    -8.77296e-01

    7.62148e-01    -8.77296e-01
    7.66739e-01    -8.76401e-01

   -8.77296e-01     7.62148e-01
   -9.16673e-01     6.97349e-01

   -8.77296e-01     7.62148e-01
   -8.77296e-01     7.62148e-01

   -8.77296e-01     7.62148e-01
   -8.77296e-01     7.62148e-01

   -8.77296e-01     7.62148e-01
   -8.77296e-01     7.62148e-01

   -8.77296e-01     7.62148e-01
   -8.76401e-01     7.66739e-01

    7.67634e-01    -8.75692e-01
    7.66739e-01    -8.76401e-01

    7.67634e-01    -8.75692e-01
    7.67634e-01    -8.75692e-01

    7.67634e-01    -8.75692e-01
    7.67634e-01    -8.75692e-01

    7.67634e-01    -8.75692e-01
    7.70181e-01    -8.74749e-01

    7.67634e-01    -8.75692e-01
    7.67634e-01    -8.75692e-01

   -8.75692e-01     7.67634e-01
   -8.76401e-01     7.66739e-01

   -8.75692e-01     7.67634e-01
   -8.75692e-01     7.67634e-01

   -8.75692e-01     7.67634e-01
   -8.75692e-01     7.67634e-01

   -8.75692e-01     7.67634e-01
   -8.74749e-01     7.70181e-01

   -8.75692e-01     7.67634e-01
   -8.75692e-01     7.67634e-01

    8.75692e-01    -7.67634e-01
    8.74749e-01    -7.70181e-01

    8.75692e-01    -7.67634e-01
    8.75692e-01    -7.67634e-01

    8.75692e-01    -7.67634e-01
    8.75692e-01    -7.67634e-01

    8.75692e-01    -7.67634e-01
    8.75692e-01    -7.67634e-01

    8.75692e-01    -7.67634e-01
    8.76401e-01    -7.66739e-01

   -7.67634e-01     8.75692e-01
   -7.70181e-01     8.74749e-01

   -7.67634e-01     8.75692e-01
   -7.67634e-01     8.75692e-01

   -7.67634e-01     8.75692e-01
   -7.67634e-01     8.75692e-01

   -7.67634e-01     8.75692e-01
   -7.67634e-01     8.75692e-01

   -7.67634e-01     8.75692e-01
   -7.66739e-01     8.76401e-01

    8.76401e-01    -7.66739e-01
    8.77296e-01    -7.62148e-01

    8.77296e-01    -7.62148e-01
    8.77296e-01    -7.62148e-01

    8.77296e-01    -7.62148e-01
    8.77296e-01    -7.62148e-01

    9.16673e-01    -6.97349e-01
    8.77296e-01    -7.62148e-01

    8.77296e-01    -7.62148e-01
    8.77296e-01    -7.62148e-01

   -7.66739e-01     8.76401e-01
   -7.62148e-01     8.77296e-01

   -7.62148e-01     8.77296e-01
   -7.62148e-01     8.77296e-01

   -7.62148e-01     8.77296e-01
   -7.62148e-01     8.77296e-01

   -6.97349e-01     9.16673e-01
   -7.62148e-01     8.77296e-01

   -7.62148e-01     8.77296e-01
   -7.62148e-01     8.77296e-01

    9.16673e-01    -6.97349e-01
    9.34013e-01    -6.57972e-01

    9.34013e-01    -6.57972e-01
    9.34013e-01    -6.57972e-01

    9.34013e-01    -6.57972e-01
    9.34013e-01    -6.57972e-01

    9.34013e-01    -6.57972e-01
    9.34013e-01    -6.57972e-01

    9.28891e-01    -6.06376e-01
    9.34013e-01    -6.57972e-01

    9.28810e-01    -6.03054e-01
    9.28728e-01    -5.99742e-01

    9.28810e-01    -6.03054e-01
    9.28891e-01    -6.06376e-01

   -6.97349e-01     9.16673e-01
   -6.57972e-01     9.34013e-01

   -6.57972e-01     9.34013e-01
   -6.57972e-01     9.34013e-01

   -6.57972e-01     9.34013e-01
   -6.57972e-01     9.34013e-01

   -6.57972e-01     9.34013e-01
   -6.57972e-01     9.34013e-01

   -6.03054e-01     9.28810e-01
   -5.99742e-01     9.28728e-01

   -6.03054e-01     9.28810e-01
   -6.06376e-01     9.28891e-01

   -6.06376e-01     9.28891e-01
   -6.57972e-01     9.34013e-01

    9.28728e-01    -5.99742e-01
    9.42317e-01    -5.48310e-01

    9.42317e-01    -5.48310e-01
    9.42317e-01    -5.48310e-01

    9.42317e-01    -5.48310e-01
    9.42317e-01    -5.48310e-01

    9.39627e-01    -5.00979e-01
    9.42317e-01    -5.48310e-01

   -5.48310e-01     9.42317e-01
   -5.99742e-01     9.28728e-01

   -5.48310e-01     9.42317e-01
   -5.48310e-01     9.42317e-01

   -5.48310e-01     9.42317e-01
   -5.48310e-01     9.42317e-01

   -5.48310e-01     9.42317e-01
   -5.48310e-01     9.42317e-01

   -5.48310e-01     9.42317e-01
   -5.48310e-01     9.42317e-01

   -5.48310e-01     9.42317e-01
   -5.00979e-01     9.39627e-01

    9.39970e-01    -4.93082e-01
    9.39627e-01    -5.00979e-01

    9.39970e-01    -4.93082e-01
    9.40308e-01    -4.85298e-01

    9.40308e-01    -4.85298e-01
    9.36098e-01    -4.38648e-01

    9.36098e-01    -4.38648e-01
    9.36098e-01    -4.38648e-01

    9.48057e-01    -3.99748e-01
    9.36098e-01    -4.38648e-01

   -4.85298e-01     9.40308e-01
   -4.38648e-01     9.36098e-01

   -4.93082e-01     9.39970e-01
   -5.00979e-01     9.39627e-01

   -4.93082e-01     9.39970e-01
   -4.85298e-01     9.40308e-01

   -4.38648e-01     9.36098e-01
   -4.38648e-01     9.36098e-01

   -3.99747e-01     9.48057e-01
   -4.38648e-01     9.36098e-01

   -6.57972e-01    -9.34013e-01
   -6.57972e-01    -9.34013e-01

   -6.97349e-01    -9.16673e-01
   -6.97349e-01    -9.16673e-01

   -6.57972e-01    -9.34013e-01
   -6.97349e-01    -9.16673e-01

   -6.57972e-01    -9.34013e-01
   -6.57972e-01    -9.34013e-01

   -6.57972e-01    -9.34013e-01
   -6.57972e-01    -9.34013e-01

   -7.62148e-01    -8.77296e-01
   -7.62148e-01    -8.77296e-01

   -7.62148e-01    -8.77296e-01
   -7.62148e-01    -8.77296e-01

   -7.62148e-01    -8.77296e-01
   -7.62148e-01    -8.77296e-01

   -7.62148e-01    -8.77296e-01
   -6.97349e-01    -9.16673e-01

   -7.62148e-01    -8.77296e-01
   -7.62148e-01    -8.77296e-01

   -7.62148e-01    -8.77296e-01
   -7.62148e-01    -8.77296e-01

   -6.57972e-01    -9.34013e-01
   -6.57972e-01    -9.34013e-01

   -6.57972e-01    -9.34013e-01
   -6.57972e-01    -9.34013e-01

   -6.06376e-01    -9.28891e-01
   -6.57972e-01    -9.34013e-01

   -6.57972e-01    -9.34013e-01
   -6.06376e-01    -9.28891e-01

   -7.62148e-01    -8.77296e-01
   -7.62148e-01    -8.77296e-01

   -7.62148e-01    -8.77296e-01
   -7.62148e-01    -8.77296e-01

   -7.62148e-01    -8.77296e-01
   -7.66739e-01    -8.76401e-01

   -7.67634e-01    -8.75692e-01
   -7.66739e-01    -8.76401e-01

   -8.77296e-01    -7.62148e-01
   -8.77296e-01    -7.62148e-01

   -8.77296e-01    -7.62148e-01
   -8.77296e-01    -7.62148e-01

   -8.77296e-01    -7.62148e-01
   -8.77296e-01    -7.62148e-01

   -8.77296e-01    -7.62148e-01
   -9.16673e-01    -6.97349e-01

   -8.77296e-01    -7.62148e-01
   -8.77296e-01    -7.62148e-01

   -8.77296e-01    -7.62148e-01
   -8.77296e-01    -7.62148e-01

   -9.34013e-01    -6.57972e-01
   -9.34013e-01    -6.57972e-01

   -9.16673e-01    -6.97349e-01
   -9.16673e-01    -6.97349e-01

   -9.34013e-01    -6.57972e-01
   -9.16673e-01    -6.97349e-01

   -9.34013e-01    -6.57972e-01
   -9.34013e-01    -6.57972e-01

   -9.34013e-01    -6.57972e-01
   -9.34013e-01    -6.57972e-01

   -8.77296e-01    -7.62148e-01
   -8.77296e-01    -7.62148e-01

   -8.77296e-01    -7.62148e-01
   -8.77296e-01    -7.62148e-01

   -8.75692e-01    -7.67634e-01
   -8.76402e-01    -7.66739e-01

   -8.77296e-01    -7.62148e-01
   -8.76402e-01    -7.66739e-01

   -9.34013e-01    -6.57972e-01
   -9.34013e-01    -6.57972e-01

   -9.34013e-01    -6.57972e-01
   -9.34013e-01    -6.57972e-01

   -9.34013e-01    -6.57972e-01
   -9.28891e-01    -6.06376e-01

   -9.28891e-01    -6.06376e-01
   -9.34013e-01    -6.57972e-01

    9.46959e-01    -3.85366e-01
    9.45796e-01    -3.70148e-01

    9.46959e-01    -3.85366e-01
    9.48057e-01    -3.99748e-01

    9.45796e-01    -3.70148e-01
    9.42371e-01    -3.28986e-01

    9.42371e-01    -3.28986e-01
    9.42371e-01    -3.28986e-01

    9.46856e-01    -2.88885e-01
    9.42371e-01    -3.28986e-01

   -3.70148e-01     9.45796e-01
   -3.28986e-01     9.42371e-01

   -3.85366e-01     9.46958e-01
   -3.70148e-01     9.45796e-01

   -3.85366e-01     9.46958e-01
   -3.99747e-01     9.48057e-01

   -3.28986e-01     9.42371e-01
   -3.28986e-01     9.42371e-01

   -2.88885e-01     9.46856e-01
   -3.28986e-01     9.42371e-01

   -5.99742e-01    -9.28728e-01
   -5.48310e-01    -9.42317e-01

   -5.48310e-01    -9.42317e-01
   -5.99742e-01    -9.28728e-01

   -5.48310e-01    -9.42317e-01
   -5.48310e-01    -9.42317e-01

   -5.48310e-01    -9.42317e-01
   -5.48310e-01    -9.42317e-01

   -5.99742e-01    -9.28728e-01
   -6.03054e-01    -9.28810e-01

   -6.03054e-01    -9.28810e-01
   -5.99742e-01    -9.28728e-01

   -6.03054e-01    -9.28810e-01
   -6.03054e-01    -9.28810e-01

   -6.06376e-01    -9.28891e-01
   -6.03054e-01    -9.28810e-01

   -6.06376e-01    -9.28891e-01
   -6.06376e-01    -9.28891e-01

   -6.03054e-01    -9.28810e-01
   -6.06376e-01    -9.28891e-01

   -5.48310e-01    -9.42317e-01
   -5.48310e-01    -9.42317e-01

   -5.48310e-01    -9.42317e-01
   -5.48310e-01    -9.42317e-01

   -4.93082e-01    -9.39970e-01
   -5.00979e-01    -9.39627e-01

   -5.00979e-01    -9.39627e-01
   -4.93082e-01    -9.39970e-01

   -5.00979e-01    -9.39627e-01
   -5.00979e-01    -9.39627e-01

   -4.93082e-01    -9.39970e-01
   -4.85298e-01    -9.40308e-01

   -4.93082e-01    -9.39970e-01
   -4.93082e-01    -9.39970e-01

   -4.85298e-01    -9.40308e-01
   -4.93082e-01    -9.39970e-01

   -5.00979e-01    -9.39627e-01
   -5.48310e-01    -9.42317e-01

   -5.48310e-01    -9.42317e-01
   -5.00979e-01    -9.39627e-01

   -9.28810e-01    -6.03054e-01
   -9.28728e-01    -5.99742e-01

   -9.28810e-01    -6.03054e-01
   -9.28728e-01    -5.99742e-01

   -9.28810e-01    -6.03054e-01
   -9.28810e-01    -6.03054e-01

   -9.28891e-01    -6.06376e-01
   -9.28810e-01    -6.03054e-01

   -9.28891e-01    -6.06376e-01
   -9.28891e-01    -6.06376e-01

   -9.28891e-01    -6.06376e-01
   -9.28810e-01    -6.03054e-01

   -9.28728e-01    -5.99742e-01
   -9.42317e-01    -5.48310e-01

   -9.28728e-01    -5.99742e-01
   -9.42317e-01    -5.48310e-01

   -9.42317e-01    -5.48310e-01
   -9.42317e-01    -5.48310e-01

   -9.42317e-01    -5.48310e-01
   -9.42317e-01    -5.48310e-01

   -9.42317e-01    -5.48310e-01
   -9.42317e-01    -5.48310e-01

   -9.42317e-01    -5.48310e-01
   -9.42317e-01    -5.48310e-01

   -9.42317e-01    -5.48310e-01
   -9.39627e-01    -5.00979e-01

   -9.39627e-01    -5.00979e-01
   -9.42317e-01    -5.48310e-01

   -9.39627e-01    -5.00979e-01
   -9.39970e-01    -4.93082e-01

   -9.39627e-01    -5.00979e-01
   -9.39970e-01    -4.93082e-01

   -9.39627e-01    -5.00979e-01
   -9.39627e-01    -5.00979e-01

   -9.39970e-01    -4.93082e-01
   -9.40308e-01    -4.85298e-01

   -9.39970e-01    -4.93082e-01
   -9.39970e-01    -4.93082e-01

   -9.39970e-01    -4.93082e-01
   -9.40308e-01    -4.85298e-01

    9.45297e-01    -2.76288e-01
    9.43611e-01    -2.62671e-01

    9.45297e-01    -2.76288e-01
    9.46856e-01    -2.88885e-01

    9.43611e-01    -2.62671e-01
    9.39084e-01    -2.19324e-01

    9.39084e-01    -2.19324e-01
    9.39084e-01    -2.19324e-01

    9.39356e-01    -1.71722e-01
    9.39084e-01    -2.19324e-01

   -2.62671e-01     9.43611e-01
   -2.19324e-01     9.39084e-01

   -2.76288e-01     9.45297e-01
   -2.62671e-01     9.43611e-01

   -2.76288e-01     9.45297e-01
   -2.88885e-01     9.46856e-01

   -2.19324e-01     9.39084e-01
   -2.19324e-01     9.39084e-01

   -1.71722e-01     9.39356e-01
   -2.19324e-01     9.39084e-01

   -4.85298e-01    -9.40308e-01
   -4.38648e-01    -9.36098e-01

   -4.38648e-01    -9.36098e-01
   -4.85298e-01    -9.40308e-01

   -4.38648e-01    -9.36098e-01
   -4.38648e-01    -9.36098e-01

   -4.38648e-01    -9.36098e-01
   -4.38648e-01    -9.36098e-01

   -3.85366e-01    -9.46958e-01
   -3.85366e-01    -9.46958e-01

   -3.70148e-01    -9.45796e-01
   -3.85366e-01    -9.46958e-01

   -3.85366e-01    -9.46958e-01
   -3.85366e-01    -9.46958e-01

   -3.70148e-01    -9.45796e-01
   -3.85366e-01    -9.46958e-01

   -3.70148e-01    -9.45796e-01
   -3.70148e-01    -9.45796e-01

   -3.85366e-01    -9.46958e-01
   -3.85366e-01    -9.46958e-01

   -3.85366e-01    -9.46958e-01
   -3.85366e-01    -9.46958e-01

   -3.99747e-01    -9.48057e-01
   -3.99747e-01    -9.48057e-01

   -3.85366e-01    -9.46958e-01
   -3.99747e-01    -9.48057e-01

   -4.38648e-01    -9.36098e-01
   -4.38648e-01    -9.36098e-01

   -4.38648e-01    -9.36098e-01
   -3.99747e-01    -9.48057e-01

   -9.40308e-01    -4.85298e-01
   -9.36098e-01    -4.38648e-01

   -9.40308e-01    -4.85298e-01
   -9.36098e-01    -4.38648e-01

   -9.36098e-01    -4.38648e-01
   -9.36098e-01    -4.38648e-01

   -9.36098e-01    -4.38648e-01
   -9.36098e-01    -4.38648e-01

   -9.36098e-01    -4.38648e-01
   -9.36098e-01    -4.38648e-01

   -9.36098e-01    -4.38648e-01
   -9.48057e-01    -3.99747e-01

   -9.46958e-01    -3.85366e-01
   -9.46958e-01    -3.85366e-01

   -9.46958e-01    -3.85366e-01
   -9.45796e-01    -3.70148e-01

   -9.46958e-01    -3.85366e-01
   -9.46958e-01    -3.85366e-01

   -9.46958e-01    -3.85366e-01
   -9.45796e-01    -3.70148e-01

   -9.45796e-01    -3.70148e-01
   -9.45796e-01    -3.70148e-01

   -9.46958e-01    -3.85366e-01
   -9.46958e-01    -3.85366e-01

   -9.46958e-01    -3.85366e-01
   -9.46958e-01    -3.85366e-01

   -9.46958e-01    -3.85366e-01
   -9.48057e-01    -3.99747e-01

    9.38616e-01    -1.65345e-01
    9.37853e-01    -1.58766e-01

    9.38616e-01    -1.65345e-01
    9.39356e-01    -1.71722e-01

    9.34258e-01    -1.09662e-01
    9.37853e-01    -1.58766e-01

    9.34258e-01    -1.09662e-01
    9.34258e-01    -1.09662e-01

    9.34258e-01    -1.09662e-01
    9.34258e-01    -1.09662e-01

    9.34258e-01    -1.09662e-01
    9.34258e-01    -1.09662e-01

    9.34258e-01    -1.09662e-01
    9.34258e-01    -1.09662e-01

    9.34258e-01    -1.09662e-01
    9.30356e-01    -5.66014e-02

    9.30375e-01    -5.48502e-02
    9.30356e-01    -5.66014e-02

    9.30375e-01    -5.48502e-02
    9.30393e-01    -5.30977e-02

   -1.58766e-01     9.37853e-01
   -1.09662e-01     9.34258e-01

   -1.65345e-01     9.38616e-01
   -1.58766e-01     9.37853e-01

   -1.65345e-01     9.38616e-01
   -1.71722e-01     9.39356e-01

   -1.09662e-01     9.34258e-01
   -1.09662e-01     9.34258e-01

   -1.09662e-01     9.34258e-01
   -1.09662e-01     9.34258e-01

   -5.48502e-02     9.30375e-01
   -5.66014e-02     9.30356e-01

   -5.48502e-02     9.30375e-01
   -5.30977e-02     9.30393e-01

   -5.66014e-02     9.30356e-01
   -1.09662e-01     9.34258e-01

   -3.70148e-01    -9.45796e-01
   -3.70148e-01    -9.45796e-01

   -3.28986e-01    -9.42371e-01
   -3.70148e-01    -9.45796e-01

   -3.70148e-01    -9.45796e-01
   -3.70148e-01    -9.45796e-01

   -3.70148e-01    -9.45796e-01
   -3.28986e-01    -9.42371e-01

   -3.28986e-01    -9.42371e-01
   -3.28986e-01    -9.42371e-01

   -3.28986e-01    -9.42371e-01
   -3.28986e-01    -9.42371e-01

   -3.28986e-01    -9.42371e-01
   -3.28986e-01    -9.42371e-01

   -3.28986e-01    -9.42371e-01
   -3.28986e-01    -9.42371e-01

   -2.76288e-01    -9.45297e-01
   -2.62671e-01    -9.43611e-01

   -2.76288e-01    -9.45297e-01
   -2.62671e-01    -9.43611e-01

   -2.62671e-01    -9.43611e-01
   -2.62671e-01    -9.43611e-01

   -2.88885e-01    -9.46856e-01
   -2.76288e-01    -9.45297e-01

   -2.76288e-01    -9.45297e-01
   -2.76288e-01    -9.45297e-01

   -2.76288e-01    -9.45297e-01
   -2.88885e-01    -9.46856e-01

   -2.88885e-01    -9.46856e-01
   -3.28986e-01    -9.42371e-01

   -2.88885e-01    -9.46856e-01
   -3.28986e-01    -9.42371e-01

   -9.45796e-01    -3.70148e-01
   -9.45796e-01    -3.70148e-01

   -9.45796e-01    -3.70148e-01
   -9.42371e-01    -3.28986e-01

   -9.45796e-01    -3.70148e-01
   -9.45796e-01    -3.70148e-01

   -9.42371e-01    -3.28986e-01
   -9.45796e-01    -3.70148e-01

   -9.42371e-01    -3.28986e-01
   -9.42371e-01    -3.28986e-01

   -9.42371e-01    -3.28986e-01
   -9.42371e-01    -3.28986e-01

   -9.42371e-01    -3.28986e-01
   -9.42371e-01    -3.28986e-01

   -9.42371e-01    -3.28986e-01
   -9.42371e-01    -3.28986e-01

   -9.46856e-01    -2.88885e-01
   -9.42371e-01    -3.28986e-01

   -9.42371e-01    -3.28986e-01
   -9.46856e-01    -2.88885e-01

   -9.43611e-01    -2.62671e-01
   -9.45297e-01    -2.76288e-01

   -9.45297e-01    -2.76288e-01
   -9.43611e-01    -2.62671e-01

   -9.43611e-01    -2.62671e-01
   -9.43611e-01    -2.62671e-01

   -9.46856e-01    -2.88885e-01
   -9.45297e-01    -2.76288e-01

   -9.45297e-01    -2.76288e-01
   -9.45297e-01    -2.76288e-01

   -9.46856e-01    -2.88885e-01
   -9.45297e-01    -2.76288e-01

    9.32102e-01     0.00000e+00
    9.30393e-01    -5.30977e-02

    9.32102e-01     0.00000e+00
    9.32102e-01     0.00000e+00

    9.32102e-01     0.00000e+00
    9.32102e-01     0.00000e+00

    9.32102e-01     0.00000e+00
    9.30393e-01     5.30977e-02

    9.30375e-01     5.48502e-02
    9.30356e-01     5.66015e-02

    9.30375e-01     5.48502e-02
    9.30393e-01     5.30977e-02

    0.00000e+00     9.32102e-01
   -5.30977e-02     9.30393e-01

    0.00000e+00     9.32102e-01
    0.00000e+00     9.32102e-01

    0.00000e+00     9.32102e-01
    0.00000e+00     9.32102e-01

    5.48502e-02     9.30375e-01
    5.66014e-02     9.30356e-01

    5.48502e-02     9.30375e-01
    5.30977e-02     9.30393e-01

    0.00000e+00     9.32102e-01
    5.30977e-02     9.30393e-01

   -2.62671e-01    -9.43611e-01
   -2.19324e-01    -9.39084e-01

   -2.19324e-01    -9.39084e-01
   -2.62671e-01    -9.43611e-01

   -2.19324e-01    -9.39084e-01
   -2.19324e-01    -9.39084e-01

   -2.19324e-01    -9.39084e-01
   -2.19324e-01    -9.39084e-01

   -1.65345e-01    -9.38616e-01
   -1.58767e-01    -9.37853e-01

   -1.65345e-01    -9.38616e-01
   -1.58767e-01    -9.37853e-01

   -1.58767e-01    -9.37853e-01
   -1.58767e-01    -9.37853e-01

   -1.71722e-01    -9.39356e-01
   -1.65345e-01    -9.38616e-01

   -1.65345e-01    -9.38616e-01
   -1.65345e-01    -9.38616e-01

   -1.65345e-01    -9.38616e-01
   -1.71722e-01    -9.39356e-01

   -1.71722e-01    -9.39356e-01
   -2.19324e-01    -9.39084e-01

   -1.71722e-01    -9.39356e-01
   -2.19324e-01    -9.39084e-01

   -9.43611e-01    -2.62671e-01
   -9.39084e-01    -2.19324e-01

   -9.43611e-01    -2.62671e-01
   -9.39084e-01    -2.19324e-01

   -9.39084e-01    -2.19324e-01
   -9.39084e-01    -2.19324e-01

   -9.39084e-01    -2.19324e-01
   -9.39084e-01    -2.19324e-01

   -9.39356e-01    -1.71722e-01
   -9.39084e-01    -2.19324e-01

   -9.39084e-01    -2.19324e-01
   -9.39356e-01    -1.71722e-01

   -9.37853e-01    -1.58767e-01
   -9.38616e-01    -1.65345e-01

   -9.38616e-01    -1.65345e-01
   -9.37853e-01    -1.58767e-01

   -9.37853e-01    -1.58767e-01
   -9.37853e-01    -1.58767e-01

   -9.39356e-01    -1.71722e-01
   -9.38616e-01    -1.65345e-01

   -9.38616e-01    -1.65345e-01
   -9.38616e-01    -1.65345e-01

   -9.39356e-01    -1.71722e-01
   -9.38616e-01    -1.65345e-01

    9.30356e-01     5.66015e-02
    9.34258e-01     1.09662e-01

    9.34258e-01     1.09662e-01
    9.34258e-01     1.09662e-01

    9.34258e-01     1.09662e-01
    9.34258e-01     1.09662e-01

    9.37853e-01     1.58766e-01
    9.34258e-01     1.09662e-01

    5.66014e-02     9.30356e-01
    1.09662e-01     9.34258e-01

    1.09662e-01     9.34258e-01
    1.09662e-01     9.34258e-01

    1.09662e-01     9.34258e-01
    1.09662e-01     9.34258e-01

    1.58767e-01     9.37853e-01
    1.09662e-01     9.34258e-01

