   -2.50063e-01    -7.98373e-01
   -2.19324e-01    -7.91785e-01

   -2.66091e-01    -8.02894e-01
   -2.50063e-01    -7.98373e-01

   -2.66091e-01    -8.02894e-01
   -2.87646e-01    -8.08973e-01

   -2.19324e-01    -7.91786e-01
   -2.19324e-01    -7.91785e-01

   -2.01454e-01    -7.85504e-01
   -2.19324e-01    -7.91786e-01

   -8.02894e-01    -2.66091e-01
   -7.98373e-01    -2.50063e-01

   -8.02894e-01    -2.66091e-01
   -8.08973e-01    -2.87646e-01

   -7.98373e-01    -2.50063e-01
   -7.91785e-01    -2.19324e-01

   -7.91785e-01    -2.19324e-01
   -7.91785e-01    -2.19324e-01

   -7.85504e-01    -2.01454e-01
   -7.91785e-01    -2.19324e-01

    8.20522e-01     3.28986e-01
    8.08973e-01     2.87646e-01

    8.20522e-01     3.28986e-01
    8.20522e-01     3.28986e-01

    8.20522e-01     3.28986e-01
    8.20522e-01     3.28986e-01

    8.20522e-01     3.28986e-01
    8.03579e-01     3.64931e-01

    7.70235e-01     4.34679e-01
    7.68984e-01     4.37298e-01

    7.70235e-01     4.34679e-01
    8.03579e-01     3.64931e-01

    3.28986e-01     8.20522e-01
    2.87646e-01     8.08973e-01

    3.28986e-01     8.20522e-01
    3.28986e-01     8.20522e-01

    3.28986e-01     8.20522e-01
    3.28986e-01     8.20522e-01

    4.34679e-01     7.70235e-01
    4.37298e-01     7.68984e-01

    4.34679e-01     7.70235e-01
    3.64931e-01     8.03579e-01

    3.28986e-01     8.20522e-01
    3.64931e-01     8.03579e-01

   -2.01454e-01    -7.85504e-01
   -1.45101e-01    -7.67634e-01

   -1.45101e-01    -7.67634e-01
   -1.45101e-01    -7.67634e-01

   -1.45101e-01    -7.67634e-01
   -1.45101e-01    -7.67634e-01

   -1.16922e-01    -7.60374e-01
   -1.45101e-01    -7.67634e-01

   -7.85504e-01    -2.01454e-01
   -7.67634e-01    -1.45101e-01

   -7.67634e-01    -1.45101e-01
   -7.67634e-01    -1.45101e-01

   -7.67634e-01    -1.45101e-01
   -7.67634e-01    -1.45101e-01

   -7.60374e-01    -1.16922e-01
   -7.67634e-01    -1.45101e-01

    7.68561e-01     4.38648e-01
    7.68984e-01     4.37298e-01

    7.68561e-01     4.38648e-01
    7.68561e-01     4.38648e-01

    7.67634e-01     4.40050e-01
    7.13390e-01     4.94066e-01

    7.67634e-01     4.40050e-01
    7.67634e-01     4.40050e-01

    6.90807e-01     5.48310e-01
    7.13390e-01     4.94066e-01

    6.90807e-01     5.48310e-01
    6.90807e-01     5.48310e-01

    6.90807e-01     5.48310e-01
    6.90807e-01     5.48310e-01

    7.68561e-01     4.38648e-01
    7.68561e-01     4.38648e-01

    7.67634e-01     4.40050e-01
    7.67634e-01     4.40050e-01

    7.68561e-01     4.38648e-01
    7.68205e-01     4.39219e-01

    7.67634e-01     4.40050e-01
    7.68205e-01     4.39219e-01

    6.57972e-01     5.86073e-01
    6.12431e-01     6.12431e-01

    6.57972e-01     5.86073e-01
    6.57972e-01     5.86073e-01

    5.86073e-01     6.57972e-01
    6.12431e-01     6.12431e-01

    5.86073e-01     6.57972e-01
    5.86073e-01     6.57972e-01

    6.90807e-01     5.48310e-01
    6.90807e-01     5.48310e-01

    6.90807e-01     5.48310e-01
    6.90807e-01     5.48310e-01

    6.57972e-01     5.86073e-01
    6.57972e-01     5.86073e-01

    6.90807e-01     5.48310e-01
    6.74456e-01     5.64794e-01

    6.57972e-01     5.86073e-01
    6.74456e-01     5.64794e-01

    5.48310e-01     6.90807e-01
    4.94066e-01     7.13390e-01

    5.48310e-01     6.90807e-01
    5.48310e-01     6.90807e-01

    5.48310e-01     6.90807e-01
    5.48310e-01     6.90807e-01

    4.40050e-01     7.67634e-01
    4.94066e-01     7.13390e-01

    4.40050e-01     7.67634e-01
    4.40050e-01     7.67634e-01

    5.86073e-01     6.57972e-01
    5.86073e-01     6.57972e-01

    5.48310e-01     6.90807e-01
    5.48310e-01     6.90807e-01

    5.48310e-01     6.90807e-01
    5.48310e-01     6.90807e-01

    5.86073e-01     6.57972e-01
    5.64794e-01     6.74456e-01

    5.48310e-01     6.90807e-01
    5.64794e-01     6.74456e-01

    4.38648e-01     7.68561e-01
    4.37298e-01     7.68984e-01

    4.38648e-01     7.68561e-01
    4.38648e-01     7.68561e-01

    4.40050e-01     7.67634e-01
    4.40050e-01     7.67634e-01

    4.38648e-01     7.68561e-01
    4.38648e-01     7.68561e-01

    4.40050e-01     7.67634e-01
    4.39219e-01     7.68205e-01

    4.38648e-01     7.68561e-01
    4.39219e-01     7.68205e-01

   -1.16922e-01    -7.60374e-01
   -1.09662e-01    -7.58308e-01

   -1.09662e-01    -7.58308e-01
   -1.09662e-01    -7.58308e-01

   -1.92068e-02    -7.48427e-01
   -6.89696e-02    -7.53379e-01

   -9.83299e-02    -7.56302e-01
   -6.89696e-02    -7.53379e-01

   -9.83299e-02    -7.56302e-01
   -1.09662e-01    -7.58308e-01

   -7.58308e-01    -1.09662e-01
   -7.60374e-01    -1.16922e-01

   -7.58308e-01    -1.09662e-01
   -7.58308e-01    -1.09662e-01

   -7.58308e-01    -1.09662e-01
   -7.58308e-01    -1.09662e-01

   -7.58308e-01    -1.09662e-01
   -7.56302e-01    -9.83298e-02

   -7.48427e-01    -1.92068e-02
   -7.53380e-01    -6.89696e-02

   -7.56302e-01    -9.83298e-02
   -7.53380e-01    -6.89696e-02

    0.00000e+00    -7.47390e-01
   -1.92068e-02    -7.48427e-01

    0.00000e+00    -7.47390e-01
    0.00000e+00    -7.47390e-01

    0.00000e+00    -7.47390e-01
    0.00000e+00    -7.47390e-01

    1.92068e-02    -7.48427e-01
    6.89696e-02    -7.53380e-01

    9.83299e-02    -7.56302e-01
    6.89696e-02    -7.53380e-01

    0.00000e+00    -7.47390e-01
    1.92068e-02    -7.48427e-01

   -7.47390e-01     0.00000e+00
   -7.48427e-01    -1.92068e-02

   -7.47390e-01     0.00000e+00
   -7.47390e-01     0.00000e+00

   -7.47390e-01     0.00000e+00
   -7.47390e-01     0.00000e+00

   -7.47390e-01     0.00000e+00
   -7.48427e-01     1.92068e-02

   -7.48427e-01     1.92068e-02
   -7.53380e-01     6.89696e-02

   -7.56302e-01     9.83298e-02
   -7.53380e-01     6.89696e-02

    2.01454e-01    -7.85504e-01
    2.19324e-01    -7.91785e-01

    1.45101e-01    -7.67634e-01
    2.01454e-01    -7.85504e-01

    1.45101e-01    -7.67634e-01
    1.45101e-01    -7.67634e-01

    1.45101e-01    -7.67634e-01
    1.45101e-01    -7.67634e-01

    2.19324e-01    -7.91785e-01
    2.19324e-01    -7.91785e-01

    2.50063e-01    -7.98373e-01
    2.19324e-01    -7.91785e-01

    1.09662e-01    -7.58308e-01
    9.83299e-02    -7.56302e-01

    1.09662e-01    -7.58308e-01
    1.09662e-01    -7.58308e-01

    1.45101e-01    -7.67634e-01
    1.16922e-01    -7.60374e-01

    1.09662e-01    -7.58308e-01
    1.16922e-01    -7.60374e-01

   -7.56302e-01     9.83298e-02
   -7.58308e-01     1.09662e-01

   -7.67634e-01     1.45101e-01
   -7.85504e-01     2.01454e-01

   -7.67634e-01     1.45101e-01
   -7.67634e-01     1.45101e-01

   -7.67634e-01     1.45101e-01
   -7.67634e-01     1.45101e-01

   -7.91785e-01     2.19324e-01
   -7.85504e-01     2.01454e-01

   -7.91785e-01     2.19324e-01
   -7.91785e-01     2.19324e-01

   -7.58308e-01     1.09662e-01
   -7.58308e-01     1.09662e-01

   -7.67634e-01     1.45101e-01
   -7.67634e-01     1.45101e-01

   -7.67634e-01     1.45101e-01
   -7.67634e-01     1.45101e-01

   -7.60374e-01     1.16922e-01
   -7.58308e-01     1.09662e-01

   -7.67634e-01     1.45101e-01
   -7.60374e-01     1.16922e-01

   -7.91785e-01     2.19324e-01
   -7.98373e-01     2.50063e-01

    3.28986e-01    -8.20522e-01
    2.87646e-01    -8.08973e-01

    3.28986e-01    -8.20522e-01
    3.28986e-01    -8.20522e-01

    2.66091e-01    -8.02894e-01
    2.50063e-01    -7.98373e-01

    2.66091e-01    -8.02894e-01
    2.87646e-01    -8.08973e-01

    3.28986e-01    -8.20522e-01
    3.64931e-01    -8.03579e-01

   -8.02894e-01     2.66091e-01
   -7.98373e-01     2.50063e-01

   -8.02894e-01     2.66091e-01
   -8.08973e-01     2.87646e-01

   -8.20522e-01     3.28986e-01
   -8.08973e-01     2.87646e-01

   -8.20522e-01     3.28986e-01
   -8.20522e-01     3.28986e-01

   -8.20522e-01     3.28986e-01
   -8.03579e-01     3.64931e-01

    4.38648e-01    -7.68561e-01
    4.37298e-01    -7.68983e-01

    4.38648e-01    -7.68561e-01
    4.38648e-01    -7.68561e-01

    4.34679e-01    -7.70235e-01
    4.37298e-01    -7.68983e-01

    4.34679e-01    -7.70235e-01
    3.64931e-01    -8.03579e-01

    4.38648e-01    -7.68561e-01
    4.38648e-01    -7.68561e-01

    4.38648e-01    -7.68561e-01
    4.39219e-01    -7.68205e-01

   -7.70235e-01     4.34679e-01
   -7.68983e-01     4.37298e-01

   -7.70235e-01     4.34679e-01
   -8.03579e-01     3.64931e-01

   -7.68561e-01     4.38648e-01
   -7.68983e-01     4.37298e-01

   -7.68561e-01     4.38648e-01
   -7.68561e-01     4.38648e-01

   -7.68561e-01     4.38648e-01
   -7.68561e-01     4.38648e-01

   -7.68561e-01     4.38648e-01
   -7.68205e-01     4.39219e-01

    4.40050e-01    -7.67634e-01
    4.39219e-01    -7.68205e-01

    4.40050e-01    -7.67634e-01
    4.40050e-01    -7.67634e-01

    4.40050e-01    -7.67634e-01
    4.40050e-01    -7.67634e-01

    4.40050e-01    -7.67634e-01
    4.94066e-01    -7.13390e-01

   -7.67634e-01     4.40050e-01
   -7.68205e-01     4.39219e-01

   -7.67634e-01     4.40050e-01
   -7.67634e-01     4.40050e-01

   -7.67634e-01     4.40050e-01
   -7.67634e-01     4.40050e-01

   -7.67634e-01     4.40050e-01
   -7.13390e-01     4.94066e-01

    4.94066e-01    -7.13390e-01
    5.48310e-01    -6.90807e-01

    5.48310e-01    -6.90807e-01
    5.48310e-01    -6.90807e-01

    5.48310e-01    -6.90807e-01
    5.48310e-01    -6.90807e-01

    5.64794e-01    -6.74456e-01
    5.48310e-01    -6.90807e-01

   -7.13390e-01     4.94066e-01
   -6.90807e-01     5.48310e-01

   -6.90807e-01     5.48310e-01
   -6.90807e-01     5.48310e-01

   -6.90807e-01     5.48310e-01
   -6.90807e-01     5.48310e-01

   -6.74456e-01     5.64794e-01
   -6.90807e-01     5.48310e-01

    5.64794e-01    -6.74456e-01
    5.86073e-01    -6.57972e-01

    5.86073e-01    -6.57972e-01
    5.86073e-01    -6.57972e-01

    6.12431e-01    -6.12431e-01
    5.86073e-01    -6.57972e-01

   -6.74456e-01     5.64794e-01
   -6.57972e-01     5.86073e-01

   -6.57972e-01     5.86073e-01
   -6.57972e-01     5.86073e-01

   -6.12431e-01     6.12431e-01
   -6.57972e-01     5.86073e-01

    6.57972e-01    -5.86073e-01
    6.12431e-01    -6.12431e-01

    6.57972e-01    -5.86073e-01
    6.57972e-01    -5.86073e-01

    6.57972e-01    -5.86073e-01
    6.74456e-01    -5.64794e-01

   -5.86073e-01     6.57972e-01
   -6.12431e-01     6.12431e-01

   -5.86073e-01     6.57972e-01
   -5.86073e-01     6.57972e-01

   -5.86073e-01     6.57972e-01
   -5.64794e-01     6.74456e-01

    6.90807e-01    -5.48310e-01
    6.74456e-01    -5.64794e-01

    6.90807e-01    -5.48310e-01
    6.90807e-01    -5.48310e-01

    6.90807e-01    -5.48310e-01
    6.90807e-01    -5.48310e-01

    6.90807e-01    -5.48310e-01
    7.13390e-01    -4.94066e-01

   -5.48310e-01     6.90807e-01
   -5.64794e-01     6.74456e-01

   -5.48310e-01     6.90807e-01
   -5.48310e-01     6.90807e-01

   -5.48310e-01     6.90807e-01
   -5.48310e-01     6.90807e-01

   -5.48310e-01     6.90807e-01
   -4.94066e-01     7.13390e-01

    7.67634e-01    -4.40050e-01
    7.13390e-01    -4.94066e-01

    7.67634e-01    -4.40050e-01
    7.67634e-01    -4.40050e-01

    7.67634e-01    -4.40050e-01
    7.67634e-01    -4.40050e-01

    7.67634e-01    -4.40050e-01
    7.68205e-01    -4.39219e-01

   -4.40050e-01     7.67634e-01
   -4.94066e-01     7.13390e-01

   -4.40050e-01     7.67634e-01
   -4.40050e-01     7.67634e-01

   -4.40050e-01     7.67634e-01
   -4.40050e-01     7.67634e-01

   -4.40050e-01     7.67634e-01
   -4.39219e-01     7.68205e-01

    7.68561e-01    -4.38648e-01
    7.68205e-01    -4.39219e-01

    7.68561e-01    -4.38648e-01
    7.68561e-01    -4.38648e-01

    7.68561e-01    -4.38648e-01
    7.68561e-01    -4.38648e-01

    7.68561e-01    -4.38648e-01
    7.68983e-01    -4.37298e-01

    7.70235e-01    -4.34679e-01
    7.68983e-01    -4.37298e-01

    7.70235e-01    -4.34679e-01
    8.03579e-01    -3.64931e-01

   -4.38648e-01     7.68561e-01
   -4.39219e-01     7.68205e-01

   -4.38648e-01     7.68561e-01
   -4.38648e-01     7.68561e-01

   -4.38648e-01     7.68561e-01
   -4.38648e-01     7.68561e-01

   -4.34679e-01     7.70235e-01
   -4.37298e-01     7.68983e-01

   -4.34679e-01     7.70235e-01
   -3.64931e-01     8.03579e-01

   -4.38648e-01     7.68561e-01
   -4.37298e-01     7.68983e-01

    8.03579e-01    -3.64931e-01
    8.20522e-01    -3.28986e-01

    8.20522e-01    -3.28986e-01
    8.20522e-01    -3.28986e-01

    8.08973e-01    -2.87646e-01
    8.20522e-01    -3.28986e-01

    8.02894e-01    -2.66091e-01
    7.98373e-01    -2.50063e-01

    8.02894e-01    -2.66091e-01
    8.08973e-01    -2.87646e-01

   -3.64931e-01     8.03579e-01
   -3.28986e-01     8.20522e-01

   -3.28986e-01     8.20522e-01
   -3.28986e-01     8.20522e-01

   -2.66091e-01     8.02894e-01
   -2.50063e-01     7.98373e-01

   -2.66091e-01     8.02894e-01
   -2.87646e-01     8.08973e-01

   -2.87646e-01     8.08973e-01
   -3.28986e-01     8.20522e-01

    7.98373e-01    -2.50063e-01
    7.91785e-01    -2.19324e-01

    7.67634e-01    -1.45101e-01
    7.60374e-01    -1.16922e-01

    7.67634e-01    -1.45101e-01
    7.67634e-01    -1.45101e-01

    7.67634e-01    -1.45101e-01
    7.67634e-01    -1.45101e-01

    7.58308e-01    -1.09662e-01
    7.60374e-01    -1.16922e-01

    7.58308e-01    -1.09662e-01
    7.58308e-01    -1.09662e-01

    7.91785e-01    -2.19324e-01
    7.91785e-01    -2.19324e-01

    7.67634e-01    -1.45101e-01
    7.67634e-01    -1.45101e-01

    7.67634e-01    -1.45101e-01
    7.67634e-01    -1.45101e-01

    7.85504e-01    -2.01454e-01
    7.91785e-01    -2.19324e-01

    7.67634e-01    -1.45101e-01
    7.85504e-01    -2.01454e-01

    7.58308e-01    -1.09662e-01
    7.56302e-01    -9.83298e-02

   -1.16922e-01     7.60374e-01
   -1.09662e-01     7.58308e-01

   -1.16922e-01     7.60374e-01
   -1.45101e-01     7.67634e-01

   -1.09662e-01     7.58308e-01
   -1.09662e-01     7.58308e-01

   -9.83299e-02     7.56302e-01
   -1.09662e-01     7.58308e-01

   -2.19324e-01     7.91785e-01
   -2.50063e-01     7.98373e-01

   -2.19324e-01     7.91785e-01
   -2.19324e-01     7.91785e-01

   -1.45101e-01     7.67634e-01
   -1.45101e-01     7.67634e-01

   -1.45101e-01     7.67634e-01
   -1.45101e-01     7.67634e-01

   -2.01454e-01     7.85504e-01
   -1.45101e-01     7.67634e-01

   -2.19324e-01     7.91785e-01
   -2.01454e-01     7.85504e-01

    7.53380e-01    -6.89696e-02
    7.48427e-01    -1.92068e-02

    7.53380e-01    -6.89696e-02
    7.56302e-01    -9.83298e-02

    7.47390e-01     0.00000e+00
    7.48427e-01    -1.92068e-02

    7.47390e-01     0.00000e+00
    7.47390e-01     0.00000e+00

    7.47390e-01     0.00000e+00
    7.47390e-01     0.00000e+00

    7.47390e-01     0.00000e+00
    7.48427e-01     1.92068e-02

    0.00000e+00     7.47390e-01
   -1.92068e-02     7.48427e-01

    0.00000e+00     7.47390e-01
    0.00000e+00     7.47390e-01

   -6.89696e-02     7.53380e-01
   -1.92068e-02     7.48427e-01

   -6.89696e-02     7.53380e-01
   -9.83299e-02     7.56302e-01

    0.00000e+00     7.47390e-01
    0.00000e+00     7.47390e-01

    0.00000e+00     7.47390e-01
    1.92068e-02     7.48427e-01

    7.53380e-01     6.89696e-02
    7.48427e-01     1.92068e-02

    7.53380e-01     6.89696e-02
    7.56302e-01     9.83298e-02

    7.58308e-01     1.09662e-01
    7.56302e-01     9.83298e-02

    7.58308e-01     1.09662e-01
    7.58308e-01     1.09662e-01

    7.58308e-01     1.09662e-01
    7.58308e-01     1.09662e-01

    7.58308e-01     1.09662e-01
    7.60374e-01     1.16922e-01

    1.09662e-01     7.58308e-01
    9.83299e-02     7.56302e-01

    1.09662e-01     7.58308e-01
    1.09662e-01     7.58308e-01

    6.89696e-02     7.53379e-01
    1.92068e-02     7.48427e-01

    6.89696e-02     7.53379e-01
    9.83299e-02     7.56302e-01

    1.09662e-01     7.58308e-01
    1.16922e-01     7.60374e-01

   -4.38648e-01    -7.68561e-01
   -4.39219e-01    -7.68205e-01

   -4.38648e-01    -7.68561e-01
   -4.38648e-01    -7.68561e-01

   -4.40050e-01    -7.67634e-01
   -4.39219e-01    -7.68205e-01

   -4.40050e-01    -7.67634e-01
   -4.40050e-01    -7.67634e-01

   -4.38648e-01    -7.68561e-01
   -4.38648e-01    -7.68561e-01

   -4.38648e-01    -7.68561e-01
   -4.37298e-01    -7.68983e-01

   -4.37298e-01    -7.68983e-01
   -4.38648e-01    -7.68561e-01

   -5.64794e-01    -6.74456e-01
   -5.48310e-01    -6.90807e-01

   -5.48310e-01    -6.90807e-01
   -5.64794e-01    -6.74456e-01

   -5.48310e-01    -6.90807e-01
   -5.48310e-01    -6.90807e-01

   -5.48310e-01    -6.90807e-01
   -5.48310e-01    -6.90807e-01

   -5.86073e-01    -6.57972e-01
   -5.64794e-01    -6.74456e-01

   -5.64794e-01    -6.74456e-01
   -5.86073e-01    -6.57972e-01

   -5.86073e-01    -6.57972e-01
   -5.86073e-01    -6.57972e-01

   -4.40050e-01    -7.67634e-01
   -4.40050e-01    -7.67634e-01

   -5.48310e-01    -6.90807e-01
   -5.48310e-01    -6.90807e-01

   -5.48310e-01    -6.90807e-01
   -5.48310e-01    -6.90807e-01

   -4.40050e-01    -7.67634e-01
   -4.94066e-01    -7.13390e-01

   -4.40050e-01    -7.67634e-01
   -4.94066e-01    -7.13390e-01

   -5.48310e-01    -6.90807e-01
   -4.94066e-01    -7.13390e-01

   -4.94066e-01    -7.13390e-01
   -5.48310e-01    -6.90807e-01

   -6.57972e-01    -5.86073e-01
   -6.74456e-01    -5.64794e-01

   -6.57972e-01    -5.86073e-01
   -6.74456e-01    -5.64794e-01

   -6.57972e-01    -5.86073e-01
   -6.57972e-01    -5.86073e-01

   -6.74456e-01    -5.64794e-01
   -6.90807e-01    -5.48310e-01

   -6.74456e-01    -5.64794e-01
   -6.90807e-01    -5.48310e-01

   -6.90807e-01    -5.48310e-01
   -6.90807e-01    -5.48310e-01

   -6.90807e-01    -5.48310e-01
   -6.90807e-01    -5.48310e-01

   -5.86073e-01    -6.57972e-01
   -5.86073e-01    -6.57972e-01

   -6.57972e-01    -5.86073e-01
   -6.57972e-01    -5.86073e-01

   -5.86073e-01    -6.57972e-01
   -6.12431e-01    -6.12431e-01

   -5.86073e-01    -6.57972e-01
   -6.12431e-01    -6.12431e-01

   -6.57972e-01    -5.86073e-01
   -6.12431e-01    -6.12431e-01

   -6.12431e-01    -6.12431e-01
   -6.57972e-01    -5.86073e-01

   -7.67634e-01    -4.40050e-01
   -7.68205e-01    -4.39219e-01

   -7.67634e-01    -4.40050e-01
   -7.67634e-01    -4.40050e-01

   -7.68561e-01    -4.38648e-01
   -7.68205e-01    -4.39219e-01

   -7.68561e-01    -4.38648e-01
   -7.68561e-01    -4.38648e-01

   -6.90807e-01    -5.48310e-01
   -6.90807e-01    -5.48310e-01

   -6.90807e-01    -5.48310e-01
   -6.90807e-01    -5.48310e-01

   -7.67634e-01    -4.40050e-01
   -7.67634e-01    -4.40050e-01

   -6.90807e-01    -5.48310e-01
   -7.13390e-01    -4.94066e-01

   -6.90807e-01    -5.48310e-01
   -7.13390e-01    -4.94066e-01

   -7.67634e-01    -4.40050e-01
   -7.13390e-01    -4.94066e-01

   -7.13390e-01    -4.94066e-01
   -7.67634e-01    -4.40050e-01

   -7.68561e-01    -4.38648e-01
   -7.68561e-01    -4.38648e-01

   -7.68561e-01    -4.38648e-01
   -7.68984e-01    -4.37298e-01

   -7.68561e-01    -4.38648e-01
   -7.68984e-01    -4.37298e-01

    7.67634e-01     1.45101e-01
    7.60374e-01     1.16922e-01

    7.67634e-01     1.45101e-01
    7.67634e-01     1.45101e-01

    7.67634e-01     1.45101e-01
    7.67634e-01     1.45101e-01

    7.67634e-01     1.45101e-01
    7.85504e-01     2.01454e-01

    1.45101e-01     7.67634e-01
    1.16922e-01     7.60374e-01

    1.45101e-01     7.67634e-01
    1.45101e-01     7.67634e-01

    1.45101e-01     7.67634e-01
    1.45101e-01     7.67634e-01

    1.45101e-01     7.67634e-01
    2.01454e-01     7.85504e-01

   -3.28986e-01    -8.20522e-01
   -3.28986e-01    -8.20522e-01

   -3.28986e-01    -8.20522e-01
   -3.64931e-01    -8.03579e-01

   -3.28986e-01    -8.20522e-01
   -3.28986e-01    -8.20522e-01

   -4.34679e-01    -7.70236e-01
   -4.37298e-01    -7.68983e-01

   -4.37298e-01    -7.68983e-01
   -4.34679e-01    -7.70236e-01

   -4.34679e-01    -7.70236e-01
   -4.34679e-01    -7.70236e-01

   -4.34679e-01    -7.70236e-01
   -4.34679e-01    -7.70236e-01

   -3.64937e-01    -8.03576e-01
   -3.64931e-01    -8.03579e-01

   -4.34679e-01    -7.70236e-01
   -3.64937e-01    -8.03576e-01

   -3.28986e-01    -8.20522e-01
   -3.28986e-01    -8.20522e-01

   -2.87646e-01    -8.08973e-01
   -3.28986e-01    -8.20522e-01

   -3.28986e-01    -8.20522e-01
   -2.87646e-01    -8.08973e-01

   -7.68984e-01    -4.37298e-01
   -7.70236e-01    -4.34679e-01

   -7.68984e-01    -4.37298e-01
   -7.70236e-01    -4.34679e-01

   -7.70236e-01    -4.34679e-01
   -7.70236e-01    -4.34679e-01

   -7.70236e-01    -4.34679e-01
   -7.70236e-01    -4.34679e-01

   -8.03576e-01    -3.64937e-01
   -8.03579e-01    -3.64931e-01

   -7.70236e-01    -4.34679e-01
   -8.03576e-01    -3.64937e-01

   -8.20522e-01    -3.28986e-01
   -8.20522e-01    -3.28986e-01

   -8.20522e-01    -3.28986e-01
   -8.03579e-01    -3.64931e-01

   -8.20522e-01    -3.28986e-01
   -8.20522e-01    -3.28986e-01

   -8.20522e-01    -3.28986e-01
   -8.20522e-01    -3.28986e-01

   -8.20522e-01    -3.28986e-01
   -8.08973e-01    -2.87646e-01

   -8.08973e-01    -2.87646e-01
   -8.20522e-01    -3.28986e-01

    7.91785e-01     2.19324e-01
    7.85504e-01     2.01454e-01

    7.91785e-01     2.19324e-01
    7.91785e-01     2.19324e-01

    7.91785e-01     2.19324e-01
    7.98373e-01     2.50063e-01

    8.02894e-01     2.66091e-01
    7.98373e-01     2.50063e-01

    8.02894e-01     2.66091e-01
    8.08973e-01     2.87646e-01

    2.19324e-01     7.91786e-01
    2.01454e-01     7.85504e-01

    2.19324e-01     7.91785e-01
    2.19324e-01     7.91786e-01

    2.66091e-01     8.02894e-01
    2.50063e-01     7.98373e-01

    2.66091e-01     8.02894e-01
    2.87646e-01     8.08973e-01

    2.19324e-01     7.91785e-01
    2.50063e-01     7.98373e-01

   -1.26714e-01    -8.94348e-01
   -1.09662e-01    -9.00564e-01

   -1.97201e-01    -8.77296e-01
   -1.26714e-01    -8.94348e-01

   -1.97201e-01    -8.77296e-01
   -1.97201e-01    -8.77296e-01

   -1.97201e-01    -8.77296e-01
   -1.97201e-01    -8.77296e-01

   -1.09662e-01    -9.00564e-01
   -1.09662e-01    -9.00564e-01

   -8.77714e-02    -8.99186e-01
   -1.09662e-01    -9.00564e-01

   -2.19324e-01    -8.72436e-01
   -2.30757e-01    -8.65863e-01

   -2.19324e-01    -8.72436e-01
   -2.19324e-01    -8.72436e-01

   -1.97201e-01    -8.77296e-01
   -2.14395e-01    -8.72367e-01

   -2.19324e-01    -8.72436e-01
   -2.14395e-01    -8.72367e-01

   -8.65863e-01    -2.30757e-01
   -8.72436e-01    -2.19324e-01

   -8.77296e-01    -1.97201e-01
   -8.94348e-01    -1.26714e-01

   -8.77296e-01    -1.97201e-01
   -8.77296e-01    -1.97201e-01

   -8.77296e-01    -1.97201e-01
   -8.77296e-01    -1.97201e-01

   -9.00565e-01    -1.09662e-01
   -8.94348e-01    -1.26714e-01

   -9.00564e-01    -1.09662e-01
   -9.00565e-01    -1.09662e-01

   -8.72436e-01    -2.19324e-01
   -8.72436e-01    -2.19324e-01

   -8.77296e-01    -1.97201e-01
   -8.77296e-01    -1.97201e-01

   -8.77296e-01    -1.97201e-01
   -8.77296e-01    -1.97201e-01

   -8.72367e-01    -2.14395e-01
   -8.72436e-01    -2.19324e-01

   -8.77296e-01    -1.97201e-01
   -8.72367e-01    -2.14395e-01

   -9.00564e-01    -1.09662e-01
   -8.99186e-01    -8.77714e-02

    8.59886e-01     2.45492e-01
    8.40817e-01     2.92507e-01

    8.59886e-01     2.45492e-01
    8.65863e-01     2.30757e-01

    8.41201e-01     3.28986e-01
    8.40817e-01     2.92507e-01

    8.41201e-01     3.28986e-01
    8.41201e-01     3.28986e-01

    8.41201e-01     3.28986e-01
    8.41201e-01     3.28986e-01

    8.41201e-01     3.28986e-01
    8.47644e-01     3.58637e-01

    3.28986e-01     8.41201e-01
    2.92507e-01     8.40817e-01

    3.28986e-01     8.41201e-01
    3.28986e-01     8.41201e-01

    2.45492e-01     8.59886e-01
    2.92507e-01     8.40817e-01

    2.45492e-01     8.59886e-01
    2.30757e-01     8.65863e-01

    3.28986e-01     8.41201e-01
    3.28986e-01     8.41201e-01

    3.28986e-01     8.41201e-01
    3.58637e-01     8.47644e-01

    0.00000e+00    -9.10204e-01
   -2.69176e-02    -9.04213e-01

    0.00000e+00    -9.10204e-01
    0.00000e+00    -9.10204e-01

   -6.04783e-02    -9.01441e-01
   -8.77714e-02    -8.99186e-01

   -6.04783e-02    -9.01441e-01
   -2.69176e-02    -9.04213e-01

    0.00000e+00    -9.10204e-01
    0.00000e+00    -9.10204e-01

    0.00000e+00    -9.10204e-01
    2.69176e-02    -9.04213e-01

   -9.01441e-01    -6.04783e-02
   -8.99186e-01    -8.77714e-02

   -9.01441e-01    -6.04783e-02
   -9.04213e-01    -2.69176e-02

   -9.10204e-01     0.00000e+00
   -9.04213e-01    -2.69176e-02

   -9.10204e-01     0.00000e+00
   -9.10204e-01     0.00000e+00

   -9.10204e-01     0.00000e+00
   -9.10204e-01     0.00000e+00

   -9.10204e-01     0.00000e+00
   -9.04213e-01     2.69176e-02

    8.51605e-01     3.91140e-01
    8.47644e-01     3.58637e-01

    8.51605e-01     3.91140e-01
    8.54632e-01     4.15984e-01

    8.49587e-01     4.38648e-01
    8.54632e-01     4.15984e-01

    8.49587e-01     4.38648e-01
    8.49587e-01     4.38648e-01

    8.49587e-01     4.38648e-01
    8.49587e-01     4.38648e-01

    8.49587e-01     4.38648e-01
    8.53703e-01     4.62240e-01

    4.38648e-01     8.49587e-01
    4.15984e-01     8.54632e-01

    4.38648e-01     8.49587e-01
    4.38648e-01     8.49587e-01

    3.91141e-01     8.51605e-01
    3.58637e-01     8.47644e-01

    3.91141e-01     8.51605e-01
    4.15984e-01     8.54632e-01

    4.38648e-01     8.49587e-01
    4.38648e-01     8.49587e-01

    4.38648e-01     8.49587e-01
    4.62240e-01     8.53703e-01

    1.09662e-01    -9.00564e-01
    8.77714e-02    -8.99186e-01

    1.09662e-01    -9.00564e-01
    1.09662e-01    -9.00564e-01

    6.04783e-02    -9.01441e-01
    8.77714e-02    -8.99186e-01

    6.04783e-02    -9.01441e-01
    2.69176e-02    -9.04213e-01

    1.09662e-01    -9.00564e-01
    1.26714e-01    -8.94348e-01

   -9.01441e-01     6.04783e-02
   -8.99186e-01     8.77714e-02

   -9.01441e-01     6.04783e-02
   -9.04213e-01     2.69176e-02

   -9.00564e-01     1.09662e-01
   -8.99186e-01     8.77714e-02

   -9.00564e-01     1.09662e-01
   -9.00564e-01     1.09662e-01

   -9.00564e-01     1.09662e-01
   -9.00564e-01     1.09662e-01

   -9.00564e-01     1.09662e-01
   -8.94348e-01     1.26714e-01

    8.58119e-01     5.03741e-01
    8.53703e-01     4.62240e-01

    8.58119e-01     5.03741e-01
    8.61142e-01     5.32156e-01

    8.45876e-01     5.48310e-01
    8.61142e-01     5.32156e-01

    8.45876e-01     5.48310e-01
    8.45876e-01     5.48310e-01

    8.45876e-01     5.48310e-01
    8.45876e-01     5.48310e-01

    7.67634e-01     6.40854e-01
    7.62327e-01     6.52665e-01

    7.67634e-01     6.40854e-01
    7.67634e-01     6.40854e-01

    7.53384e-01     6.57972e-01
    7.62327e-01     6.52665e-01

    7.53384e-01     6.57972e-01
    7.53384e-01     6.57972e-01

    8.45876e-01     5.48310e-01
    8.45876e-01     5.48310e-01

    8.45876e-01     5.48310e-01
    8.45876e-01     5.48310e-01

    7.67634e-01     6.40854e-01
    7.67634e-01     6.40854e-01

    8.45876e-01     5.48310e-01
    8.21792e-01     6.02468e-01

    7.67634e-01     6.40854e-01
    8.21792e-01     6.02468e-01

    6.57972e-01     7.53384e-01
    6.52665e-01     7.62327e-01

    6.57972e-01     7.53384e-01
    6.57972e-01     7.53384e-01

    6.40854e-01     7.67634e-01
    6.52665e-01     7.62327e-01

    6.40854e-01     7.67634e-01
    6.40854e-01     7.67634e-01

    7.53384e-01     6.57972e-01
    7.53384e-01     6.57972e-01

    6.57972e-01     7.53384e-01
    6.57972e-01     7.53384e-01

    7.53384e-01     6.57972e-01
    7.41013e-01     6.84593e-01

    6.57972e-01     7.53384e-01
    6.84593e-01     7.41013e-01

    5.48310e-01     8.45876e-01
    5.32156e-01     8.61142e-01

    5.48310e-01     8.45876e-01
    5.48310e-01     8.45876e-01

    5.48310e-01     8.45876e-01
    5.48310e-01     8.45876e-01

    5.03741e-01     8.58119e-01
    4.62240e-01     8.53703e-01

    5.03741e-01     8.58119e-01
    5.32156e-01     8.61142e-01

    6.40854e-01     7.67634e-01
    6.40854e-01     7.67634e-01

    5.48310e-01     8.45876e-01
    5.48310e-01     8.45876e-01

    5.48310e-01     8.45876e-01
    5.48310e-01     8.45876e-01

    6.40854e-01     7.67634e-01
    6.02468e-01     8.21792e-01

    5.48310e-01     8.45876e-01
    6.02468e-01     8.21792e-01

    1.97200e-01    -8.77296e-01
    1.26714e-01    -8.94348e-01

    1.97201e-01    -8.77296e-01
    1.97200e-01    -8.77296e-01

    1.97201e-01    -8.77296e-01
    1.97201e-01    -8.77296e-01

    1.97201e-01    -8.77296e-01
    2.14395e-01    -8.72367e-01

   -8.77296e-01     1.97200e-01
   -8.94348e-01     1.26714e-01

   -8.77296e-01     1.97201e-01
   -8.77296e-01     1.97200e-01

   -8.77296e-01     1.97201e-01
   -8.77296e-01     1.97201e-01

   -8.77296e-01     1.97201e-01
   -8.72367e-01     2.14395e-01

    7.33493e-01     6.97315e-01
    7.20054e-01     7.20054e-01

    7.33493e-01     6.97315e-01
    7.41013e-01     6.84593e-01

    6.97315e-01     7.33493e-01
    7.20054e-01     7.20054e-01

    6.97315e-01     7.33493e-01
    6.84593e-01     7.41013e-01

    2.19324e-01    -8.72436e-01
    2.14395e-01    -8.72367e-01

    2.19324e-01    -8.72436e-01
    2.19324e-01    -8.72436e-01

    2.92507e-01    -8.40817e-01
    2.45492e-01    -8.59886e-01

    2.30757e-01    -8.65863e-01
    2.45492e-01    -8.59886e-01

    2.19324e-01    -8.72436e-01
    2.30757e-01    -8.65863e-01

   -8.72436e-01     2.19324e-01
   -8.72367e-01     2.14395e-01

   -8.72436e-01     2.19324e-01
   -8.72436e-01     2.19324e-01

   -8.72436e-01     2.19324e-01
   -8.65863e-01     2.30757e-01

   -8.40817e-01     2.92507e-01
   -8.59886e-01     2.45492e-01

   -8.65863e-01     2.30757e-01
   -8.59886e-01     2.45492e-01

    3.28986e-01    -8.41201e-01
    2.92507e-01    -8.40817e-01

    3.28986e-01    -8.41201e-01
    3.28986e-01    -8.41201e-01

    3.58637e-01    -8.47645e-01
    3.91141e-01    -8.51605e-01

    4.15984e-01    -8.54632e-01
    3.91141e-01    -8.51605e-01

    3.28986e-01    -8.41201e-01
    3.58637e-01    -8.47645e-01

   -8.41201e-01     3.28986e-01
   -8.40817e-01     2.92507e-01

   -8.41201e-01     3.28986e-01
   -8.41201e-01     3.28986e-01

   -8.41201e-01     3.28986e-01
   -8.47645e-01     3.58637e-01

   -8.47645e-01     3.58637e-01
   -8.51605e-01     3.91141e-01

   -8.54632e-01     4.15984e-01
   -8.51605e-01     3.91141e-01

    4.38648e-01    -8.49587e-01
    4.15984e-01    -8.54632e-01

    4.38648e-01    -8.49587e-01
    4.38648e-01    -8.49587e-01

    4.38648e-01    -8.49587e-01
    4.38648e-01    -8.49587e-01

    4.62240e-01    -8.53703e-01
    5.03741e-01    -8.58119e-01

    5.32156e-01    -8.61142e-01
    5.03741e-01    -8.58119e-01

    4.38648e-01    -8.49587e-01
    4.62240e-01    -8.53703e-01

   -8.49587e-01     4.38648e-01
   -8.54632e-01     4.15984e-01

   -8.49587e-01     4.38648e-01
   -8.49587e-01     4.38648e-01

   -8.49587e-01     4.38648e-01
   -8.49587e-01     4.38648e-01

   -8.49587e-01     4.38648e-01
   -8.53703e-01     4.62240e-01

   -8.53703e-01     4.62240e-01
   -8.58119e-01     5.03741e-01

   -8.61142e-01     5.32156e-01
   -8.58119e-01     5.03741e-01

    5.48310e-01    -8.45876e-01
    5.32156e-01    -8.61142e-01

    5.48310e-01    -8.45876e-01
    5.48310e-01    -8.45876e-01

    5.48310e-01    -8.45876e-01
    5.48310e-01    -8.45876e-01

    5.48310e-01    -8.45876e-01
    5.48310e-01    -8.45876e-01

    5.48310e-01    -8.45876e-01
    5.48310e-01    -8.45876e-01

    5.48310e-01    -8.45876e-01
    6.02468e-01    -8.21792e-01

   -8.45876e-01     5.48310e-01
   -8.61142e-01     5.32156e-01

   -8.45876e-01     5.48310e-01
   -8.45876e-01     5.48310e-01

   -8.45876e-01     5.48310e-01
   -8.45876e-01     5.48310e-01

   -8.45876e-01     5.48310e-01
   -8.21792e-01     6.02468e-01

    6.40854e-01    -7.67634e-01
    6.02468e-01    -8.21792e-01

    6.40854e-01    -7.67634e-01
    6.40854e-01    -7.67634e-01

    6.40854e-01    -7.67634e-01
    6.40854e-01    -7.67634e-01

    6.40854e-01    -7.67634e-01
    6.52665e-01    -7.62327e-01

   -7.67634e-01     6.40854e-01
   -8.21792e-01     6.02468e-01

   -7.67634e-01     6.40854e-01
   -7.67634e-01     6.40854e-01

   -7.67634e-01     6.40854e-01
   -7.67634e-01     6.40854e-01

   -7.67634e-01     6.40854e-01
   -7.62327e-01     6.52665e-01

    6.57972e-01    -7.53384e-01
    6.52665e-01    -7.62327e-01

    6.57972e-01    -7.53384e-01
    6.57972e-01    -7.53384e-01

    6.57972e-01    -7.53384e-01
    6.57972e-01    -7.53384e-01

    7.20054e-01    -7.20054e-01
    6.97315e-01    -7.33493e-01

    6.84593e-01    -7.41013e-01
    6.97315e-01    -7.33493e-01

    6.57972e-01    -7.53384e-01
    6.84593e-01    -7.41013e-01

   -7.53384e-01     6.57972e-01
   -7.62327e-01     6.52665e-01

   -7.53384e-01     6.57972e-01
   -7.53384e-01     6.57972e-01

   -7.53384e-01     6.57972e-01
   -7.53384e-01     6.57972e-01

   -7.53384e-01     6.57972e-01
   -7.41013e-01     6.84593e-01

   -7.20054e-01     7.20054e-01
   -7.33493e-01     6.97315e-01

   -7.41013e-01     6.84593e-01
   -7.33493e-01     6.97315e-01

    7.33493e-01    -6.97315e-01
    7.20054e-01    -7.20054e-01

    7.33493e-01    -6.97315e-01
    7.41013e-01    -6.84593e-01

    7.53384e-01    -6.57972e-01
    7.41013e-01    -6.84593e-01

    7.53384e-01    -6.57972e-01
    7.53384e-01    -6.57972e-01

    7.53384e-01    -6.57972e-01
    7.53384e-01    -6.57972e-01

    7.53384e-01    -6.57972e-01
    7.62327e-01    -6.52665e-01

   -6.57972e-01     7.53384e-01
   -6.84593e-01     7.41013e-01

   -6.57972e-01     7.53384e-01
   -6.57972e-01     7.53384e-01

   -6.97315e-01     7.33493e-01
   -7.20054e-01     7.20054e-01

   -6.97315e-01     7.33493e-01
   -6.84593e-01     7.41013e-01

   -6.57972e-01     7.53384e-01
   -6.57972e-01     7.53384e-01

   -6.57972e-01     7.53384e-01
   -6.52665e-01     7.62327e-01

    7.67634e-01    -6.40854e-01
    7.62327e-01    -6.52665e-01

    7.67634e-01    -6.40854e-01
    7.67634e-01    -6.40854e-01

    7.67634e-01    -6.40854e-01
    7.67634e-01    -6.40854e-01

    7.67634e-01    -6.40854e-01
    8.21792e-01    -6.02468e-01

   -6.40854e-01     7.67634e-01
   -6.52665e-01     7.62327e-01

   -6.40854e-01     7.67634e-01
   -6.40854e-01     7.67634e-01

   -6.40854e-01     7.67634e-01
   -6.40854e-01     7.67634e-01

   -6.40854e-01     7.67634e-01
   -6.02468e-01     8.21792e-01

    8.21792e-01    -6.02468e-01
    8.45876e-01    -5.48310e-01

    8.45876e-01    -5.48310e-01
    8.45876e-01    -5.48310e-01

    8.45876e-01    -5.48310e-01
    8.45876e-01    -5.48310e-01

    8.61142e-01    -5.32156e-01
    8.45876e-01    -5.48310e-01

   -5.48310e-01     8.45876e-01
   -6.02468e-01     8.21792e-01

   -5.48310e-01     8.45876e-01
   -5.48310e-01     8.45876e-01

   -5.48310e-01     8.45876e-01
   -5.48310e-01     8.45876e-01

   -5.48310e-01     8.45876e-01
   -5.48310e-01     8.45876e-01

   -5.48310e-01     8.45876e-01
   -5.48310e-01     8.45876e-01

   -5.48310e-01     8.45876e-01
   -5.32156e-01     8.61142e-01

    8.58119e-01    -5.03741e-01
    8.53703e-01    -4.62240e-01

    8.58119e-01    -5.03741e-01
    8.61142e-01    -5.32156e-01

    8.49587e-01    -4.38648e-01
    8.53703e-01    -4.62240e-01

    8.49587e-01    -4.38648e-01
    8.49587e-01    -4.38648e-01

    8.49587e-01    -4.38648e-01
    8.49587e-01    -4.38648e-01

    8.49587e-01    -4.38648e-01
    8.54632e-01    -4.15984e-01

   -4.38648e-01     8.49587e-01
   -4.62240e-01     8.53703e-01

   -4.38648e-01     8.49587e-01
   -4.38648e-01     8.49587e-01

   -5.03741e-01     8.58119e-01
   -4.62240e-01     8.53703e-01

   -5.03741e-01     8.58119e-01
   -5.32156e-01     8.61142e-01

   -4.38648e-01     8.49587e-01
   -4.38648e-01     8.49587e-01

   -4.38648e-01     8.49587e-01
   -4.15984e-01     8.54632e-01

    8.51605e-01    -3.91141e-01
    8.47645e-01    -3.58637e-01

    8.51605e-01    -3.91141e-01
    8.54632e-01    -4.15984e-01

    8.47645e-01    -3.58637e-01
    8.41201e-01    -3.28986e-01

    8.41201e-01    -3.28986e-01
    8.41201e-01    -3.28986e-01

    8.40817e-01    -2.92507e-01
    8.41201e-01    -3.28986e-01

   -3.58637e-01     8.47645e-01
   -3.28986e-01     8.41201e-01

   -3.91141e-01     8.51605e-01
   -3.58637e-01     8.47645e-01

   -3.91141e-01     8.51605e-01
   -4.15984e-01     8.54632e-01

   -3.28986e-01     8.41201e-01
   -3.28986e-01     8.41201e-01

   -2.92507e-01     8.40817e-01
   -3.28986e-01     8.41201e-01

    8.59886e-01    -2.45492e-01
    8.40817e-01    -2.92507e-01

    8.59886e-01    -2.45492e-01
    8.65863e-01    -2.30757e-01

    8.65863e-01    -2.30757e-01
    8.72436e-01    -2.19324e-01

    8.72436e-01    -2.19324e-01
    8.72436e-01    -2.19324e-01

    8.72367e-01    -2.14395e-01
    8.72436e-01    -2.19324e-01

   -2.30757e-01     8.65863e-01
   -2.19324e-01     8.72436e-01

   -2.45492e-01     8.59886e-01
   -2.92507e-01     8.40817e-01

   -2.45492e-01     8.59886e-01
   -2.30757e-01     8.65863e-01

   -2.19324e-01     8.72436e-01
   -2.19324e-01     8.72436e-01

   -2.14395e-01     8.72367e-01
   -2.19324e-01     8.72436e-01

   -6.97315e-01    -7.33493e-01
   -7.20054e-01    -7.20054e-01

   -7.20054e-01    -7.20054e-01
   -6.97315e-01    -7.33493e-01

   -7.20054e-01    -7.20054e-01
   -7.20054e-01    -7.20054e-01

   -6.97315e-01    -7.33493e-01
   -6.84593e-01    -7.41013e-01

   -6.97315e-01    -7.33493e-01
   -6.97315e-01    -7.33493e-01

   -6.84593e-01    -7.41013e-01
   -6.97315e-01    -7.33493e-01

   -7.20054e-01    -7.20054e-01
   -7.33493e-01    -6.97315e-01

   -7.20054e-01    -7.20054e-01
   -7.33493e-01    -6.97315e-01

   -7.20054e-01    -7.20054e-01
   -7.20054e-01    -7.20054e-01

   -7.33493e-01    -6.97315e-01
   -7.41013e-01    -6.84593e-01

   -7.33493e-01    -6.97315e-01
   -7.33493e-01    -6.97315e-01

   -7.33493e-01    -6.97315e-01
   -7.41013e-01    -6.84593e-01

    8.72367e-01    -2.14395e-01
    8.77296e-01    -1.97201e-01

    8.77296e-01    -1.97200e-01
    8.77296e-01    -1.97201e-01

    8.77296e-01    -1.97201e-01
    8.77296e-01    -1.97201e-01

    8.94348e-01    -1.26714e-01
    8.77296e-01    -1.97200e-01

   -2.14395e-01     8.72367e-01
   -1.97201e-01     8.77296e-01

   -1.97200e-01     8.77296e-01
   -1.97201e-01     8.77296e-01

   -1.97201e-01     8.77296e-01
   -1.97201e-01     8.77296e-01

   -1.26714e-01     8.94348e-01
   -1.97200e-01     8.77296e-01

   -6.02468e-01    -8.21792e-01
   -5.48310e-01    -8.45876e-01

   -5.48310e-01    -8.45876e-01
   -6.02468e-01    -8.21792e-01

   -5.48310e-01    -8.45876e-01
   -5.48310e-01    -8.45876e-01

   -5.48310e-01    -8.45876e-01
   -5.48310e-01    -8.45876e-01

   -6.02468e-01    -8.21792e-01
   -6.40854e-01    -7.67634e-01

   -6.02468e-01    -8.21792e-01
   -6.40854e-01    -7.67634e-01

   -6.40854e-01    -7.67634e-01
   -6.40854e-01    -7.67634e-01

   -5.48310e-01    -8.45876e-01
   -5.48310e-01    -8.45876e-01

   -5.48310e-01    -8.45876e-01
   -5.48310e-01    -8.45876e-01

   -5.03742e-01    -8.58119e-01
   -4.62240e-01    -8.53703e-01

   -5.03742e-01    -8.58119e-01
   -4.62240e-01    -8.53703e-01

   -4.62240e-01    -8.53703e-01
   -4.62240e-01    -8.53703e-01

   -5.32156e-01    -8.61142e-01
   -5.03742e-01    -8.58119e-01

   -5.03742e-01    -8.58119e-01
   -5.03742e-01    -8.58119e-01

   -5.03742e-01    -8.58119e-01
   -5.32156e-01    -8.61142e-01

   -5.48310e-01    -8.45876e-01
   -5.32156e-01    -8.61142e-01

   -5.32156e-01    -8.61142e-01
   -5.48310e-01    -8.45876e-01

   -6.84593e-01    -7.41013e-01
   -6.57972e-01    -7.53384e-01

   -6.57972e-01    -7.53384e-01
   -6.84593e-01    -7.41013e-01

   -6.57972e-01    -7.53384e-01
   -6.57972e-01    -7.53384e-01

   -7.41013e-01    -6.84593e-01
   -7.53384e-01    -6.57972e-01

   -7.41013e-01    -6.84593e-01
   -7.53384e-01    -6.57972e-01

   -7.53384e-01    -6.57972e-01
   -7.53384e-01    -6.57972e-01

   -6.40854e-01    -7.67634e-01
   -6.40854e-01    -7.67634e-01

   -6.57972e-01    -7.53384e-01
   -6.57972e-01    -7.53384e-01

   -6.52665e-01    -7.62327e-01
   -6.40854e-01    -7.67634e-01

   -6.40854e-01    -7.67634e-01
   -6.52665e-01    -7.62327e-01

   -6.52665e-01    -7.62327e-01
   -6.57972e-01    -7.53384e-01

   -6.52665e-01    -7.62327e-01
   -6.57972e-01    -7.53384e-01

   -8.21792e-01    -6.02468e-01
   -7.67634e-01    -6.40854e-01

   -7.67634e-01    -6.40854e-01
   -8.21792e-01    -6.02468e-01

   -7.67634e-01    -6.40854e-01
   -7.67634e-01    -6.40854e-01

   -8.21792e-01    -6.02468e-01
   -8.45876e-01    -5.48310e-01

   -8.21792e-01    -6.02468e-01
   -8.45876e-01    -5.48310e-01

   -8.45876e-01    -5.48310e-01
   -8.45876e-01    -5.48310e-01

   -8.45876e-01    -5.48310e-01
   -8.45876e-01    -5.48310e-01

   -7.53384e-01    -6.57972e-01
   -7.53384e-01    -6.57972e-01

   -7.67634e-01    -6.40854e-01
   -7.67634e-01    -6.40854e-01

   -7.62327e-01    -6.52665e-01
   -7.53384e-01    -6.57972e-01

   -7.53384e-01    -6.57972e-01
   -7.62327e-01    -6.52665e-01

   -7.62327e-01    -6.52665e-01
   -7.67634e-01    -6.40854e-01

   -7.62327e-01    -6.52665e-01
   -7.67634e-01    -6.40854e-01

   -8.45876e-01    -5.48310e-01
   -8.45876e-01    -5.48310e-01

   -8.45876e-01    -5.48310e-01
   -8.45876e-01    -5.48310e-01

   -8.45876e-01    -5.48310e-01
   -8.61142e-01    -5.32156e-01

   -8.45876e-01    -5.48310e-01
   -8.61142e-01    -5.32156e-01

   -8.53703e-01    -4.62240e-01
   -8.58119e-01    -5.03742e-01

   -8.58119e-01    -5.03742e-01
   -8.53703e-01    -4.62240e-01

   -8.53703e-01    -4.62240e-01
   -8.53703e-01    -4.62240e-01

   -8.61142e-01    -5.32156e-01
   -8.58119e-01    -5.03742e-01

   -8.58119e-01    -5.03742e-01
   -8.58119e-01    -5.03742e-01

   -8.61142e-01    -5.32156e-01
   -8.58119e-01    -5.03742e-01

    9.00564e-01    -1.09662e-01
    8.94348e-01    -1.26714e-01

    9.00564e-01    -1.09662e-01
    9.00564e-01    -1.09662e-01

    9.00564e-01    -1.09662e-01
    9.00564e-01    -1.09662e-01

    9.00564e-01    -1.09662e-01
    8.99186e-01    -8.77714e-02

    9.01441e-01    -6.04783e-02
    8.99186e-01    -8.77714e-02

    9.01441e-01    -6.04783e-02
    9.04213e-01    -2.69176e-02

   -1.26714e-01     8.94348e-01
   -1.09662e-01     9.00564e-01

   -1.09662e-01     9.00564e-01
   -1.09662e-01     9.00564e-01

   -6.04783e-02     9.01441e-01
   -8.77714e-02     8.99186e-01

   -6.04783e-02     9.01441e-01
   -2.69176e-02     9.04213e-01

   -8.77714e-02     8.99186e-01
   -1.09662e-01     9.00564e-01

   -4.62240e-01    -8.53703e-01
   -4.38648e-01    -8.49587e-01

   -4.38648e-01    -8.49587e-01
   -4.62240e-01    -8.53703e-01

   -4.38648e-01    -8.49587e-01
   -4.38648e-01    -8.49587e-01

   -4.38648e-01    -8.49587e-01
   -4.38648e-01    -8.49587e-01

   -3.58637e-01    -8.47644e-01
   -3.91140e-01    -8.51605e-01

   -3.58637e-01    -8.47644e-01
   -3.58637e-01    -8.47644e-01

   -3.58637e-01    -8.47644e-01
   -3.58637e-01    -8.47644e-01

   -4.15984e-01    -8.54632e-01
   -4.15984e-01    -8.54632e-01

   -3.91141e-01    -8.51605e-01
   -3.91140e-01    -8.51605e-01

   -4.15984e-01    -8.54632e-01
   -3.91141e-01    -8.51605e-01

   -4.38648e-01    -8.49587e-01
   -4.15984e-01    -8.54632e-01

   -4.15984e-01    -8.54632e-01
   -4.38648e-01    -8.49587e-01

   -8.53703e-01    -4.62240e-01
   -8.49587e-01    -4.38648e-01

   -8.53703e-01    -4.62240e-01
   -8.49587e-01    -4.38648e-01

   -8.49587e-01    -4.38648e-01
   -8.49587e-01    -4.38648e-01

   -8.49587e-01    -4.38648e-01
   -8.49587e-01    -4.38648e-01

   -8.49587e-01    -4.38648e-01
   -8.54632e-01    -4.15984e-01

   -8.49587e-01    -4.38648e-01
   -8.54632e-01    -4.15984e-01

   -8.47644e-01    -3.58637e-01
   -8.51605e-01    -3.91140e-01

   -8.47644e-01    -3.58637e-01
   -8.47644e-01    -3.58637e-01

   -8.47644e-01    -3.58637e-01
   -8.47644e-01    -3.58637e-01

   -8.54632e-01    -4.15984e-01
   -8.54632e-01    -4.15984e-01

   -8.51605e-01    -3.91141e-01
   -8.51605e-01    -3.91140e-01

   -8.54632e-01    -4.15984e-01
   -8.51605e-01    -3.91141e-01

    9.10204e-01     0.00000e+00
    9.04213e-01    -2.69176e-02

    9.10204e-01     0.00000e+00
    9.10204e-01     0.00000e+00

    9.10204e-01     0.00000e+00
    9.10204e-01     0.00000e+00

    9.10204e-01     0.00000e+00
    9.04213e-01     2.69176e-02

    9.01441e-01     6.04783e-02
    8.99186e-01     8.77714e-02

    9.01441e-01     6.04783e-02
    9.04213e-01     2.69176e-02

    0.00000e+00     9.10204e-01
   -2.69176e-02     9.04213e-01

    0.00000e+00     9.10204e-01
    0.00000e+00     9.10204e-01

    0.00000e+00     9.10204e-01
    0.00000e+00     9.10204e-01

    6.04783e-02     9.01441e-01
    8.77714e-02     8.99186e-01

    6.04783e-02     9.01441e-01
    2.69176e-02     9.04213e-01

    0.00000e+00     9.10204e-01
    2.69176e-02     9.04213e-01

   -3.58637e-01    -8.47644e-01
   -3.28986e-01    -8.41201e-01

   -3.28986e-01    -8.41201e-01
   -3.58637e-01    -8.47644e-01

   -3.28986e-01    -8.41201e-01
   -3.28986e-01    -8.41201e-01

   -3.28986e-01    -8.41201e-01
   -3.28986e-01    -8.41201e-01

   -2.92507e-01    -8.40817e-01
   -2.45492e-01    -8.59886e-01

   -2.92507e-01    -8.40817e-01
   -2.92507e-01    -8.40817e-01

   -2.45492e-01    -8.59886e-01
   -2.92507e-01    -8.40817e-01

   -2.92507e-01    -8.40817e-01
   -2.92507e-01    -8.40817e-01

   -2.92507e-01    -8.40817e-01
   -2.92507e-01    -8.40817e-01

   -2.30757e-01    -8.65863e-01
   -2.45492e-01    -8.59886e-01

   -2.45492e-01    -8.59886e-01
   -2.45492e-01    -8.59886e-01

   -2.45492e-01    -8.59886e-01
   -2.45492e-01    -8.59886e-01

   -2.30757e-01    -8.65863e-01
   -2.45492e-01    -8.59886e-01

   -2.92507e-01    -8.40817e-01
   -3.28986e-01    -8.41201e-01

   -3.28986e-01    -8.41201e-01
   -2.92507e-01    -8.40817e-01

   -8.47644e-01    -3.58637e-01
   -8.41201e-01    -3.28986e-01

   -8.47644e-01    -3.58637e-01
   -8.41201e-01    -3.28986e-01

   -8.41201e-01    -3.28986e-01
   -8.41201e-01    -3.28986e-01

   -8.41201e-01    -3.28986e-01
   -8.41201e-01    -3.28986e-01

   -8.41201e-01    -3.28986e-01
   -8.40817e-01    -2.92507e-01

   -8.40817e-01    -2.92507e-01
   -8.41201e-01    -3.28986e-01

   -8.59886e-01    -2.45492e-01
   -8.40817e-01    -2.92507e-01

   -8.40817e-01    -2.92507e-01
   -8.40817e-01    -2.92507e-01

   -8.59886e-01    -2.45492e-01
   -8.40817e-01    -2.92507e-01

   -8.40817e-01    -2.92507e-01
   -8.40817e-01    -2.92507e-01

   -8.40817e-01    -2.92507e-01
   -8.40817e-01    -2.92507e-01

   -8.65863e-01    -2.30757e-01
   -8.59886e-01    -2.45492e-01

   -8.59886e-01    -2.45492e-01
   -8.59886e-01    -2.45492e-01

   -8.59886e-01    -2.45492e-01
   -8.59886e-01    -2.45492e-01

   -8.59886e-01    -2.45492e-01
   -8.65863e-01    -2.30757e-01

    8.99186e-01     8.77714e-02
    9.00564e-01     1.09662e-01

    8.77296e-01     1.97201e-01
    8.72367e-01     2.14395e-01

    8.77296e-01     1.97201e-01
    8.77296e-01     1.97201e-01

    8.77296e-01     1.97201e-01
    8.77296e-01     1.97201e-01

    8.72436e-01     2.19324e-01
    8.72367e-01     2.14395e-01

    8.72436e-01     2.19324e-01
    8.72436e-01     2.19324e-01

    9.00565e-01     1.09662e-01
    9.00564e-01     1.09662e-01

    8.77296e-01     1.97201e-01
    8.77296e-01     1.97201e-01

    8.77296e-01     1.97201e-01
    8.77296e-01     1.97201e-01

    8.94348e-01     1.26714e-01
    9.00565e-01     1.09662e-01

    8.77296e-01     1.97201e-01
    8.94348e-01     1.26714e-01

    8.72436e-01     2.19324e-01
    8.65863e-01     2.30757e-01

    2.14395e-01     8.72367e-01
    2.19324e-01     8.72436e-01

    2.14395e-01     8.72367e-01
    1.97201e-01     8.77296e-01

    2.19324e-01     8.72436e-01
    2.19324e-01     8.72436e-01

    2.30757e-01     8.65863e-01
    2.19324e-01     8.72436e-01

    1.09662e-01     9.00564e-01
    8.77714e-02     8.99186e-01

    1.09662e-01     9.00564e-01
    1.09662e-01     9.00564e-01

    1.97201e-01     8.77296e-01
    1.97201e-01     8.77296e-01

    1.97201e-01     8.77296e-01
    1.97201e-01     8.77296e-01

    1.26714e-01     8.94348e-01
    1.97201e-01     8.77296e-01

    1.09662e-01     9.00564e-01
    1.26714e-01     8.94348e-01

   -1.45750e-01    -9.13383e-01
   -1.09662e-01    -9.11222e-01

   -1.65830e-01    -9.12503e-01
   -1.84954e-01    -9.11665e-01

   -1.65830e-01    -9.12503e-01
   -1.45750e-01    -9.13383e-01

   -1.09662e-01    -9.11222e-01
   -1.09662e-01    -9.11222e-01

   -7.84170e-02    -9.08541e-01
   -1.09662e-01    -9.11222e-01

   -9.12503e-01    -1.65830e-01
   -9.11665e-01    -1.84954e-01

   -9.12503e-01    -1.65830e-01
   -9.13383e-01    -1.45750e-01

   -9.11222e-01    -1.09662e-01
   -9.13383e-01    -1.45750e-01

   -9.11222e-01    -1.09662e-01
   -9.11222e-01    -1.09662e-01

   -9.11222e-01    -1.09662e-01
   -9.08541e-01    -7.84170e-02

    9.12507e-01     2.19324e-01
    9.11665e-01     1.84954e-01

    9.12507e-01     2.19324e-01
    9.12507e-01     2.19324e-01

    9.12507e-01     2.19324e-01
    9.12507e-01     2.19324e-01

    9.12507e-01     2.19324e-01
    9.15923e-01     2.57952e-01

    9.13528e-01     2.77556e-01
    9.11412e-01     2.94870e-01

    9.13528e-01     2.77556e-01
    9.15923e-01     2.57952e-01

    2.19324e-01     9.12507e-01
    1.84954e-01     9.11665e-01

    2.19324e-01     9.12507e-01
    2.19324e-01     9.12507e-01

    2.19324e-01     9.12507e-01
    2.19324e-01     9.12507e-01

    2.77556e-01     9.13528e-01
    2.94870e-01     9.11412e-01

    2.77556e-01     9.13528e-01
    2.57952e-01     9.15923e-01

    2.19324e-01     9.12507e-01
    2.57952e-01     9.15923e-01

    0.00000e+00    -9.10205e-01
   -3.16734e-02    -9.08969e-01

    0.00000e+00    -9.10205e-01
    0.00000e+00    -9.10205e-01

   -5.52044e-02    -9.08753e-01
   -7.84170e-02    -9.08541e-01

   -5.52044e-02    -9.08753e-01
   -3.16734e-02    -9.08969e-01

    0.00000e+00    -9.10205e-01
    0.00000e+00    -9.10205e-01

    0.00000e+00    -9.10205e-01
    3.16734e-02    -9.08969e-01

   -9.08753e-01    -5.52044e-02
   -9.08541e-01    -7.84170e-02

   -9.08753e-01    -5.52044e-02
   -9.08969e-01    -3.16734e-02

   -9.10205e-01     0.00000e+00
   -9.08969e-01    -3.16734e-02

   -9.10205e-01     0.00000e+00
   -9.10205e-01     0.00000e+00

   -9.10205e-01     0.00000e+00
   -9.10205e-01     0.00000e+00

   -9.10205e-01     0.00000e+00
   -9.08969e-01     3.16734e-02

    9.09030e-01     3.28986e-01
    9.11412e-01     2.94870e-01

    9.09030e-01     3.28986e-01
    9.09030e-01     3.28986e-01

    9.09030e-01     3.28986e-01
    9.09030e-01     3.28986e-01

    9.09030e-01     3.28986e-01
    9.11215e-01     3.62906e-01

    8.99783e-01     4.02297e-01
    8.94114e-01     4.21829e-01

    8.99783e-01     4.02297e-01
    9.11215e-01     3.62906e-01

    3.28986e-01     9.09030e-01
    2.94870e-01     9.11412e-01

    3.28986e-01     9.09030e-01
    3.28986e-01     9.09030e-01

    3.28986e-01     9.09030e-01
    3.28986e-01     9.09030e-01

    4.02297e-01     8.99783e-01
    4.21829e-01     8.94114e-01

    4.02297e-01     8.99783e-01
    3.62906e-01     9.11215e-01

    3.28986e-01     9.09030e-01
    3.62906e-01     9.11215e-01

    1.09662e-01    -9.11222e-01
    7.84170e-02    -9.08541e-01

    1.09662e-01    -9.11222e-01
    1.09662e-01    -9.11222e-01

    5.52044e-02    -9.08753e-01
    7.84170e-02    -9.08541e-01

    5.52044e-02    -9.08753e-01
    3.16734e-02    -9.08969e-01

    1.09662e-01    -9.11222e-01
    1.45750e-01    -9.13383e-01

   -9.08753e-01     5.52043e-02
   -9.08541e-01     7.84170e-02

   -9.08753e-01     5.52043e-02
   -9.08969e-01     3.16734e-02

   -9.11222e-01     1.09662e-01
   -9.08541e-01     7.84170e-02

   -9.11222e-01     1.09662e-01
   -9.11222e-01     1.09662e-01

   -9.11222e-01     1.09662e-01
   -9.11222e-01     1.09662e-01

   -9.11222e-01     1.09662e-01
   -9.13383e-01     1.45750e-01

    8.89687e-01     4.38648e-01
    8.94114e-01     4.21829e-01

    8.89687e-01     4.38648e-01
    8.89687e-01     4.38648e-01

    8.89687e-01     4.38648e-01
    8.89687e-01     4.38648e-01

    8.89687e-01     4.38648e-01
    8.90256e-01     4.51608e-01

    8.81607e-01     5.30069e-01
    8.79882e-01     5.45724e-01

    8.81607e-01     5.30069e-01
    8.90256e-01     4.51608e-01

    4.38648e-01     8.89687e-01
    4.21829e-01     8.94114e-01

    4.38648e-01     8.89687e-01
    4.38648e-01     8.89687e-01

    4.38648e-01     8.89687e-01
    4.38648e-01     8.89687e-01

    5.30069e-01     8.81607e-01
    5.45724e-01     8.79882e-01

    5.30069e-01     8.81607e-01
    4.51608e-01     8.90256e-01

    4.38648e-01     8.89687e-01
    4.51608e-01     8.90256e-01

    2.19324e-01    -9.12507e-01
    1.84954e-01    -9.11665e-01

    2.19324e-01    -9.12507e-01
    2.19324e-01    -9.12507e-01

    1.65830e-01    -9.12504e-01
    1.84954e-01    -9.11665e-01

    1.65830e-01    -9.12504e-01
    1.45750e-01    -9.13383e-01

    2.19324e-01    -9.12507e-01
    2.57952e-01    -9.15923e-01

   -9.12503e-01     1.65830e-01
   -9.11665e-01     1.84954e-01

   -9.12503e-01     1.65830e-01
   -9.13383e-01     1.45750e-01

   -9.12507e-01     2.19324e-01
   -9.11665e-01     1.84954e-01

   -9.12507e-01     2.19324e-01
   -9.12507e-01     2.19324e-01

   -9.12507e-01     2.19324e-01
   -9.15924e-01     2.57952e-01

    8.79387e-01     5.48310e-01
    8.79882e-01     5.45724e-01

    8.79387e-01     5.48310e-01
    8.79387e-01     5.48310e-01

    8.79387e-01     5.48310e-01
    8.79387e-01     5.48310e-01

    8.79387e-01     5.48310e-01
    8.79052e-01     5.50066e-01

    8.79840e-01     5.78563e-01
    8.79052e-01     5.50066e-01

    8.79840e-01     5.78563e-01
    8.81907e-01     6.53361e-01

    5.48310e-01     8.79387e-01
    5.45724e-01     8.79882e-01

    5.48310e-01     8.79387e-01
    5.48310e-01     8.79387e-01

    5.48310e-01     8.79387e-01
    5.48310e-01     8.79387e-01

    5.78563e-01     8.79840e-01
    5.50066e-01     8.79052e-01

    5.78563e-01     8.79840e-01
    6.53361e-01     8.81907e-01

    5.48310e-01     8.79387e-01
    5.50066e-01     8.79052e-01

    3.28986e-01    -9.09030e-01
    2.94870e-01    -9.11412e-01

    3.28986e-01    -9.09030e-01
    3.28986e-01    -9.09030e-01

    2.77556e-01    -9.13528e-01
    2.94870e-01    -9.11412e-01

    2.77556e-01    -9.13528e-01
    2.57952e-01    -9.15923e-01

    3.28986e-01    -9.09030e-01
    3.62906e-01    -9.11215e-01

   -9.13528e-01     2.77556e-01
   -9.11412e-01     2.94870e-01

   -9.13528e-01     2.77556e-01
   -9.15924e-01     2.57952e-01

   -9.09030e-01     3.28986e-01
   -9.11412e-01     2.94870e-01

   -9.09030e-01     3.28986e-01
   -9.09030e-01     3.28986e-01

   -9.09030e-01     3.28986e-01
   -9.11216e-01     3.62906e-01

    8.81827e-01     6.57972e-01
    8.81907e-01     6.53361e-01

    8.81827e-01     6.57972e-01
    8.81827e-01     6.57972e-01

    8.77296e-01     6.64220e-01
    8.60260e-01     7.50598e-01

    8.77296e-01     6.64220e-01
    8.77296e-01     6.64220e-01

    8.77296e-01     6.64220e-01
    8.77296e-01     6.64220e-01

    8.46357e-01     7.67634e-01
    8.60260e-01     7.50598e-01

    8.46357e-01     7.67634e-01
    8.46357e-01     7.67634e-01

    8.81827e-01     6.57972e-01
    8.81827e-01     6.57972e-01

    8.77296e-01     6.64220e-01
    8.77296e-01     6.64220e-01

    8.77296e-01     6.64220e-01
    8.77296e-01     6.64220e-01

    8.81827e-01     6.57972e-01
    8.80304e-01     6.60980e-01

    8.77296e-01     6.64220e-01
    8.80304e-01     6.60980e-01

    7.67634e-01     8.46357e-01
    7.50598e-01     8.60260e-01

    7.67634e-01     8.46357e-01
    7.67634e-01     8.46357e-01

    6.64220e-01     8.77296e-01
    7.50598e-01     8.60260e-01

    6.64220e-01     8.77296e-01
    6.64220e-01     8.77296e-01

    6.64220e-01     8.77296e-01
    6.64220e-01     8.77296e-01

    8.46357e-01     7.67634e-01
    8.46357e-01     7.67634e-01

    7.67634e-01     8.46357e-01
    7.67634e-01     8.46357e-01

    8.46357e-01     7.67634e-01
    8.30534e-01     8.14395e-01

    8.30534e-01     8.14395e-01
    8.46357e-01     7.67634e-01

    7.67634e-01     8.46357e-01
    8.14395e-01     8.30534e-01

    7.67634e-01     8.46357e-01
    8.14395e-01     8.30534e-01

    6.57972e-01     8.81827e-01
    6.53361e-01     8.81907e-01

    6.57972e-01     8.81827e-01
    6.57972e-01     8.81827e-01

    6.64220e-01     8.77296e-01
    6.64220e-01     8.77296e-01

    6.64220e-01     8.77296e-01
    6.64220e-01     8.77296e-01

    6.57972e-01     8.81827e-01
    6.57972e-01     8.81827e-01

    6.64220e-01     8.77296e-01
    6.60980e-01     8.80304e-01

    6.57972e-01     8.81827e-01
    6.60980e-01     8.80304e-01

    4.38648e-01    -8.89687e-01
    4.21829e-01    -8.94114e-01

    4.38648e-01    -8.89687e-01
    4.38648e-01    -8.89687e-01

    4.02297e-01    -8.99783e-01
    4.21829e-01    -8.94114e-01

    4.02297e-01    -8.99783e-01
    3.62906e-01    -9.11215e-01

    4.38648e-01    -8.89687e-01
    4.51608e-01    -8.90256e-01

   -8.99783e-01     4.02297e-01
   -8.94114e-01     4.21829e-01

   -8.99783e-01     4.02297e-01
   -9.11216e-01     3.62906e-01

   -8.89687e-01     4.38648e-01
   -8.94114e-01     4.21829e-01

   -8.89687e-01     4.38648e-01
   -8.89687e-01     4.38648e-01

   -8.89687e-01     4.38648e-01
   -8.90256e-01     4.51608e-01

    5.48310e-01    -8.79387e-01
    5.45724e-01    -8.79882e-01

    5.48310e-01    -8.79387e-01
    5.48310e-01    -8.79387e-01

    5.30069e-01    -8.81607e-01
    5.45724e-01    -8.79882e-01

    5.30069e-01    -8.81607e-01
    4.51608e-01    -8.90256e-01

    5.48310e-01    -8.79387e-01
    5.48310e-01    -8.79387e-01

    5.48310e-01    -8.79387e-01
    5.50066e-01    -8.79052e-01

   -8.81607e-01     5.30069e-01
   -8.79882e-01     5.45724e-01

   -8.81607e-01     5.30069e-01
   -8.90256e-01     4.51608e-01

   -8.79387e-01     5.48310e-01
   -8.79882e-01     5.45724e-01

   -8.79387e-01     5.48310e-01
   -8.79387e-01     5.48310e-01

   -8.79387e-01     5.48310e-01
   -8.79052e-01     5.50066e-01

    6.57972e-01    -8.81827e-01
    6.53361e-01    -8.81907e-01

    6.57972e-01    -8.81827e-01
    6.57972e-01    -8.81827e-01

    5.78564e-01    -8.79840e-01
    5.50066e-01    -8.79052e-01

    5.78564e-01    -8.79840e-01
    6.53361e-01    -8.81907e-01

    6.57972e-01    -8.81827e-01
    6.60980e-01    -8.80304e-01

   -8.79840e-01     5.78564e-01
   -8.79052e-01     5.50066e-01

   -8.79840e-01     5.78564e-01
   -8.81907e-01     6.53361e-01

   -8.81827e-01     6.57972e-01
   -8.81907e-01     6.53361e-01

   -8.81827e-01     6.57972e-01
   -8.81827e-01     6.57972e-01

   -8.81827e-01     6.57972e-01
   -8.80304e-01     6.60980e-01

    6.64220e-01    -8.77296e-01
    6.60980e-01    -8.80304e-01

    6.64220e-01    -8.77296e-01
    6.64220e-01    -8.77296e-01

    6.64220e-01    -8.77296e-01
    6.64220e-01    -8.77296e-01

    6.64220e-01    -8.77296e-01
    7.50598e-01    -8.60260e-01

   -8.77296e-01     6.64220e-01
   -8.80304e-01     6.60980e-01

   -8.77296e-01     6.64220e-01
   -8.77296e-01     6.64220e-01

   -8.77296e-01     6.64220e-01
   -8.77296e-01     6.64220e-01

   -8.77296e-01     6.64220e-01
   -8.60260e-01     7.50598e-01

    7.67634e-01    -8.46357e-01
    7.50598e-01    -8.60260e-01

    7.67634e-01    -8.46357e-01
    7.67634e-01    -8.46357e-01

    7.67634e-01    -8.46357e-01
    7.67634e-01    -8.46357e-01

    8.14395e-01    -8.30534e-01
    7.67634e-01    -8.46357e-01

    7.67634e-01    -8.46357e-01
    8.14395e-01    -8.30534e-01

   -8.46357e-01     7.67634e-01
   -8.60260e-01     7.50598e-01

   -8.46357e-01     7.67634e-01
   -8.46357e-01     7.67634e-01

   -8.46357e-01     7.67634e-01
   -8.46357e-01     7.67634e-01

   -8.46357e-01     7.67634e-01
   -8.30534e-01     8.14395e-01

   -8.46357e-01     7.67634e-01
   -8.30534e-01     8.14395e-01

    8.46357e-01    -7.67634e-01
    8.30534e-01    -8.14395e-01

    8.46357e-01    -7.67634e-01
    8.30534e-01    -8.14395e-01

    8.46357e-01    -7.67634e-01
    8.46357e-01    -7.67634e-01

    8.46357e-01    -7.67634e-01
    8.46357e-01    -7.67634e-01

    8.46357e-01    -7.67634e-01
    8.60260e-01    -7.50598e-01

   -8.14395e-01     8.30534e-01
   -7.67634e-01     8.46357e-01

   -7.67634e-01     8.46357e-01
   -8.14395e-01     8.30534e-01

   -7.67634e-01     8.46357e-01
   -7.67634e-01     8.46357e-01

   -7.67634e-01     8.46357e-01
   -7.67634e-01     8.46357e-01

   -7.67634e-01     8.46357e-01
   -7.50598e-01     8.60260e-01

    8.60260e-01    -7.50598e-01
    8.77296e-01    -6.64220e-01

    8.77296e-01    -6.64220e-01
    8.77296e-01    -6.64220e-01

    8.77296e-01    -6.64220e-01
    8.77296e-01    -6.64220e-01

    8.80304e-01    -6.60980e-01
    8.77296e-01    -6.64220e-01

   -7.50598e-01     8.60260e-01
   -6.64220e-01     8.77296e-01

   -6.64220e-01     8.77296e-01
   -6.64220e-01     8.77296e-01

   -6.64220e-01     8.77296e-01
   -6.64220e-01     8.77296e-01

   -6.60980e-01     8.80304e-01
   -6.64220e-01     8.77296e-01

    8.80304e-01    -6.60980e-01
    8.81827e-01    -6.57972e-01

    8.81827e-01    -6.57972e-01
    8.81827e-01    -6.57972e-01

    8.81907e-01    -6.53361e-01
    8.81827e-01    -6.57972e-01

    8.79840e-01    -5.78563e-01
    8.79052e-01    -5.50066e-01

    8.79840e-01    -5.78563e-01
    8.81907e-01    -6.53361e-01

   -6.60980e-01     8.80304e-01
   -6.57972e-01     8.81827e-01

   -6.57972e-01     8.81827e-01
   -6.57972e-01     8.81827e-01

   -5.78563e-01     8.79840e-01
   -5.50066e-01     8.79052e-01

   -5.78563e-01     8.79840e-01
   -6.53361e-01     8.81907e-01

   -6.53361e-01     8.81907e-01
   -6.57972e-01     8.81827e-01

    8.79052e-01    -5.50066e-01
    8.79387e-01    -5.48310e-01

    8.79387e-01    -5.48310e-01
    8.79387e-01    -5.48310e-01

    8.79882e-01    -5.45724e-01
    8.79387e-01    -5.48310e-01

    8.81607e-01    -5.30069e-01
    8.79882e-01    -5.45724e-01

    8.81607e-01    -5.30069e-01
    8.90256e-01    -4.51608e-01

   -5.48310e-01     8.79387e-01
   -5.50066e-01     8.79052e-01

   -5.48310e-01     8.79387e-01
   -5.48310e-01     8.79387e-01

   -5.48310e-01     8.79387e-01
   -5.48310e-01     8.79387e-01

   -5.30069e-01     8.81607e-01
   -5.45724e-01     8.79882e-01

   -5.30069e-01     8.81607e-01
   -4.51608e-01     8.90256e-01

   -5.48310e-01     8.79387e-01
   -5.45724e-01     8.79882e-01

    8.90256e-01    -4.51608e-01
    8.89687e-01    -4.38648e-01

    8.89687e-01    -4.38648e-01
    8.89687e-01    -4.38648e-01

    8.94114e-01    -4.21829e-01
    8.89687e-01    -4.38648e-01

    8.99783e-01    -4.02297e-01
    8.94114e-01    -4.21829e-01

    8.99783e-01    -4.02297e-01
    9.11216e-01    -3.62906e-01

   -4.51608e-01     8.90256e-01
   -4.38648e-01     8.89687e-01

   -4.38648e-01     8.89687e-01
   -4.38648e-01     8.89687e-01

   -4.02297e-01     8.99783e-01
   -4.21829e-01     8.94114e-01

   -4.02297e-01     8.99783e-01
   -3.62906e-01     9.11215e-01

   -4.21829e-01     8.94114e-01
   -4.38648e-01     8.89687e-01

   -6.60980e-01    -8.80304e-01
   -6.57972e-01    -8.81827e-01

   -6.57972e-01    -8.81827e-01
   -6.60980e-01    -8.80304e-01

   -6.57972e-01    -8.81827e-01
   -6.57972e-01    -8.81827e-01

   -6.64220e-01    -8.77296e-01
   -6.60980e-01    -8.80304e-01

   -6.60980e-01    -8.80304e-01
   -6.64220e-01    -8.77296e-01

   -6.64220e-01    -8.77296e-01
   -6.64220e-01    -8.77296e-01

   -6.64220e-01    -8.77296e-01
   -6.64220e-01    -8.77296e-01

   -6.57972e-01    -8.81827e-01
   -6.57972e-01    -8.81827e-01

   -6.57972e-01    -8.81827e-01
   -6.53361e-01    -8.81907e-01

   -6.53361e-01    -8.81907e-01
   -6.57972e-01    -8.81827e-01

   -8.14395e-01    -8.30534e-01
   -7.67634e-01    -8.46357e-01

   -7.67634e-01    -8.46357e-01
   -8.14395e-01    -8.30534e-01

   -7.67634e-01    -8.46357e-01
   -7.67634e-01    -8.46357e-01

   -8.30534e-01    -8.14395e-01
   -8.46357e-01    -7.67634e-01

   -8.30534e-01    -8.14395e-01
   -8.46357e-01    -7.67634e-01

   -8.46357e-01    -7.67634e-01
   -8.46357e-01    -7.67634e-01

   -6.64220e-01    -8.77296e-01
   -6.64220e-01    -8.77296e-01

   -6.64220e-01    -8.77296e-01
   -6.64220e-01    -8.77296e-01

   -7.67634e-01    -8.46357e-01
   -7.67634e-01    -8.46357e-01

   -7.50598e-01    -8.60260e-01
   -6.64220e-01    -8.77296e-01

   -6.64220e-01    -8.77296e-01
   -7.50598e-01    -8.60260e-01

   -7.67634e-01    -8.46357e-01
   -7.50598e-01    -8.60260e-01

   -7.50598e-01    -8.60260e-01
   -7.67634e-01    -8.46357e-01

   -8.77296e-01    -6.64220e-01
   -8.80304e-01    -6.60980e-01

   -8.77296e-01    -6.64220e-01
   -8.80304e-01    -6.60980e-01

   -8.77296e-01    -6.64220e-01
   -8.77296e-01    -6.64220e-01

   -8.77296e-01    -6.64220e-01
   -8.77296e-01    -6.64220e-01

   -8.80304e-01    -6.60980e-01
   -8.81827e-01    -6.57972e-01

   -8.80304e-01    -6.60980e-01
   -8.81827e-01    -6.57972e-01

   -8.81827e-01    -6.57972e-01
   -8.81827e-01    -6.57972e-01

   -8.46357e-01    -7.67634e-01
   -8.46357e-01    -7.67634e-01

   -8.77296e-01    -6.64220e-01
   -8.77296e-01    -6.64220e-01

   -8.77296e-01    -6.64220e-01
   -8.77296e-01    -6.64220e-01

   -8.46357e-01    -7.67634e-01
   -8.60260e-01    -7.50598e-01

   -8.46357e-01    -7.67634e-01
   -8.60260e-01    -7.50598e-01

   -8.60260e-01    -7.50598e-01
   -8.77296e-01    -6.64220e-01

   -8.60260e-01    -7.50598e-01
   -8.77296e-01    -6.64220e-01

   -8.81827e-01    -6.57972e-01
   -8.81827e-01    -6.57972e-01

   -8.81827e-01    -6.57972e-01
   -8.81907e-01    -6.53361e-01

   -8.81827e-01    -6.57972e-01
   -8.81907e-01    -6.53361e-01

    9.11216e-01    -3.62906e-01
    9.09030e-01    -3.28986e-01

    9.09030e-01    -3.28986e-01
    9.09030e-01    -3.28986e-01

    9.11412e-01    -2.94870e-01
    9.09030e-01    -3.28986e-01

    9.13528e-01    -2.77556e-01
    9.11412e-01    -2.94870e-01

    9.13528e-01    -2.77556e-01
    9.15924e-01    -2.57952e-01

   -3.62906e-01     9.11215e-01
   -3.28986e-01     9.09030e-01

   -3.28986e-01     9.09030e-01
   -3.28986e-01     9.09030e-01

   -2.77556e-01     9.13528e-01
   -2.94870e-01     9.11412e-01

   -2.77556e-01     9.13528e-01
   -2.57952e-01     9.15923e-01

   -2.94870e-01     9.11412e-01
   -3.28986e-01     9.09030e-01

   -5.48310e-01    -8.79387e-01
   -5.48310e-01    -8.79387e-01

   -5.48310e-01    -8.79387e-01
   -5.50066e-01    -8.79052e-01

   -5.48310e-01    -8.79387e-01
   -5.48310e-01    -8.79387e-01

   -5.78563e-01    -8.79840e-01
   -5.50066e-01    -8.79052e-01

   -5.78563e-01    -8.79840e-01
   -5.78563e-01    -8.79840e-01

   -5.78563e-01    -8.79840e-01
   -5.78563e-01    -8.79840e-01

   -6.53361e-01    -8.81907e-01
   -5.78563e-01    -8.79840e-01

   -6.53361e-01    -8.81907e-01
   -6.53361e-01    -8.81907e-01

   -5.78563e-01    -8.79840e-01
   -6.53361e-01    -8.81907e-01

   -5.48310e-01    -8.79387e-01
   -5.48310e-01    -8.79387e-01

   -5.48310e-01    -8.79387e-01
   -5.45724e-01    -8.79882e-01

   -5.45724e-01    -8.79882e-01
   -5.48310e-01    -8.79387e-01

   -8.79840e-01    -5.78563e-01
   -8.79052e-01    -5.50066e-01

   -8.79840e-01    -5.78563e-01
   -8.79840e-01    -5.78563e-01

   -8.79840e-01    -5.78563e-01
   -8.79840e-01    -5.78563e-01

   -8.81907e-01    -6.53361e-01
   -8.79840e-01    -5.78563e-01

   -8.81907e-01    -6.53361e-01
   -8.81907e-01    -6.53361e-01

   -8.81907e-01    -6.53361e-01
   -8.79840e-01    -5.78563e-01

   -8.79387e-01    -5.48310e-01
   -8.79387e-01    -5.48310e-01

   -8.79387e-01    -5.48310e-01
   -8.79052e-01    -5.50066e-01

   -8.79387e-01    -5.48310e-01
   -8.79387e-01    -5.48310e-01

   -8.79387e-01    -5.48310e-01
   -8.79387e-01    -5.48310e-01

   -8.79387e-01    -5.48310e-01
   -8.79882e-01    -5.45724e-01

   -8.79387e-01    -5.48310e-01
   -8.79882e-01    -5.45724e-01

    9.15924e-01    -2.57952e-01
    9.12507e-01    -2.19324e-01

    9.12507e-01    -2.19324e-01
    9.12507e-01    -2.19324e-01

    9.11665e-01    -1.84954e-01
    9.12507e-01    -2.19324e-01

    9.12503e-01    -1.65830e-01
    9.11665e-01    -1.84954e-01

    9.12503e-01    -1.65830e-01
    9.13383e-01    -1.45750e-01

   -2.57952e-01     9.15923e-01
   -2.19324e-01     9.12507e-01

   -2.19324e-01     9.12507e-01
   -2.19324e-01     9.12507e-01

   -1.65830e-01     9.12503e-01
   -1.84954e-01     9.11665e-01

   -1.65830e-01     9.12503e-01
   -1.45750e-01     9.13383e-01

   -1.84954e-01     9.11665e-01
   -2.19324e-01     9.12507e-01

   -4.51608e-01    -8.90256e-01
   -4.38648e-01    -8.89687e-01

   -4.38648e-01    -8.89687e-01
   -4.51608e-01    -8.90256e-01

   -4.38648e-01    -8.89687e-01
   -4.38648e-01    -8.89687e-01

   -5.30069e-01    -8.81607e-01
   -5.45724e-01    -8.79882e-01

   -5.45724e-01    -8.79882e-01
   -5.30069e-01    -8.81607e-01

   -5.30069e-01    -8.81607e-01
   -5.30069e-01    -8.81607e-01

   -4.51608e-01    -8.90256e-01
   -5.30069e-01    -8.81607e-01

   -4.51608e-01    -8.90256e-01
   -4.51608e-01    -8.90256e-01

   -4.51608e-01    -8.90256e-01
   -5.30069e-01    -8.81607e-01

   -4.38648e-01    -8.89687e-01
   -4.38648e-01    -8.89687e-01

   -4.38648e-01    -8.89687e-01
   -4.21829e-01    -8.94114e-01

   -4.21829e-01    -8.94114e-01
   -4.38648e-01    -8.89687e-01

   -8.79882e-01    -5.45724e-01
   -8.81607e-01    -5.30069e-01

   -8.79882e-01    -5.45724e-01
   -8.81607e-01    -5.30069e-01

   -8.81607e-01    -5.30069e-01
   -8.81607e-01    -5.30069e-01

   -8.81607e-01    -5.30069e-01
   -8.90256e-01    -4.51608e-01

   -8.90256e-01    -4.51608e-01
   -8.90256e-01    -4.51608e-01

   -8.81607e-01    -5.30069e-01
   -8.90256e-01    -4.51608e-01

   -8.90256e-01    -4.51608e-01
   -8.89687e-01    -4.38648e-01

   -8.90256e-01    -4.51608e-01
   -8.89687e-01    -4.38648e-01

   -8.89687e-01    -4.38648e-01
   -8.89687e-01    -4.38648e-01

   -8.89687e-01    -4.38648e-01
   -8.89687e-01    -4.38648e-01

   -8.89687e-01    -4.38648e-01
   -8.94114e-01    -4.21829e-01

   -8.89687e-01    -4.38648e-01
   -8.94114e-01    -4.21829e-01

    9.11222e-01    -1.09662e-01
    9.13383e-01    -1.45750e-01

    9.11222e-01    -1.09662e-01
    9.11222e-01    -1.09662e-01

    9.11222e-01    -1.09662e-01
    9.11222e-01    -1.09662e-01

    9.11222e-01    -1.09662e-01
    9.08541e-01    -7.84170e-02

    9.08753e-01    -5.52043e-02
    9.08541e-01    -7.84170e-02

    9.08753e-01    -5.52043e-02
    9.08969e-01    -3.16734e-02

   -1.45750e-01     9.13383e-01
   -1.09662e-01     9.11222e-01

   -1.09662e-01     9.11222e-01
   -1.09662e-01     9.11222e-01

   -5.52044e-02     9.08753e-01
   -7.84170e-02     9.08541e-01

   -5.52044e-02     9.08753e-01
   -3.16734e-02     9.08969e-01

   -7.84170e-02     9.08541e-01
   -1.09662e-01     9.11222e-01

   -3.28986e-01    -9.09030e-01
   -3.62906e-01    -9.11215e-01

   -3.62906e-01    -9.11215e-01
   -3.62906e-01    -9.11215e-01

   -3.62906e-01    -9.11215e-01
   -3.28986e-01    -9.09030e-01

   -3.62906e-01    -9.11215e-01
   -3.62906e-01    -9.11215e-01

   -3.28986e-01    -9.09030e-01
   -3.28986e-01    -9.09030e-01

   -3.28986e-01    -9.09030e-01
   -3.28986e-01    -9.09030e-01

   -4.02297e-01    -8.99783e-01
   -4.21829e-01    -8.94114e-01

   -4.21829e-01    -8.94114e-01
   -4.02297e-01    -8.99783e-01

   -4.02297e-01    -8.99783e-01
   -4.02297e-01    -8.99783e-01

   -4.02297e-01    -8.99783e-01
   -3.62906e-01    -9.11215e-01

   -3.62906e-01    -9.11215e-01
   -3.62906e-01    -9.11215e-01

   -3.62906e-01    -9.11215e-01
   -4.02297e-01    -8.99783e-01

   -3.28986e-01    -9.09030e-01
   -3.28986e-01    -9.09030e-01

   -3.28986e-01    -9.09030e-01
   -3.28986e-01    -9.09030e-01

   -2.94870e-01    -9.11412e-01
   -3.28986e-01    -9.09030e-01

   -2.94870e-01    -9.11412e-01
   -3.28986e-01    -9.09030e-01

   -8.94114e-01    -4.21829e-01
   -8.99783e-01    -4.02297e-01

   -8.94114e-01    -4.21829e-01
   -8.99783e-01    -4.02297e-01

   -8.99783e-01    -4.02297e-01
   -8.99783e-01    -4.02297e-01

   -8.99783e-01    -4.02297e-01
   -9.11215e-01    -3.62906e-01

   -9.11215e-01    -3.62906e-01
   -9.11215e-01    -3.62906e-01

   -8.99783e-01    -4.02297e-01
   -9.11215e-01    -3.62906e-01

   -9.11215e-01    -3.62906e-01
   -9.09030e-01    -3.28986e-01

   -9.11215e-01    -3.62906e-01
   -9.11215e-01    -3.62906e-01

   -9.09030e-01    -3.28986e-01
   -9.11215e-01    -3.62906e-01

   -9.11215e-01    -3.62906e-01
   -9.11215e-01    -3.62906e-01

   -9.09030e-01    -3.28986e-01
   -9.09030e-01    -3.28986e-01

   -9.09030e-01    -3.28986e-01
   -9.09030e-01    -3.28986e-01

   -9.09030e-01    -3.28986e-01
   -9.09030e-01    -3.28986e-01

   -9.09030e-01    -3.28986e-01
   -9.09030e-01    -3.28986e-01

   -9.11412e-01    -2.94870e-01
   -9.09030e-01    -3.28986e-01

   -9.09030e-01    -3.28986e-01
   -9.11412e-01    -2.94870e-01

    9.10205e-01     0.00000e+00
    9.08969e-01    -3.16734e-02

    9.10205e-01     0.00000e+00
    9.10205e-01     0.00000e+00

    9.10205e-01     0.00000e+00
    9.10205e-01     0.00000e+00

    9.10205e-01     0.00000e+00
    9.08969e-01     3.16734e-02

    9.08753e-01     5.52044e-02
    9.08541e-01     7.84170e-02

    9.08753e-01     5.52044e-02
    9.08969e-01     3.16734e-02

    0.00000e+00     9.10205e-01
   -3.16734e-02     9.08969e-01

    0.00000e+00     9.10205e-01
    0.00000e+00     9.10205e-01

    0.00000e+00     9.10205e-01
    0.00000e+00     9.10205e-01

    5.52044e-02     9.08753e-01
    7.84170e-02     9.08541e-01

    5.52044e-02     9.08753e-01
    3.16734e-02     9.08969e-01

    0.00000e+00     9.10205e-01
    3.16734e-02     9.08969e-01

   -2.57952e-01    -9.15923e-01
   -2.19324e-01    -9.12507e-01

   -2.19324e-01    -9.12507e-01
   -2.57952e-01    -9.15923e-01

   -2.19324e-01    -9.12507e-01
   -2.19324e-01    -9.12507e-01

   -2.77555e-01    -9.13528e-01
   -2.94870e-01    -9.11412e-01

   -2.94870e-01    -9.11412e-01
   -2.77555e-01    -9.13528e-01

   -2.77555e-01    -9.13528e-01
   -2.77555e-01    -9.13528e-01

   -2.57952e-01    -9.15923e-01
   -2.77555e-01    -9.13528e-01

   -2.57952e-01    -9.15923e-01
   -2.57952e-01    -9.15923e-01

   -2.57952e-01    -9.15923e-01
   -2.77555e-01    -9.13528e-01

   -2.19324e-01    -9.12507e-01
   -2.19324e-01    -9.12507e-01

   -2.19324e-01    -9.12507e-01
   -2.19324e-01    -9.12507e-01

   -2.19324e-01    -9.12507e-01
   -1.84954e-01    -9.11665e-01

   -9.11412e-01    -2.94870e-01
   -9.13528e-01    -2.77555e-01

   -9.11412e-01    -2.94870e-01
   -9.13528e-01    -2.77555e-01

   -9.13528e-01    -2.77555e-01
   -9.13528e-01    -2.77555e-01

   -9.15923e-01    -2.57952e-01
   -9.13528e-01    -2.77555e-01

   -9.15923e-01    -2.57952e-01
   -9.15923e-01    -2.57952e-01

   -9.13528e-01    -2.77555e-01
   -9.15923e-01    -2.57952e-01

   -9.15923e-01    -2.57952e-01
   -9.12507e-01    -2.19324e-01

   -9.15923e-01    -2.57952e-01
   -9.12507e-01    -2.19324e-01

   -9.12507e-01    -2.19324e-01
   -9.12507e-01    -2.19324e-01

   -9.12507e-01    -2.19324e-01
   -9.12507e-01    -2.19324e-01

   -9.12507e-01    -2.19324e-01
   -9.11665e-01    -1.84954e-01

   -9.11665e-01    -1.84954e-01
   -9.12507e-01    -2.19324e-01

    9.08541e-01     7.84170e-02
    9.11222e-01     1.09662e-01

    9.11222e-01     1.09662e-01
    9.11222e-01     1.09662e-01

    9.13383e-01     1.45750e-01
    9.11222e-01     1.09662e-01

    9.12503e-01     1.65830e-01
    9.11665e-01     1.84954e-01

    9.12503e-01     1.65830e-01
    9.13383e-01     1.45750e-01

    1.09662e-01     9.11222e-01
    7.84170e-02     9.08541e-01

    1.09662e-01     9.11222e-01
    1.09662e-01     9.11222e-01

    1.65830e-01     9.12504e-01
    1.84954e-01     9.11665e-01

    1.65830e-01     9.12504e-01
    1.45750e-01     9.13383e-01

    1.09662e-01     9.11222e-01
    1.45750e-01     9.13383e-01

