   -1.35167e-01    -9.02801e-01
   -1.09662e-01    -9.04332e-01

   -1.55504e-01    -9.06982e-01
   -1.35167e-01    -9.02801e-01

   -1.55504e-01    -9.06982e-01
   -1.83816e-01    -9.12803e-01

   -1.09662e-01    -9.04332e-01
   -1.09662e-01    -9.04332e-01

   -8.81716e-02    -8.98786e-01
   -1.09662e-01    -9.04332e-01

   -9.06982e-01    -1.55504e-01
   -9.02801e-01    -1.35167e-01

   -9.06982e-01    -1.55504e-01
   -9.12803e-01    -1.83816e-01

   -9.04332e-01    -1.09662e-01
   -9.02801e-01    -1.35167e-01

   -9.04332e-01    -1.09662e-01
   -9.04332e-01    -1.09662e-01

   -9.04332e-01    -1.09662e-01
   -8.98786e-01    -8.81716e-02

    9.23562e-01     2.19324e-01
    9.12803e-01     1.83816e-01

    9.23562e-01     2.19324e-01
    9.23562e-01     2.19324e-01

    9.23562e-01     2.19324e-01
    9.23562e-01     2.19324e-01

    9.23562e-01     2.19324e-01
    9.17362e-01     2.59390e-01

    9.17679e-01     2.73721e-01
    9.17362e-01     2.59390e-01

    9.17679e-01     2.73721e-01
    9.18002e-01     2.88280e-01

    2.19324e-01     9.23562e-01
    1.83816e-01     9.12803e-01

    2.19324e-01     9.23562e-01
    2.19324e-01     9.23562e-01

    2.19324e-01     9.23562e-01
    2.19324e-01     9.23562e-01

    2.73721e-01     9.17679e-01
    2.59390e-01     9.17362e-01

    2.73721e-01     9.17679e-01
    2.88280e-01     9.18002e-01

    2.19324e-01     9.23562e-01
    2.59390e-01     9.17362e-01

    0.00000e+00    -8.94962e-01
   -1.53376e-02    -8.92633e-01

    0.00000e+00    -8.94962e-01
    0.00000e+00    -8.94962e-01

   -4.56706e-02    -8.95196e-01
   -1.53376e-02    -8.92633e-01

   -4.56706e-02    -8.95196e-01
   -8.81716e-02    -8.98786e-01

    0.00000e+00    -8.94962e-01
    0.00000e+00    -8.94962e-01

    0.00000e+00    -8.94962e-01
    1.53376e-02    -8.92633e-01

   -8.95196e-01    -4.56706e-02
   -8.92633e-01    -1.53377e-02

   -8.95196e-01    -4.56706e-02
   -8.98786e-01    -8.81716e-02

   -8.94962e-01     0.00000e+00
   -8.92633e-01    -1.53377e-02

   -8.94962e-01     0.00000e+00
   -8.94962e-01     0.00000e+00

   -8.94962e-01     0.00000e+00
   -8.94962e-01     0.00000e+00

   -8.94962e-01     0.00000e+00
   -8.92633e-01     1.53376e-02

    9.20572e-01     3.28986e-01
    9.18002e-01     2.88280e-01

    9.20572e-01     3.28986e-01
    9.20572e-01     3.28986e-01

    8.77296e-01     4.25369e-01
    8.72684e-01     4.34036e-01

    8.77296e-01     4.25369e-01
    8.77296e-01     4.25369e-01

    8.77296e-01     4.25369e-01
    8.77296e-01     4.25369e-01

    8.71672e-01     4.38648e-01
    8.72684e-01     4.34036e-01

    8.71672e-01     4.38648e-01
    8.71672e-01     4.38648e-01

    9.20572e-01     3.28986e-01
    9.20572e-01     3.28986e-01

    8.77296e-01     4.25369e-01
    8.77296e-01     4.25369e-01

    8.77296e-01     4.25369e-01
    8.77296e-01     4.25369e-01

    9.20572e-01     3.28986e-01
    9.08548e-01     3.60239e-01

    8.77296e-01     4.25369e-01
    9.08548e-01     3.60239e-01

    8.71672e-01     4.38648e-01
    8.71672e-01     4.38648e-01

    8.71672e-01     4.38648e-01
    8.58670e-01     4.57274e-01

    4.38648e-01     8.71672e-01
    4.34036e-01     8.72684e-01

    4.38648e-01     8.71672e-01
    4.38648e-01     8.71672e-01

    4.25369e-01     8.77296e-01
    4.34036e-01     8.72684e-01

    4.25369e-01     8.77296e-01
    4.25369e-01     8.77296e-01

    4.25369e-01     8.77296e-01
    4.25369e-01     8.77296e-01

    4.38648e-01     8.71672e-01
    4.38648e-01     8.71672e-01

    4.38648e-01     8.71672e-01
    4.57274e-01     8.58670e-01

    3.28986e-01     9.20572e-01
    2.88280e-01     9.18002e-01

    3.28986e-01     9.20572e-01
    3.28986e-01     9.20572e-01

    4.25369e-01     8.77296e-01
    4.25369e-01     8.77296e-01

    4.25369e-01     8.77296e-01
    4.25369e-01     8.77296e-01

    3.28986e-01     9.20572e-01
    3.28986e-01     9.20572e-01

    4.25369e-01     8.77296e-01
    3.60239e-01     9.08548e-01

    3.28986e-01     9.20572e-01
    3.60239e-01     9.08548e-01

    1.09662e-01    -9.04332e-01
    8.81716e-02    -8.98786e-01

    1.09662e-01    -9.04332e-01
    1.09662e-01    -9.04332e-01

    4.56706e-02    -8.95196e-01
    1.53376e-02    -8.92633e-01

    4.56706e-02    -8.95196e-01
    8.81716e-02    -8.98786e-01

    1.09662e-01    -9.04332e-01
    1.35167e-01    -9.02801e-01

   -8.95196e-01     4.56706e-02
   -8.92633e-01     1.53376e-02

   -8.95196e-01     4.56706e-02
   -8.98786e-01     8.81716e-02

   -9.04332e-01     1.09662e-01
   -8.98786e-01     8.81716e-02

   -9.04332e-01     1.09662e-01
   -9.04332e-01     1.09662e-01

   -9.04332e-01     1.09662e-01
   -9.04332e-01     1.09662e-01

   -9.04332e-01     1.09662e-01
   -9.02801e-01     1.35167e-01

    8.50749e-01     4.70162e-01
    8.31107e-01     5.02121e-01

    8.50749e-01     4.70162e-01
    8.58670e-01     4.57274e-01

    8.07875e-01     5.48310e-01
    8.31107e-01     5.02121e-01

    8.07875e-01     5.48310e-01
    8.07875e-01     5.48310e-01

    8.07875e-01     5.48310e-01
    8.07875e-01     5.48310e-01

    7.67634e-01     6.02451e-01
    7.38403e-01     6.28741e-01

    7.67634e-01     6.02451e-01
    7.67634e-01     6.02451e-01

    7.21410e-01     6.57972e-01
    7.38403e-01     6.28741e-01

    7.21410e-01     6.57972e-01
    7.21410e-01     6.57972e-01

    8.07875e-01     5.48310e-01
    8.07875e-01     5.48310e-01

    8.07875e-01     5.48310e-01
    8.07875e-01     5.48310e-01

    7.67634e-01     6.02451e-01
    7.67634e-01     6.02451e-01

    8.07875e-01     5.48310e-01
    7.94257e-01     5.74933e-01

    7.67634e-01     6.02451e-01
    7.94257e-01     5.74933e-01

    6.57972e-01     7.21410e-01
    6.28741e-01     7.38403e-01

    6.57972e-01     7.21410e-01
    6.57972e-01     7.21410e-01

    6.02451e-01     7.67634e-01
    6.28741e-01     7.38403e-01

    6.02451e-01     7.67634e-01
    6.02451e-01     7.67634e-01

    7.21410e-01     6.57972e-01
    7.21410e-01     6.57972e-01

    6.57972e-01     7.21410e-01
    6.57972e-01     7.21410e-01

    7.21410e-01     6.57972e-01
    6.89165e-01     6.89165e-01

    6.57972e-01     7.21410e-01
    6.89165e-01     6.89165e-01

    5.48310e-01     8.07875e-01
    5.02121e-01     8.31107e-01

    5.48310e-01     8.07875e-01
    5.48310e-01     8.07875e-01

    5.48310e-01     8.07875e-01
    5.48310e-01     8.07875e-01

    4.70162e-01     8.50749e-01
    5.02121e-01     8.31107e-01

    4.70162e-01     8.50749e-01
    4.57274e-01     8.58670e-01

    6.02451e-01     7.67634e-01
    6.02451e-01     7.67634e-01

    5.48310e-01     8.07875e-01
    5.48310e-01     8.07875e-01

    5.48310e-01     8.07875e-01
    5.48310e-01     8.07875e-01

    6.02451e-01     7.67634e-01
    5.74933e-01     7.94257e-01

    5.48310e-01     8.07875e-01
    5.74933e-01     7.94257e-01

    2.19324e-01    -9.23562e-01
    1.83816e-01    -9.12803e-01

    2.19324e-01    -9.23562e-01
    2.19324e-01    -9.23562e-01

    1.55504e-01    -9.06982e-01
    1.35167e-01    -9.02801e-01

    1.55504e-01    -9.06982e-01
    1.83816e-01    -9.12803e-01

    2.19324e-01    -9.23562e-01
    2.59390e-01    -9.17362e-01

   -9.06982e-01     1.55504e-01
   -9.02801e-01     1.35167e-01

   -9.06982e-01     1.55504e-01
   -9.12803e-01     1.83816e-01

   -9.23562e-01     2.19324e-01
   -9.12803e-01     1.83816e-01

   -9.23562e-01     2.19324e-01
   -9.23562e-01     2.19324e-01

   -9.23562e-01     2.19324e-01
   -9.17362e-01     2.59390e-01

    3.28986e-01    -9.20572e-01
    2.88280e-01    -9.18002e-01

    3.28986e-01    -9.20572e-01
    3.28986e-01    -9.20572e-01

    2.73721e-01    -9.17679e-01
    2.59390e-01    -9.17362e-01

    2.73721e-01    -9.17679e-01
    2.88280e-01    -9.18002e-01

    3.28986e-01    -9.20572e-01
    3.60239e-01    -9.08549e-01

   -9.17679e-01     2.73721e-01
   -9.17362e-01     2.59390e-01

   -9.17679e-01     2.73721e-01
   -9.18002e-01     2.88280e-01

   -9.20572e-01     3.28986e-01
   -9.18002e-01     2.88280e-01

   -9.20572e-01     3.28986e-01
   -9.20572e-01     3.28986e-01

   -9.20572e-01     3.28986e-01
   -9.08548e-01     3.60239e-01

    4.25369e-01    -8.77296e-01
    3.60239e-01    -9.08549e-01

    4.25369e-01    -8.77296e-01
    4.25369e-01    -8.77296e-01

    4.25369e-01    -8.77296e-01
    4.25369e-01    -8.77296e-01

    4.25369e-01    -8.77296e-01
    4.34036e-01    -8.72684e-01

   -8.77296e-01     4.25369e-01
   -9.08548e-01     3.60239e-01

   -8.77296e-01     4.25369e-01
   -8.77296e-01     4.25369e-01

   -8.77296e-01     4.25369e-01
   -8.77296e-01     4.25369e-01

   -8.77296e-01     4.25369e-01
   -8.72684e-01     4.34036e-01

    4.38648e-01    -8.71672e-01
    4.34036e-01    -8.72684e-01

    4.38648e-01    -8.71672e-01
    4.38648e-01    -8.71672e-01

    4.38648e-01    -8.71672e-01
    4.38648e-01    -8.71672e-01

    5.02121e-01    -8.31107e-01
    4.70162e-01    -8.50749e-01

    4.57274e-01    -8.58669e-01
    4.70162e-01    -8.50749e-01

    4.38648e-01    -8.71672e-01
    4.57274e-01    -8.58669e-01

   -8.71672e-01     4.38648e-01
   -8.72684e-01     4.34036e-01

   -8.71672e-01     4.38648e-01
   -8.71672e-01     4.38648e-01

   -8.71672e-01     4.38648e-01
   -8.71672e-01     4.38648e-01

   -8.71672e-01     4.38648e-01
   -8.58669e-01     4.57274e-01

   -8.31107e-01     5.02121e-01
   -8.50749e-01     4.70162e-01

   -8.58669e-01     4.57274e-01
   -8.50749e-01     4.70162e-01

    5.48310e-01    -8.07875e-01
    5.02121e-01    -8.31107e-01

    5.48310e-01    -8.07875e-01
    5.48310e-01    -8.07875e-01

    5.48310e-01    -8.07875e-01
    5.48310e-01    -8.07875e-01

    5.48310e-01    -8.07875e-01
    5.48310e-01    -8.07875e-01

    5.48310e-01    -8.07875e-01
    5.48310e-01    -8.07875e-01

    5.48310e-01    -8.07875e-01
    5.74933e-01    -7.94257e-01

   -8.07875e-01     5.48310e-01
   -8.31107e-01     5.02121e-01

   -8.07875e-01     5.48310e-01
   -8.07875e-01     5.48310e-01

   -8.07875e-01     5.48310e-01
   -8.07875e-01     5.48310e-01

   -8.07875e-01     5.48310e-01
   -7.94257e-01     5.74933e-01

    6.02451e-01    -7.67634e-01
    5.74933e-01    -7.94257e-01

    6.02451e-01    -7.67634e-01
    6.02451e-01    -7.67634e-01

    6.02451e-01    -7.67634e-01
    6.02451e-01    -7.67634e-01

    6.02451e-01    -7.67634e-01
    6.28741e-01    -7.38403e-01

   -7.67634e-01     6.02451e-01
   -7.94257e-01     5.74933e-01

   -7.67634e-01     6.02451e-01
   -7.67634e-01     6.02451e-01

   -7.67634e-01     6.02451e-01
   -7.67634e-01     6.02451e-01

   -7.67634e-01     6.02451e-01
   -7.38403e-01     6.28741e-01

    6.57972e-01    -7.21410e-01
    6.28741e-01    -7.38403e-01

    6.57972e-01    -7.21410e-01
    6.57972e-01    -7.21410e-01

    6.57972e-01    -7.21410e-01
    6.57972e-01    -7.21410e-01

    6.57972e-01    -7.21410e-01
    6.89165e-01    -6.89165e-01

   -7.21410e-01     6.57972e-01
   -7.38403e-01     6.28741e-01

   -7.21410e-01     6.57972e-01
   -7.21410e-01     6.57972e-01

   -7.21410e-01     6.57972e-01
   -7.21410e-01     6.57972e-01

   -7.21410e-01     6.57972e-01
   -6.89165e-01     6.89165e-01

    7.21410e-01    -6.57972e-01
    6.89165e-01    -6.89165e-01

    7.21410e-01    -6.57972e-01
    7.21410e-01    -6.57972e-01

    7.21410e-01    -6.57972e-01
    7.21410e-01    -6.57972e-01

    7.21410e-01    -6.57972e-01
    7.38403e-01    -6.28741e-01

   -6.57972e-01     7.21410e-01
   -6.89165e-01     6.89165e-01

   -6.57972e-01     7.21410e-01
   -6.57972e-01     7.21410e-01

   -6.57972e-01     7.21410e-01
   -6.57972e-01     7.21410e-01

   -6.57972e-01     7.21410e-01
   -6.28741e-01     7.38403e-01

    7.67634e-01    -6.02451e-01
    7.38403e-01    -6.28741e-01

    7.67634e-01    -6.02451e-01
    7.67634e-01    -6.02451e-01

    7.67634e-01    -6.02451e-01
    7.67634e-01    -6.02451e-01

    7.67634e-01    -6.02451e-01
    7.94257e-01    -5.74933e-01

   -6.02451e-01     7.67634e-01
   -6.28741e-01     7.38403e-01

   -6.02451e-01     7.67634e-01
   -6.02451e-01     7.67634e-01

   -6.02451e-01     7.67634e-01
   -6.02451e-01     7.67634e-01

   -6.02451e-01     7.67634e-01
   -5.74933e-01     7.94257e-01

    7.94257e-01    -5.74933e-01
    8.07875e-01    -5.48310e-01

    8.07875e-01    -5.48310e-01
    8.07875e-01    -5.48310e-01

    8.07875e-01    -5.48310e-01
    8.07875e-01    -5.48310e-01

    8.31107e-01    -5.02121e-01
    8.07875e-01    -5.48310e-01

   -5.48310e-01     8.07875e-01
   -5.74933e-01     7.94257e-01

   -5.48310e-01     8.07875e-01
   -5.48310e-01     8.07875e-01

   -5.48310e-01     8.07875e-01
   -5.48310e-01     8.07875e-01

   -5.48310e-01     8.07875e-01
   -5.48310e-01     8.07875e-01

   -5.48310e-01     8.07875e-01
   -5.48310e-01     8.07875e-01

   -5.48310e-01     8.07875e-01
   -5.02121e-01     8.31107e-01

    8.50749e-01    -4.70162e-01
    8.31107e-01    -5.02121e-01

    8.50749e-01    -4.70162e-01
    8.58669e-01    -4.57274e-01

    8.71672e-01    -4.38648e-01
    8.58669e-01    -4.57274e-01

    8.71672e-01    -4.38648e-01
    8.71672e-01    -4.38648e-01

    8.71672e-01    -4.38648e-01
    8.71672e-01    -4.38648e-01

    8.71672e-01    -4.38648e-01
    8.72684e-01    -4.34036e-01

   -4.38648e-01     8.71672e-01
   -4.57274e-01     8.58669e-01

   -4.38648e-01     8.71672e-01
   -4.38648e-01     8.71672e-01

   -4.70162e-01     8.50749e-01
   -5.02121e-01     8.31107e-01

   -4.70162e-01     8.50749e-01
   -4.57274e-01     8.58669e-01

   -4.38648e-01     8.71672e-01
   -4.38648e-01     8.71672e-01

   -4.38648e-01     8.71672e-01
   -4.34036e-01     8.72684e-01

    8.72684e-01    -4.34036e-01
    8.77296e-01    -4.25369e-01

    8.77296e-01    -4.25369e-01
    8.77296e-01    -4.25369e-01

    8.77296e-01    -4.25369e-01
    8.77296e-01    -4.25369e-01

    9.08548e-01    -3.60239e-01
    8.77296e-01    -4.25369e-01

   -4.34036e-01     8.72684e-01
   -4.25369e-01     8.77296e-01

   -4.25369e-01     8.77296e-01
   -4.25369e-01     8.77296e-01

   -4.25369e-01     8.77296e-01
   -4.25369e-01     8.77296e-01

   -3.60239e-01     9.08549e-01
   -4.25369e-01     8.77296e-01

    9.08548e-01    -3.60239e-01
    9.20572e-01    -3.28986e-01

    9.20572e-01    -3.28986e-01
    9.20572e-01    -3.28986e-01

    9.18002e-01    -2.88280e-01
    9.20572e-01    -3.28986e-01

    9.17679e-01    -2.73721e-01
    9.17362e-01    -2.59390e-01

    9.17679e-01    -2.73721e-01
    9.18002e-01    -2.88280e-01

   -3.60239e-01     9.08549e-01
   -3.28986e-01     9.20572e-01

   -3.28986e-01     9.20572e-01
   -3.28986e-01     9.20572e-01

   -2.73721e-01     9.17679e-01
   -2.59390e-01     9.17362e-01

   -2.73721e-01     9.17679e-01
   -2.88280e-01     9.18002e-01

   -2.88280e-01     9.18002e-01
   -3.28986e-01     9.20572e-01

    9.17362e-01    -2.59390e-01
    9.23562e-01    -2.19324e-01

    9.23562e-01    -2.19324e-01
    9.23562e-01    -2.19324e-01

    9.12803e-01    -1.83816e-01
    9.23562e-01    -2.19324e-01

    9.06982e-01    -1.55504e-01
    9.02801e-01    -1.35167e-01

    9.06982e-01    -1.55504e-01
    9.12803e-01    -1.83816e-01

   -2.59390e-01     9.17362e-01
   -2.19324e-01     9.23562e-01

   -2.19324e-01     9.23562e-01
   -2.19324e-01     9.23562e-01

   -1.55504e-01     9.06982e-01
   -1.35167e-01     9.02801e-01

   -1.55504e-01     9.06982e-01
   -1.83816e-01     9.12803e-01

   -1.83816e-01     9.12803e-01
   -2.19324e-01     9.23562e-01

   -5.74933e-01    -7.94257e-01
   -5.48310e-01    -8.07875e-01

   -5.48310e-01    -8.07875e-01
   -5.74933e-01    -7.94257e-01

   -5.48310e-01    -8.07875e-01
   -5.48310e-01    -8.07875e-01

   -5.48310e-01    -8.07875e-01
   -5.48310e-01    -8.07875e-01

   -6.02451e-01    -7.67634e-01
   -5.74933e-01    -7.94257e-01

   -5.74933e-01    -7.94257e-01
   -6.02451e-01    -7.67634e-01

   -6.02451e-01    -7.67634e-01
   -6.02451e-01    -7.67634e-01

   -5.48310e-01    -8.07875e-01
   -5.48310e-01    -8.07875e-01

   -5.48310e-01    -8.07875e-01
   -5.48310e-01    -8.07875e-01

   -5.02121e-01    -8.31107e-01
   -4.70162e-01    -8.50749e-01

   -5.02121e-01    -8.31107e-01
   -5.02121e-01    -8.31107e-01

   -5.02121e-01    -8.31107e-01
   -5.02121e-01    -8.31107e-01

   -4.57274e-01    -8.58670e-01
   -4.57274e-01    -8.58670e-01

   -4.70162e-01    -8.50749e-01
   -4.70162e-01    -8.50749e-01

   -4.57274e-01    -8.58670e-01
   -4.70162e-01    -8.50749e-01

   -5.48310e-01    -8.07875e-01
   -5.02121e-01    -8.31107e-01

   -5.02121e-01    -8.31107e-01
   -5.48310e-01    -8.07875e-01

   -6.57972e-01    -7.21410e-01
   -6.89165e-01    -6.89165e-01

   -6.57972e-01    -7.21410e-01
   -6.89165e-01    -6.89165e-01

   -6.57972e-01    -7.21410e-01
   -6.57972e-01    -7.21410e-01

   -7.21410e-01    -6.57972e-01
   -6.89165e-01    -6.89165e-01

   -6.89165e-01    -6.89165e-01
   -7.21410e-01    -6.57972e-01

   -7.21410e-01    -6.57972e-01
   -7.21410e-01    -6.57972e-01

   -6.02451e-01    -7.67634e-01
   -6.02451e-01    -7.67634e-01

   -6.57972e-01    -7.21410e-01
   -6.57972e-01    -7.21410e-01

   -6.02451e-01    -7.67634e-01
   -6.28741e-01    -7.38403e-01

   -6.02451e-01    -7.67634e-01
   -6.28741e-01    -7.38403e-01

   -6.57972e-01    -7.21410e-01
   -6.28741e-01    -7.38403e-01

   -6.28741e-01    -7.38403e-01
   -6.57972e-01    -7.21410e-01

   -7.67634e-01    -6.02451e-01
   -7.94257e-01    -5.74933e-01

   -7.67634e-01    -6.02451e-01
   -7.94257e-01    -5.74933e-01

   -7.67634e-01    -6.02451e-01
   -7.67634e-01    -6.02451e-01

   -7.94257e-01    -5.74933e-01
   -8.07875e-01    -5.48310e-01

   -7.94257e-01    -5.74933e-01
   -8.07875e-01    -5.48310e-01

   -8.07875e-01    -5.48310e-01
   -8.07875e-01    -5.48310e-01

   -8.07875e-01    -5.48310e-01
   -8.07875e-01    -5.48310e-01

   -7.21410e-01    -6.57972e-01
   -7.21410e-01    -6.57972e-01

   -7.67634e-01    -6.02451e-01
   -7.67634e-01    -6.02451e-01

   -7.21410e-01    -6.57972e-01
   -7.38403e-01    -6.28741e-01

   -7.21410e-01    -6.57972e-01
   -7.38403e-01    -6.28741e-01

   -7.67634e-01    -6.02451e-01
   -7.38403e-01    -6.28741e-01

   -7.38403e-01    -6.28741e-01
   -7.67634e-01    -6.02451e-01

   -8.07875e-01    -5.48310e-01
   -8.07875e-01    -5.48310e-01

   -8.07875e-01    -5.48310e-01
   -8.07875e-01    -5.48310e-01

   -8.07875e-01    -5.48310e-01
   -8.31107e-01    -5.02121e-01

   -8.07875e-01    -5.48310e-01
   -8.31107e-01    -5.02121e-01

   -8.31107e-01    -5.02121e-01
   -8.50749e-01    -4.70162e-01

   -8.31107e-01    -5.02121e-01
   -8.31107e-01    -5.02121e-01

   -8.31107e-01    -5.02121e-01
   -8.31107e-01    -5.02121e-01

   -8.58670e-01    -4.57274e-01
   -8.58670e-01    -4.57274e-01

   -8.50749e-01    -4.70162e-01
   -8.50749e-01    -4.70162e-01

   -8.58670e-01    -4.57274e-01
   -8.50749e-01    -4.70162e-01

    9.04332e-01    -1.09662e-01
    9.02801e-01    -1.35167e-01

    9.04332e-01    -1.09662e-01
    9.04332e-01    -1.09662e-01

    9.04332e-01    -1.09662e-01
    9.04332e-01    -1.09662e-01

    9.04332e-01    -1.09662e-01
    8.98786e-01    -8.81716e-02

    8.95196e-01    -4.56706e-02
    8.92633e-01    -1.53376e-02

    8.95196e-01    -4.56706e-02
    8.98786e-01    -8.81716e-02

   -1.35167e-01     9.02801e-01
   -1.09662e-01     9.04332e-01

   -1.09662e-01     9.04332e-01
   -1.09662e-01     9.04332e-01

   -4.56706e-02     8.95196e-01
   -1.53376e-02     8.92633e-01

   -4.56706e-02     8.95196e-01
   -8.81716e-02     8.98786e-01

   -8.81716e-02     8.98786e-01
   -1.09662e-01     9.04332e-01

   -3.28986e-01    -9.20572e-01
   -3.60239e-01    -9.08548e-01

   -3.60239e-01    -9.08548e-01
   -3.60239e-01    -9.08548e-01

   -3.60239e-01    -9.08548e-01
   -3.28986e-01    -9.20572e-01

   -3.60239e-01    -9.08548e-01
   -3.60239e-01    -9.08548e-01

   -3.28986e-01    -9.20572e-01
   -3.28986e-01    -9.20572e-01

   -3.60239e-01    -9.08548e-01
   -4.25369e-01    -8.77296e-01

   -4.25369e-01    -8.77296e-01
   -3.60239e-01    -9.08548e-01

   -4.25369e-01    -8.77296e-01
   -4.25369e-01    -8.77296e-01

   -4.25369e-01    -8.77296e-01
   -4.25369e-01    -8.77296e-01

   -3.28986e-01    -9.20572e-01
   -3.28986e-01    -9.20572e-01

   -2.88280e-01    -9.18002e-01
   -3.28986e-01    -9.20572e-01

   -3.28986e-01    -9.20572e-01
   -2.88280e-01    -9.18002e-01

   -4.57274e-01    -8.58670e-01
   -4.38648e-01    -8.71672e-01

   -4.38648e-01    -8.71672e-01
   -4.57274e-01    -8.58670e-01

   -4.38648e-01    -8.71672e-01
   -4.38648e-01    -8.71672e-01

   -4.25369e-01    -8.77296e-01
   -4.25369e-01    -8.77296e-01

   -4.25369e-01    -8.77296e-01
   -4.25369e-01    -8.77296e-01

   -4.38648e-01    -8.71672e-01
   -4.38648e-01    -8.71672e-01

   -4.34036e-01    -8.72684e-01
   -4.25369e-01    -8.77296e-01

   -4.25369e-01    -8.77296e-01
   -4.34036e-01    -8.72684e-01

   -4.38648e-01    -8.71672e-01
   -4.34036e-01    -8.72684e-01

   -4.34036e-01    -8.72684e-01
   -4.38648e-01    -8.71672e-01

   -8.58670e-01    -4.57274e-01
   -8.71672e-01    -4.38648e-01

   -8.58670e-01    -4.57274e-01
   -8.71672e-01    -4.38648e-01

   -8.71672e-01    -4.38648e-01
   -8.71672e-01    -4.38648e-01

   -8.77296e-01    -4.25369e-01
   -9.08548e-01    -3.60239e-01

   -9.08548e-01    -3.60239e-01
   -8.77296e-01    -4.25369e-01

   -8.77296e-01    -4.25369e-01
   -8.77296e-01    -4.25369e-01

   -8.77296e-01    -4.25369e-01
   -8.77296e-01    -4.25369e-01

   -9.08548e-01    -3.60239e-01
   -9.20572e-01    -3.28986e-01

   -9.08548e-01    -3.60239e-01
   -9.08548e-01    -3.60239e-01

   -9.20572e-01    -3.28986e-01
   -9.08548e-01    -3.60239e-01

   -9.08548e-01    -3.60239e-01
   -9.08548e-01    -3.60239e-01

   -9.20572e-01    -3.28986e-01
   -9.20572e-01    -3.28986e-01

   -8.71672e-01    -4.38648e-01
   -8.71672e-01    -4.38648e-01

   -8.77296e-01    -4.25369e-01
   -8.77296e-01    -4.25369e-01

   -8.77296e-01    -4.25369e-01
   -8.77296e-01    -4.25369e-01

   -8.71672e-01    -4.38648e-01
   -8.72684e-01    -4.34036e-01

   -8.71672e-01    -4.38648e-01
   -8.72684e-01    -4.34036e-01

   -8.72684e-01    -4.34036e-01
   -8.77296e-01    -4.25369e-01

   -8.72684e-01    -4.34036e-01
   -8.77296e-01    -4.25369e-01

   -9.20572e-01    -3.28986e-01
   -9.20572e-01    -3.28986e-01

   -9.20572e-01    -3.28986e-01
   -9.18002e-01    -2.88280e-01

   -9.18002e-01    -2.88280e-01
   -9.20572e-01    -3.28986e-01

    8.94962e-01     0.00000e+00
    8.92633e-01    -1.53376e-02

    8.94962e-01     0.00000e+00
    8.94962e-01     0.00000e+00

    8.94962e-01     0.00000e+00
    8.94962e-01     0.00000e+00

    8.94962e-01     0.00000e+00
    8.92633e-01     1.53377e-02

    8.95196e-01     4.56706e-02
    8.92633e-01     1.53377e-02

    8.95196e-01     4.56706e-02
    8.98786e-01     8.81716e-02

    0.00000e+00     8.94962e-01
   -1.53376e-02     8.92633e-01

    0.00000e+00     8.94962e-01
    0.00000e+00     8.94962e-01

    0.00000e+00     8.94962e-01
    0.00000e+00     8.94962e-01

    4.56706e-02     8.95196e-01
    1.53376e-02     8.92633e-01

    4.56706e-02     8.95196e-01
    8.81716e-02     8.98786e-01

    0.00000e+00     8.94962e-01
    1.53376e-02     8.92633e-01

   -2.59390e-01    -9.17362e-01
   -2.19324e-01    -9.23562e-01

   -2.19324e-01    -9.23562e-01
   -2.59390e-01    -9.17362e-01

   -2.19324e-01    -9.23562e-01
   -2.19324e-01    -9.23562e-01

   -2.73721e-01    -9.17679e-01
   -2.59390e-01    -9.17362e-01

   -2.59390e-01    -9.17362e-01
   -2.73721e-01    -9.17679e-01

   -2.73721e-01    -9.17679e-01
   -2.73721e-01    -9.17679e-01

   -2.88280e-01    -9.18002e-01
   -2.73721e-01    -9.17679e-01

   -2.88280e-01    -9.18002e-01
   -2.88280e-01    -9.18002e-01

   -2.73721e-01    -9.17679e-01
   -2.88280e-01    -9.18002e-01

   -2.19324e-01    -9.23562e-01
   -2.19324e-01    -9.23562e-01

   -1.83816e-01    -9.12803e-01
   -2.19324e-01    -9.23562e-01

   -2.19324e-01    -9.23562e-01
   -1.83816e-01    -9.12803e-01

   -9.17362e-01    -2.59390e-01
   -9.17679e-01    -2.73721e-01

   -9.17679e-01    -2.73721e-01
   -9.17362e-01    -2.59390e-01

   -9.17679e-01    -2.73721e-01
   -9.17679e-01    -2.73721e-01

   -9.18002e-01    -2.88280e-01
   -9.17679e-01    -2.73721e-01

   -9.18002e-01    -2.88280e-01
   -9.18002e-01    -2.88280e-01

   -9.18002e-01    -2.88280e-01
   -9.17679e-01    -2.73721e-01

   -9.17362e-01    -2.59390e-01
   -9.23562e-01    -2.19324e-01

   -9.17362e-01    -2.59390e-01
   -9.23562e-01    -2.19324e-01

   -9.23562e-01    -2.19324e-01
   -9.23562e-01    -2.19324e-01

   -9.23562e-01    -2.19324e-01
   -9.23562e-01    -2.19324e-01

   -9.23562e-01    -2.19324e-01
   -9.12803e-01    -1.83816e-01

   -9.12803e-01    -1.83816e-01
   -9.23562e-01    -2.19324e-01

    8.98786e-01     8.81716e-02
    9.04332e-01     1.09662e-01

    9.04332e-01     1.09662e-01
    9.04332e-01     1.09662e-01

    9.02801e-01     1.35167e-01
    9.04332e-01     1.09662e-01

    9.06982e-01     1.55504e-01
    9.02801e-01     1.35167e-01

    9.06982e-01     1.55504e-01
    9.12803e-01     1.83816e-01

    1.09662e-01     9.04332e-01
    8.81716e-02     8.98786e-01

    1.09662e-01     9.04332e-01
    1.09662e-01     9.04332e-01

    1.55504e-01     9.06982e-01
    1.35167e-01     9.02801e-01

    1.55504e-01     9.06982e-01
    1.83816e-01     9.12803e-01

    1.09662e-01     9.04332e-01
    1.35167e-01     9.02801e-01

    0.00000e+00    -1.00540e+00
   -1.25709e-02    -9.99529e-01

    0.00000e+00    -1.00540e+00
    0.00000e+00    -1.00540e+00

   -8.26568e-02    -9.93149e-01
   -1.05555e-01    -9.91065e-01

   -8.26568e-02    -9.93149e-01
   -1.25709e-02    -9.99529e-01

    0.00000e+00    -1.00540e+00
    0.00000e+00    -1.00540e+00

    0.00000e+00    -1.00540e+00
    1.25709e-02    -9.99529e-01

   -9.93149e-01    -8.26567e-02
   -9.91065e-01    -1.05555e-01

   -9.93149e-01    -8.26567e-02
   -9.99528e-01    -1.25709e-02

   -1.00540e+00     0.00000e+00
   -9.99528e-01    -1.25709e-02

   -1.00540e+00     0.00000e+00
   -1.00540e+00     0.00000e+00

   -1.00540e+00     0.00000e+00
   -1.00540e+00     0.00000e+00

   -1.00540e+00     0.00000e+00
   -9.99529e-01     1.25709e-02

    9.92159e-01     1.09662e-01
    9.91065e-01     1.05555e-01

    9.92159e-01     1.09662e-01
    9.92159e-01     1.09662e-01

    9.86958e-01     1.25418e-01
    9.72596e-01     2.04962e-01

    9.86958e-01     1.25418e-01
    9.86958e-01     1.25418e-01

    9.86958e-01     1.25418e-01
    9.86958e-01     1.25418e-01

    9.72502e-01     2.19324e-01
    9.72596e-01     2.04962e-01

    9.72502e-01     2.19324e-01
    9.72502e-01     2.19324e-01

    9.86958e-01     1.25418e-01
    9.86958e-01     1.25418e-01

    9.86958e-01     1.25418e-01
    9.86958e-01     1.25418e-01

    9.92159e-01     1.09662e-01
    9.90264e-01     1.12969e-01

    9.86958e-01     1.25418e-01
    9.90264e-01     1.12969e-01

    9.72502e-01     2.19324e-01
    9.72502e-01     2.19324e-01

    9.72502e-01     2.19324e-01
    9.67601e-01     2.38680e-01

    2.19324e-01     9.72502e-01
    2.04962e-01     9.72596e-01

    2.19324e-01     9.72502e-01
    2.19324e-01     9.72502e-01

    1.25418e-01     9.86958e-01
    2.04962e-01     9.72596e-01

    1.25418e-01     9.86958e-01
    1.25418e-01     9.86958e-01

    1.25418e-01     9.86958e-01
    1.25418e-01     9.86958e-01

    2.19324e-01     9.72502e-01
    2.19324e-01     9.72502e-01

    2.19324e-01     9.72502e-01
    2.38680e-01     9.67601e-01

    1.09662e-01     9.92159e-01
    1.05555e-01     9.91065e-01

    1.09662e-01     9.92159e-01
    1.09662e-01     9.92159e-01

    1.25418e-01     9.86958e-01
    1.25418e-01     9.86958e-01

    1.25418e-01     9.86958e-01
    1.25418e-01     9.86958e-01

    1.25418e-01     9.86958e-01
    1.12969e-01     9.90264e-01

    1.09662e-01     9.92159e-01
    1.12969e-01     9.90264e-01

    1.09662e-01    -9.92159e-01
    1.05555e-01    -9.91065e-01

    1.09662e-01    -9.92159e-01
    1.09662e-01    -9.92159e-01

    8.26568e-02    -9.93149e-01
    1.05555e-01    -9.91065e-01

    8.26568e-02    -9.93149e-01
    1.25709e-02    -9.99529e-01

    1.09662e-01    -9.92159e-01
    1.12969e-01    -9.90264e-01

   -9.93149e-01     8.26568e-02
   -9.91065e-01     1.05555e-01

   -9.93149e-01     8.26568e-02
   -9.99529e-01     1.25709e-02

   -9.92159e-01     1.09662e-01
   -9.91065e-01     1.05555e-01

   -9.92159e-01     1.09662e-01
   -9.92159e-01     1.09662e-01

   -9.92159e-01     1.09662e-01
   -9.92159e-01     1.09662e-01

   -9.92159e-01     1.09662e-01
   -9.90264e-01     1.12969e-01

    9.64538e-01     2.65476e-01
    9.60322e-01     3.02350e-01

    9.64538e-01     2.65476e-01
    9.67601e-01     2.38680e-01

    9.61864e-01     3.28986e-01
    9.60322e-01     3.02350e-01

    9.61864e-01     3.28986e-01
    9.61864e-01     3.28986e-01

    9.61864e-01     3.28986e-01
    9.61864e-01     3.28986e-01

    9.61864e-01     3.28986e-01
    9.64602e-01     3.51342e-01

    3.28986e-01     9.61864e-01
    3.02350e-01     9.60322e-01

    3.28986e-01     9.61864e-01
    3.28986e-01     9.61864e-01

    2.65476e-01     9.64537e-01
    3.02350e-01     9.60322e-01

    2.65476e-01     9.64537e-01
    2.38680e-01     9.67601e-01

    3.28986e-01     9.61864e-01
    3.28986e-01     9.61864e-01

    3.28986e-01     9.61864e-01
    3.51342e-01     9.64602e-01

    1.25418e-01    -9.86958e-01
    1.12969e-01    -9.90264e-01

    1.25418e-01    -9.86958e-01
    1.25418e-01    -9.86958e-01

    1.25418e-01    -9.86958e-01
    1.25418e-01    -9.86957e-01

    1.25418e-01    -9.86957e-01
    2.04962e-01    -9.72596e-01

   -9.86958e-01     1.25418e-01
   -9.90264e-01     1.12969e-01

   -9.86958e-01     1.25418e-01
   -9.86958e-01     1.25418e-01

   -9.86958e-01     1.25418e-01
   -9.86957e-01     1.25418e-01

   -9.86957e-01     1.25418e-01
   -9.72596e-01     2.04962e-01

    9.67198e-01     3.90185e-01
    9.64602e-01     3.51342e-01

    9.67198e-01     3.90185e-01
    9.69254e-01     4.20944e-01

    9.70064e-01     4.38648e-01
    9.69254e-01     4.20944e-01

    9.70064e-01     4.38648e-01
    9.70064e-01     4.38648e-01

    9.70064e-01     4.38648e-01
    9.70064e-01     4.38648e-01

    9.70064e-01     4.38648e-01
    9.72838e-01     4.52767e-01

    4.38648e-01     9.70064e-01
    4.20944e-01     9.69254e-01

    4.38648e-01     9.70064e-01
    4.38648e-01     9.70064e-01

    3.90185e-01     9.67198e-01
    3.51342e-01     9.64602e-01

    3.90185e-01     9.67198e-01
    4.20944e-01     9.69254e-01

    4.38648e-01     9.70064e-01
    4.38648e-01     9.70064e-01

    4.38648e-01     9.70064e-01
    4.52767e-01     9.72838e-01

    2.19324e-01    -9.72502e-01
    2.04962e-01    -9.72596e-01

    2.19324e-01    -9.72502e-01
    2.19324e-01    -9.72502e-01

    3.02350e-01    -9.60322e-01
    2.65476e-01    -9.64537e-01

    2.38680e-01    -9.67601e-01
    2.65476e-01    -9.64537e-01

    2.19324e-01    -9.72502e-01
    2.38680e-01    -9.67601e-01

   -9.72502e-01     2.19324e-01
   -9.72596e-01     2.04962e-01

   -9.72502e-01     2.19324e-01
   -9.72502e-01     2.19324e-01

   -9.72502e-01     2.19324e-01
   -9.67601e-01     2.38680e-01

   -9.60322e-01     3.02350e-01
   -9.64538e-01     2.65476e-01

   -9.67601e-01     2.38680e-01
   -9.64538e-01     2.65476e-01

    9.76268e-01     5.06799e-01
    9.72838e-01     4.52767e-01

    9.76268e-01     5.06799e-01
    9.78357e-01     5.39710e-01

    9.74531e-01     5.48310e-01
    9.78357e-01     5.39710e-01

    9.74531e-01     5.48310e-01
    9.74531e-01     5.48310e-01

    9.74531e-01     5.48310e-01
    9.74531e-01     5.48310e-01

    9.74531e-01     5.48310e-01
    9.76497e-01     5.58771e-01

    5.48310e-01     9.74531e-01
    5.39710e-01     9.78357e-01

    5.48310e-01     9.74531e-01
    5.48310e-01     9.74531e-01

    5.06799e-01     9.76268e-01
    4.52767e-01     9.72838e-01

    5.06799e-01     9.76268e-01
    5.39710e-01     9.78357e-01

    5.48310e-01     9.74531e-01
    5.48310e-01     9.74531e-01

    5.48310e-01     9.74531e-01
    5.58771e-01     9.76497e-01

    3.28986e-01    -9.61865e-01
    3.02350e-01    -9.60322e-01

    3.28986e-01    -9.61865e-01
    3.28986e-01    -9.61865e-01

    3.51342e-01    -9.64602e-01
    3.90185e-01    -9.67198e-01

    4.20944e-01    -9.69254e-01
    3.90185e-01    -9.67198e-01

    3.28986e-01    -9.61865e-01
    3.51342e-01    -9.64602e-01

   -9.61865e-01     3.28986e-01
   -9.60322e-01     3.02350e-01

   -9.61865e-01     3.28986e-01
   -9.61865e-01     3.28986e-01

   -9.61865e-01     3.28986e-01
   -9.64602e-01     3.51342e-01

   -9.64602e-01     3.51342e-01
   -9.67198e-01     3.90185e-01

   -9.69254e-01     4.20944e-01
   -9.67198e-01     3.90185e-01

    9.75336e-01     5.97057e-01
    9.73885e-01     6.44899e-01

    9.75336e-01     5.97057e-01
    9.76497e-01     5.58771e-01

    9.63762e-01     6.57972e-01
    9.73885e-01     6.44899e-01

    9.63762e-01     6.57972e-01
    9.63762e-01     6.57972e-01

    9.63762e-01     6.57972e-01
    9.63762e-01     6.57972e-01

    9.64498e-01     6.80431e-01
    9.64258e-01     6.73105e-01

    9.63762e-01     6.57972e-01
    9.64136e-01     6.69383e-01

    9.64258e-01     6.73105e-01
    9.64136e-01     6.69383e-01

    6.57972e-01     9.63762e-01
    6.44900e-01     9.73885e-01

    6.57972e-01     9.63762e-01
    6.57972e-01     9.63762e-01

    5.97057e-01     9.75336e-01
    6.44900e-01     9.73885e-01

    5.97057e-01     9.75336e-01
    5.58771e-01     9.76497e-01

    6.57972e-01     9.63762e-01
    6.57972e-01     9.63762e-01

    6.80431e-01     9.64498e-01
    6.73105e-01     9.64258e-01

    6.57972e-01     9.63762e-01
    6.69383e-01     9.64136e-01

    6.73105e-01     9.64258e-01
    6.69383e-01     9.64136e-01

    4.38648e-01    -9.70064e-01
    4.20944e-01    -9.69254e-01

    4.38648e-01    -9.70064e-01
    4.38648e-01    -9.70064e-01

    4.52767e-01    -9.72838e-01
    5.06799e-01    -9.76268e-01

    5.39710e-01    -9.78357e-01
    5.06799e-01    -9.76268e-01

    4.38648e-01    -9.70064e-01
    4.52767e-01    -9.72838e-01

   -9.70064e-01     4.38648e-01
   -9.69254e-01     4.20944e-01

   -9.70064e-01     4.38648e-01
   -9.70064e-01     4.38648e-01

   -9.70064e-01     4.38648e-01
   -9.72838e-01     4.52767e-01

   -9.72838e-01     4.52767e-01
   -9.76268e-01     5.06799e-01

   -9.78357e-01     5.39710e-01
   -9.76268e-01     5.06799e-01

    5.48310e-01    -9.74531e-01
    5.39710e-01    -9.78357e-01

    5.48310e-01    -9.74531e-01
    5.48310e-01    -9.74531e-01

    5.48310e-01    -9.74531e-01
    5.48310e-01    -9.74531e-01

    6.44899e-01    -9.73885e-01
    5.97057e-01    -9.75336e-01

    5.58771e-01    -9.76497e-01
    5.97057e-01    -9.75336e-01

    5.48310e-01    -9.74531e-01
    5.58771e-01    -9.76497e-01

   -9.74531e-01     5.48310e-01
   -9.78357e-01     5.39710e-01

   -9.74531e-01     5.48310e-01
   -9.74531e-01     5.48310e-01

   -9.74531e-01     5.48310e-01
   -9.76497e-01     5.58771e-01

   -9.73885e-01     6.44899e-01
   -9.75336e-01     5.97057e-01

   -9.76497e-01     5.58771e-01
   -9.75336e-01     5.97057e-01

    6.57972e-01    -9.63762e-01
    6.44899e-01    -9.73885e-01

    6.57972e-01    -9.63762e-01
    6.57972e-01    -9.63762e-01

    6.57972e-01    -9.63762e-01
    6.69383e-01    -9.64136e-01

    6.73105e-01    -9.64258e-01
    6.69383e-01    -9.64136e-01

    6.73105e-01    -9.64258e-01
    6.80431e-01    -9.64498e-01

   -9.63762e-01     6.57972e-01
   -9.73885e-01     6.44899e-01

   -9.63762e-01     6.57972e-01
   -9.63762e-01     6.57972e-01

   -9.63762e-01     6.57972e-01
   -9.64136e-01     6.69383e-01

   -9.64258e-01     6.73105e-01
   -9.64136e-01     6.69383e-01

   -9.64498e-01     6.80431e-01
   -9.64258e-01     6.73105e-01

    9.64136e-01    -6.69383e-01
    9.63762e-01    -6.57972e-01

    9.64258e-01    -6.73105e-01
    9.64136e-01    -6.69383e-01

    9.64258e-01    -6.73105e-01
    9.64498e-01    -6.80431e-01

    9.63762e-01    -6.57972e-01
    9.63762e-01    -6.57972e-01

    9.73885e-01    -6.44899e-01
    9.63762e-01    -6.57972e-01

   -6.69383e-01     9.64136e-01
   -6.57972e-01     9.63762e-01

   -6.73105e-01     9.64258e-01
   -6.69383e-01     9.64136e-01

   -6.73105e-01     9.64258e-01
   -6.80431e-01     9.64498e-01

   -6.57972e-01     9.63762e-01
   -6.57972e-01     9.63762e-01

   -6.44899e-01     9.73885e-01
   -6.57972e-01     9.63762e-01

    9.75336e-01    -5.97057e-01
    9.73885e-01    -6.44899e-01

    9.75336e-01    -5.97057e-01
    9.76497e-01    -5.58771e-01

    9.76497e-01    -5.58771e-01
    9.74531e-01    -5.48310e-01

    9.74531e-01    -5.48310e-01
    9.74531e-01    -5.48310e-01

    9.78357e-01    -5.39710e-01
    9.74531e-01    -5.48310e-01

   -5.48310e-01     9.74531e-01
   -5.58771e-01     9.76497e-01

   -5.48310e-01     9.74531e-01
   -5.48310e-01     9.74531e-01

   -5.97057e-01     9.75336e-01
   -6.44899e-01     9.73885e-01

   -5.97057e-01     9.75336e-01
   -5.58771e-01     9.76497e-01

   -5.48310e-01     9.74531e-01
   -5.48310e-01     9.74531e-01

   -5.48310e-01     9.74531e-01
   -5.39710e-01     9.78357e-01

    9.76268e-01    -5.06799e-01
    9.72838e-01    -4.52767e-01

    9.76268e-01    -5.06799e-01
    9.78357e-01    -5.39710e-01

    9.72838e-01    -4.52767e-01
    9.70064e-01    -4.38648e-01

    9.70064e-01    -4.38648e-01
    9.70064e-01    -4.38648e-01

    9.69254e-01    -4.20944e-01
    9.70064e-01    -4.38648e-01

   -4.52767e-01     9.72838e-01
   -4.38648e-01     9.70064e-01

   -5.06799e-01     9.76268e-01
   -4.52767e-01     9.72838e-01

   -5.06799e-01     9.76268e-01
   -5.39710e-01     9.78357e-01

   -4.38648e-01     9.70064e-01
   -4.38648e-01     9.70064e-01

   -4.20944e-01     9.69254e-01
   -4.38648e-01     9.70064e-01

   -6.80431e-01    -9.64498e-01
   -6.57972e-01    -9.63762e-01

   -6.57972e-01    -9.63762e-01
   -6.80431e-01    -9.64498e-01

   -6.57972e-01    -9.63762e-01
   -6.57972e-01    -9.63762e-01

   -6.57972e-01    -9.63762e-01
   -6.57972e-01    -9.63762e-01

   -6.44900e-01    -9.73885e-01
   -5.97057e-01    -9.75336e-01

   -6.44900e-01    -9.73885e-01
   -6.44900e-01    -9.73885e-01

   -6.44900e-01    -9.73885e-01
   -6.44900e-01    -9.73885e-01

   -5.97056e-01    -9.75336e-01
   -5.97057e-01    -9.75336e-01

   -5.97056e-01    -9.75336e-01
   -5.58771e-01    -9.76497e-01

   -6.57972e-01    -9.63762e-01
   -6.44900e-01    -9.73885e-01

   -6.44900e-01    -9.73885e-01
   -6.57972e-01    -9.63762e-01

   -9.64498e-01    -6.80431e-01
   -9.63762e-01    -6.57972e-01

   -9.64498e-01    -6.80431e-01
   -9.63762e-01    -6.57972e-01

   -9.63762e-01    -6.57972e-01
   -9.63762e-01    -6.57972e-01

   -9.63762e-01    -6.57972e-01
   -9.63762e-01    -6.57972e-01

   -9.63762e-01    -6.57972e-01
   -9.73885e-01    -6.44899e-01

   -9.63762e-01    -6.57972e-01
   -9.73885e-01    -6.44899e-01

   -9.73885e-01    -6.44899e-01
   -9.75336e-01    -5.97057e-01

   -9.73885e-01    -6.44899e-01
   -9.73885e-01    -6.44899e-01

   -9.73885e-01    -6.44899e-01
   -9.73885e-01    -6.44899e-01

   -9.76497e-01    -5.58771e-01
   -9.76497e-01    -5.58771e-01

   -9.75336e-01    -5.97056e-01
   -9.75336e-01    -5.97057e-01

   -9.76497e-01    -5.58771e-01
   -9.75336e-01    -5.97056e-01

    9.67198e-01    -3.90185e-01
    9.64602e-01    -3.51342e-01

    9.67198e-01    -3.90185e-01
    9.69254e-01    -4.20944e-01

    9.64602e-01    -3.51342e-01
    9.61865e-01    -3.28986e-01

    9.61865e-01    -3.28986e-01
    9.61865e-01    -3.28986e-01

    9.60322e-01    -3.02350e-01
    9.61865e-01    -3.28986e-01

   -3.51342e-01     9.64602e-01
   -3.28986e-01     9.61865e-01

   -3.90185e-01     9.67198e-01
   -3.51342e-01     9.64602e-01

   -3.90185e-01     9.67198e-01
   -4.20944e-01     9.69254e-01

   -3.28986e-01     9.61865e-01
   -3.28986e-01     9.61865e-01

   -3.02350e-01     9.60322e-01
   -3.28986e-01     9.61865e-01

   -5.48310e-01    -9.74531e-01
   -5.48310e-01    -9.74531e-01

   -5.48310e-01    -9.74531e-01
   -5.58771e-01    -9.76497e-01

   -5.48310e-01    -9.74531e-01
   -5.48310e-01    -9.74531e-01

   -5.48310e-01    -9.74531e-01
   -5.48310e-01    -9.74531e-01

   -5.06799e-01    -9.76268e-01
   -4.52767e-01    -9.72838e-01

   -5.06799e-01    -9.76268e-01
   -4.52767e-01    -9.72838e-01

   -4.52767e-01    -9.72838e-01
   -4.52767e-01    -9.72838e-01

   -5.39710e-01    -9.78357e-01
   -5.06799e-01    -9.76268e-01

   -5.06799e-01    -9.76268e-01
   -5.06799e-01    -9.76268e-01

   -5.06799e-01    -9.76268e-01
   -5.39710e-01    -9.78357e-01

   -5.48310e-01    -9.74531e-01
   -5.39710e-01    -9.78357e-01

   -5.39710e-01    -9.78357e-01
   -5.48310e-01    -9.74531e-01

   -9.76497e-01    -5.58771e-01
   -9.74531e-01    -5.48310e-01

   -9.76497e-01    -5.58771e-01
   -9.74531e-01    -5.48310e-01

   -9.74531e-01    -5.48310e-01
   -9.74531e-01    -5.48310e-01

   -9.74531e-01    -5.48310e-01
   -9.74531e-01    -5.48310e-01

   -9.74531e-01    -5.48310e-01
   -9.78357e-01    -5.39710e-01

   -9.74531e-01    -5.48310e-01
   -9.78357e-01    -5.39710e-01

   -9.72838e-01    -4.52767e-01
   -9.76268e-01    -5.06799e-01

   -9.76268e-01    -5.06799e-01
   -9.72838e-01    -4.52767e-01

   -9.72838e-01    -4.52767e-01
   -9.72838e-01    -4.52767e-01

   -9.78357e-01    -5.39710e-01
   -9.76268e-01    -5.06799e-01

   -9.76268e-01    -5.06799e-01
   -9.76268e-01    -5.06799e-01

   -9.78357e-01    -5.39710e-01
   -9.76268e-01    -5.06799e-01

    9.64538e-01    -2.65476e-01
    9.60322e-01    -3.02350e-01

    9.64538e-01    -2.65476e-01
    9.67601e-01    -2.38680e-01

    9.67601e-01    -2.38680e-01
    9.72502e-01    -2.19324e-01

    9.72502e-01    -2.19324e-01
    9.72502e-01    -2.19324e-01

    9.72596e-01    -2.04962e-01
    9.72502e-01    -2.19324e-01

   -2.38680e-01     9.67601e-01
   -2.19324e-01     9.72502e-01

   -2.65476e-01     9.64537e-01
   -3.02350e-01     9.60322e-01

   -2.65476e-01     9.64537e-01
   -2.38680e-01     9.67601e-01

   -2.19324e-01     9.72502e-01
   -2.19324e-01     9.72502e-01

   -2.04962e-01     9.72596e-01
   -2.19324e-01     9.72502e-01

   -4.52767e-01    -9.72838e-01
   -4.38648e-01    -9.70064e-01

   -4.38648e-01    -9.70064e-01
   -4.52767e-01    -9.72838e-01

   -4.38648e-01    -9.70064e-01
   -4.38648e-01    -9.70064e-01

   -4.38648e-01    -9.70064e-01
   -4.38648e-01    -9.70064e-01

   -3.90185e-01    -9.67198e-01
   -3.51342e-01    -9.64602e-01

   -3.90185e-01    -9.67198e-01
   -3.90185e-01    -9.67198e-01

   -3.90185e-01    -9.67198e-01
   -3.51342e-01    -9.64602e-01

   -3.51342e-01    -9.64602e-01
   -3.51342e-01    -9.64602e-01

   -3.90185e-01    -9.67198e-01
   -4.20944e-01    -9.69254e-01

   -4.20944e-01    -9.69254e-01
   -4.20944e-01    -9.69254e-01

   -3.90185e-01    -9.67198e-01
   -3.90185e-01    -9.67198e-01

   -3.90185e-01    -9.67198e-01
   -3.90185e-01    -9.67198e-01

   -4.20944e-01    -9.69254e-01
   -3.90185e-01    -9.67198e-01

   -4.20944e-01    -9.69254e-01
   -4.20944e-01    -9.69254e-01

   -4.20944e-01    -9.69254e-01
   -4.38648e-01    -9.70064e-01

   -4.38648e-01    -9.70064e-01
   -4.20944e-01    -9.69254e-01

   -9.72838e-01    -4.52767e-01
   -9.70064e-01    -4.38648e-01

   -9.72838e-01    -4.52767e-01
   -9.70064e-01    -4.38648e-01

   -9.70064e-01    -4.38648e-01
   -9.70064e-01    -4.38648e-01

   -9.70064e-01    -4.38648e-01
   -9.70064e-01    -4.38648e-01

   -9.70064e-01    -4.38648e-01
   -9.69254e-01    -4.20944e-01

   -9.69254e-01    -4.20944e-01
   -9.70064e-01    -4.38648e-01

   -9.64602e-01    -3.51342e-01
   -9.67198e-01    -3.90185e-01

   -9.67198e-01    -3.90185e-01
   -9.67198e-01    -3.90185e-01

   -9.67198e-01    -3.90185e-01
   -9.64602e-01    -3.51342e-01

   -9.64602e-01    -3.51342e-01
   -9.64602e-01    -3.51342e-01

   -9.69254e-01    -4.20944e-01
   -9.67198e-01    -3.90185e-01

   -9.69254e-01    -4.20944e-01
   -9.69254e-01    -4.20944e-01

   -9.67198e-01    -3.90185e-01
   -9.67198e-01    -3.90185e-01

   -9.67198e-01    -3.90185e-01
   -9.67198e-01    -3.90185e-01

   -9.67198e-01    -3.90185e-01
   -9.69254e-01    -4.20944e-01

   -9.69254e-01    -4.20944e-01
   -9.69254e-01    -4.20944e-01

    9.72596e-01    -2.04962e-01
    9.86957e-01    -1.25418e-01

    9.86958e-01    -1.25418e-01
    9.86958e-01    -1.25418e-01

    9.86957e-01    -1.25418e-01
    9.86958e-01    -1.25418e-01

    9.90264e-01    -1.12969e-01
    9.86958e-01    -1.25418e-01

   -2.04962e-01     9.72596e-01
   -1.25418e-01     9.86957e-01

   -1.25418e-01     9.86958e-01
   -1.25418e-01     9.86958e-01

   -1.25418e-01     9.86957e-01
   -1.25418e-01     9.86958e-01

   -1.12969e-01     9.90264e-01
   -1.25418e-01     9.86958e-01

   -3.51342e-01    -9.64602e-01
   -3.28986e-01    -9.61864e-01

   -3.28986e-01    -9.61864e-01
   -3.51342e-01    -9.64602e-01

   -3.28986e-01    -9.61864e-01
   -3.28986e-01    -9.61864e-01

   -3.28986e-01    -9.61864e-01
   -3.28986e-01    -9.61864e-01

   -2.65476e-01    -9.64537e-01
   -3.02350e-01    -9.60322e-01

   -2.65476e-01    -9.64537e-01
   -3.02350e-01    -9.60322e-01

   -3.02350e-01    -9.60322e-01
   -3.02350e-01    -9.60322e-01

   -2.65476e-01    -9.64537e-01
   -2.65476e-01    -9.64537e-01

   -2.65476e-01    -9.64537e-01
   -2.65476e-01    -9.64537e-01

   -2.65476e-01    -9.64537e-01
   -2.38680e-01    -9.67601e-01

   -3.02350e-01    -9.60322e-01
   -3.28986e-01    -9.61864e-01

   -3.28986e-01    -9.61864e-01
   -3.02350e-01    -9.60322e-01

   -9.64602e-01    -3.51342e-01
   -9.61864e-01    -3.28986e-01

   -9.64602e-01    -3.51342e-01
   -9.61864e-01    -3.28986e-01

   -9.61864e-01    -3.28986e-01
   -9.61864e-01    -3.28986e-01

   -9.61864e-01    -3.28986e-01
   -9.61864e-01    -3.28986e-01

   -9.61864e-01    -3.28986e-01
   -9.60322e-01    -3.02350e-01

   -9.60322e-01    -3.02350e-01
   -9.61864e-01    -3.28986e-01

   -9.60322e-01    -3.02350e-01
   -9.64537e-01    -2.65476e-01

   -9.64537e-01    -2.65476e-01
   -9.60322e-01    -3.02350e-01

   -9.60322e-01    -3.02350e-01
   -9.60322e-01    -3.02350e-01

   -9.64537e-01    -2.65476e-01
   -9.64537e-01    -2.65476e-01

   -9.64537e-01    -2.65476e-01
   -9.64537e-01    -2.65476e-01

   -9.64537e-01    -2.65476e-01
   -9.67601e-01    -2.38680e-01

    9.92159e-01    -1.09662e-01
    9.90264e-01    -1.12969e-01

    9.92159e-01    -1.09662e-01
    9.92159e-01    -1.09662e-01

    9.92159e-01    -1.09662e-01
    9.92159e-01    -1.09662e-01

    9.92159e-01    -1.09662e-01
    9.91065e-01    -1.05555e-01

    9.93149e-01    -8.26568e-02
    9.91065e-01    -1.05555e-01

    9.93149e-01    -8.26568e-02
    9.99529e-01    -1.25709e-02

   -1.12969e-01     9.90264e-01
   -1.09662e-01     9.92159e-01

   -1.09662e-01     9.92159e-01
   -1.09662e-01     9.92159e-01

   -8.26569e-02     9.93149e-01
   -1.05555e-01     9.91065e-01

   -8.26569e-02     9.93149e-01
   -1.25709e-02     9.99529e-01

   -1.05555e-01     9.91065e-01
   -1.09662e-01     9.92159e-01

   -1.12969e-01    -9.90264e-01
   -1.12969e-01    -9.90264e-01

   -1.12969e-01    -9.90264e-01
   -1.12969e-01    -9.90264e-01

   -1.12969e-01    -9.90264e-01
   -1.25418e-01    -9.86958e-01

   -1.12969e-01    -9.90264e-01
   -1.25418e-01    -9.86958e-01

   -1.25418e-01    -9.86958e-01
   -1.25418e-01    -9.86958e-01

   -1.25418e-01    -9.86958e-01
   -1.25418e-01    -9.86958e-01

   -1.09662e-01    -9.92159e-01
   -1.09662e-01    -9.92159e-01

   -1.05555e-01    -9.91065e-01
   -1.09662e-01    -9.92159e-01

   -1.05555e-01    -9.91065e-01
   -1.05555e-01    -9.91065e-01

   -2.19324e-01    -9.72502e-01
   -2.19324e-01    -9.72502e-01

   -2.19324e-01    -9.72502e-01
   -2.38680e-01    -9.67601e-01

   -2.19324e-01    -9.72502e-01
   -2.19324e-01    -9.72502e-01

   -1.25418e-01    -9.86958e-01
   -1.25418e-01    -9.86958e-01

   -1.25418e-01    -9.86958e-01
   -1.25418e-01    -9.86958e-01

   -2.19324e-01    -9.72502e-01
   -2.19324e-01    -9.72502e-01

   -2.04962e-01    -9.72596e-01
   -1.25418e-01    -9.86958e-01

   -1.25418e-01    -9.86958e-01
   -2.04962e-01    -9.72596e-01

   -2.04962e-01    -9.72596e-01
   -2.19324e-01    -9.72502e-01

   -2.04962e-01    -9.72596e-01
   -2.19324e-01    -9.72502e-01

   -9.72502e-01    -2.19324e-01
   -9.72502e-01    -2.19324e-01

   -9.72502e-01    -2.19324e-01
   -9.67601e-01    -2.38680e-01

   -9.72502e-01    -2.19324e-01
   -9.72502e-01    -2.19324e-01

   -9.90264e-01    -1.12969e-01
   -9.86958e-01    -1.25418e-01

   -9.86958e-01    -1.25418e-01
   -9.90264e-01    -1.12969e-01

   -9.86958e-01    -1.25418e-01
   -9.86958e-01    -1.25418e-01

   -9.86958e-01    -1.25418e-01
   -9.86958e-01    -1.25418e-01

   -9.90264e-01    -1.12969e-01
   -9.90264e-01    -1.12969e-01

   -9.90264e-01    -1.12969e-01
   -9.90264e-01    -1.12969e-01

   -9.72502e-01    -2.19324e-01
   -9.72502e-01    -2.19324e-01

   -9.86958e-01    -1.25418e-01
   -9.86958e-01    -1.25418e-01

   -9.86958e-01    -1.25418e-01
   -9.86958e-01    -1.25418e-01

   -9.72596e-01    -2.04962e-01
   -9.72502e-01    -2.19324e-01

   -9.72502e-01    -2.19324e-01
   -9.72596e-01    -2.04962e-01

   -9.72596e-01    -2.04962e-01
   -9.86958e-01    -1.25418e-01

   -9.72596e-01    -2.04962e-01
   -9.86958e-01    -1.25418e-01

   -9.92159e-01    -1.09662e-01
   -9.92159e-01    -1.09662e-01

   -9.91065e-01    -1.05555e-01
   -9.92159e-01    -1.09662e-01

   -9.91065e-01    -1.05555e-01
   -9.91065e-01    -1.05555e-01

    1.00540e+00     0.00000e+00
    9.99529e-01    -1.25709e-02

    1.00540e+00     0.00000e+00
    1.00540e+00     0.00000e+00

    1.00540e+00     0.00000e+00
    1.00540e+00     0.00000e+00

    1.00540e+00     0.00000e+00
    9.99528e-01     1.25709e-02

    9.93149e-01     8.26570e-02
    9.91065e-01     1.05555e-01

    9.93149e-01     8.26570e-02
    9.99528e-01     1.25709e-02

    0.00000e+00     1.00540e+00
   -1.25709e-02     9.99529e-01

    0.00000e+00     1.00540e+00
    0.00000e+00     1.00540e+00

    0.00000e+00     1.00540e+00
    0.00000e+00     1.00540e+00

    8.26569e-02     9.93149e-01
    1.05555e-01     9.91065e-01

    8.26569e-02     9.93149e-01
    1.25709e-02     9.99529e-01

    0.00000e+00     1.00540e+00
    1.25709e-02     9.99529e-01

    0.00000e+00    -1.00540e+00
   -1.30268e-02    -9.99985e-01

    0.00000e+00    -1.00540e+00
    0.00000e+00    -1.00540e+00

   -4.63676e-02    -1.00200e+00
   -1.30268e-02    -9.99985e-01

   -4.63676e-02    -1.00200e+00
   -9.18796e-02    -1.00474e+00

    0.00000e+00    -1.00540e+00
    0.00000e+00    -1.00540e+00

    0.00000e+00    -1.00540e+00
    1.30268e-02    -9.99985e-01

   -1.00200e+00    -4.63676e-02
   -9.99984e-01    -1.30268e-02

   -1.00200e+00    -4.63676e-02
   -1.00474e+00    -9.18796e-02

   -1.00540e+00     0.00000e+00
   -9.99984e-01    -1.30268e-02

   -1.00540e+00     0.00000e+00
   -1.00540e+00     0.00000e+00

   -1.00540e+00     0.00000e+00
   -1.00540e+00     0.00000e+00

   -1.00540e+00     0.00000e+00
   -9.99984e-01     1.30268e-02

    1.01670e+00     1.09662e-01
    1.00474e+00     9.18796e-02

    1.01670e+00     1.09662e-01
    1.01670e+00     1.09662e-01

    1.01670e+00     1.09662e-01
    1.01670e+00     1.09662e-01

    1.01670e+00     1.09662e-01
    1.01230e+00     1.35006e-01

    1.01560e+00     1.57361e-01
    1.01230e+00     1.35006e-01

    1.01560e+00     1.57361e-01
    1.01988e+00     1.86400e-01

    1.09662e-01     1.01670e+00
    9.18797e-02     1.00474e+00

    1.09662e-01     1.01670e+00
    1.09662e-01     1.01670e+00

    1.09662e-01     1.01670e+00
    1.09662e-01     1.01670e+00

    1.57361e-01     1.01560e+00
    1.35006e-01     1.01230e+00

    1.57361e-01     1.01560e+00
    1.86400e-01     1.01988e+00

    1.09662e-01     1.01670e+00
    1.35006e-01     1.01230e+00

    1.09662e-01    -1.01670e+00
    9.18796e-02    -1.00474e+00

    1.09662e-01    -1.01670e+00
    1.09662e-01    -1.01670e+00

    4.63676e-02    -1.00200e+00
    1.30268e-02    -9.99985e-01

    4.63676e-02    -1.00200e+00
    9.18796e-02    -1.00474e+00

    1.09662e-01    -1.01670e+00
    1.35006e-01    -1.01230e+00

   -1.00200e+00     4.63676e-02
   -9.99984e-01     1.30268e-02

   -1.00200e+00     4.63676e-02
   -1.00474e+00     9.18796e-02

   -1.01670e+00     1.09662e-01
   -1.00474e+00     9.18796e-02

   -1.01670e+00     1.09662e-01
   -1.01670e+00     1.09662e-01

   -1.01670e+00     1.09662e-01
   -1.01670e+00     1.09662e-01

   -1.01670e+00     1.09662e-01
   -1.01230e+00     1.35006e-01

    1.04672e+00     2.19324e-01
    1.01988e+00     1.86400e-01

    1.04672e+00     2.19324e-01
    1.04672e+00     2.19324e-01

    1.04672e+00     2.19324e-01
    1.04672e+00     2.19324e-01

    1.04672e+00     2.19324e-01
    1.04672e+00     2.19324e-01

    1.04672e+00     2.19324e-01
    1.04672e+00     2.19324e-01

    1.04672e+00     2.19324e-01
    1.04651e+00     2.69432e-01

    2.19324e-01     1.04672e+00
    1.86400e-01     1.01988e+00

    2.19324e-01     1.04672e+00
    2.19324e-01     1.04672e+00

    2.19324e-01     1.04672e+00
    2.19324e-01     1.04672e+00

    2.19324e-01     1.04672e+00
    2.19324e-01     1.04672e+00

    2.19324e-01     1.04672e+00
    2.19324e-01     1.04672e+00

    2.19324e-01     1.04672e+00
    2.69432e-01     1.04651e+00

    2.19324e-01    -1.04672e+00
    1.86400e-01    -1.01988e+00

    2.19324e-01    -1.04672e+00
    2.19324e-01    -1.04672e+00

    2.19324e-01    -1.04672e+00
    2.19324e-01    -1.04672e+00

    1.57361e-01    -1.01560e+00
    1.35006e-01    -1.01230e+00

    1.57361e-01    -1.01560e+00
    1.86400e-01    -1.01988e+00

    2.69432e-01    -1.04651e+00
    2.89824e-01    -1.06083e+00

    3.01151e-01    -1.06878e+00
    2.89824e-01    -1.06083e+00

    2.19324e-01    -1.04672e+00
    2.69432e-01    -1.04651e+00

   -1.01560e+00     1.57361e-01
   -1.01230e+00     1.35006e-01

   -1.01560e+00     1.57361e-01
   -1.01988e+00     1.86400e-01

   -1.04672e+00     2.19324e-01
   -1.01988e+00     1.86400e-01

   -1.04672e+00     2.19324e-01
   -1.04672e+00     2.19324e-01

   -1.04672e+00     2.19324e-01
   -1.04672e+00     2.19324e-01

   -1.04672e+00     2.19324e-01
   -1.04651e+00     2.69432e-01

   -1.04651e+00     2.69432e-01
   -1.06083e+00     2.89824e-01

   -1.06878e+00     3.01151e-01
   -1.06083e+00     2.89824e-01

    1.06083e+00     2.89824e-01
    1.04651e+00     2.69432e-01

    1.06083e+00     2.89824e-01
    1.06878e+00     3.01151e-01

    1.09046e+00     3.28986e-01
    1.06878e+00     3.01151e-01

    1.09046e+00     3.28986e-01
    1.09046e+00     3.28986e-01

    1.09046e+00     3.28986e-01
    1.09046e+00     3.28986e-01

    1.09046e+00     3.28986e-01
    1.09086e+00     3.34742e-01

    3.28986e-01     1.09046e+00
    3.01151e-01     1.06878e+00

    3.28986e-01     1.09046e+00
    3.28986e-01     1.09046e+00

    2.89824e-01     1.06083e+00
    2.69432e-01     1.04651e+00

    2.89824e-01     1.06083e+00
    3.01151e-01     1.06878e+00

    3.28986e-01     1.09046e+00
    3.28986e-01     1.09046e+00

    3.28986e-01     1.09046e+00
    3.34742e-01     1.09086e+00

    3.28986e-01    -1.09045e+00
    3.01151e-01    -1.06878e+00

    3.28986e-01    -1.09045e+00
    3.28986e-01    -1.09045e+00

    3.45270e-01    -1.09662e+00
    3.34742e-01    -1.09086e+00

    3.28986e-01    -1.09045e+00
    3.34742e-01    -1.09086e+00

   -1.09045e+00     3.28986e-01
   -1.06878e+00     3.01151e-01

   -1.09045e+00     3.28986e-01
   -1.09045e+00     3.28986e-01

    1.09662e+00     3.45270e-01
    1.09662e+00     3.45270e-01

   -1.09662e+00     3.45270e-01
   -1.09662e+00     3.45270e-01

   -1.09045e+00     3.28986e-01
   -1.09086e+00     3.34742e-01

   -1.09662e+00     3.45270e-01
   -1.09086e+00     3.34742e-01

    1.09662e+00     3.45270e-01
    1.09086e+00     3.34742e-01

   -1.09662e+00     3.45270e-01
   -1.09662e+00     3.45270e-01

    1.09662e+00     3.45270e-01
    1.09662e+00     3.45270e-01

    3.45270e-01     1.09662e+00
    3.34742e-01     1.09086e+00

    3.45270e-01    -1.09662e+00
    3.45270e-01    -1.09662e+00

    3.45270e-01     1.09662e+00
    3.45270e-01     1.09662e+00

   -3.45270e-01    -1.09662e+00
   -3.45270e-01    -1.09662e+00

   -3.45270e-01     1.09662e+00
   -3.45270e-01     1.09662e+00

   -3.34742e-01    -1.09086e+00
   -3.45270e-01    -1.09662e+00

   -3.45270e-01    -1.09662e+00
   -3.34742e-01    -1.09086e+00

   -1.09662e+00    -3.45270e-01
   -1.09662e+00    -3.45270e-01

    1.09662e+00    -3.45270e-01
    1.09662e+00    -3.45270e-01

   -1.09662e+00    -3.45270e-01
   -1.09086e+00    -3.34742e-01

   -1.09086e+00    -3.34742e-01
   -1.09662e+00    -3.45270e-01

    1.09662e+00    -3.45270e-01
    1.09086e+00    -3.34742e-01

   -1.09662e+00    -3.45270e-01
   -1.09662e+00    -3.45270e-01

    1.09662e+00    -3.45270e-01
    1.09662e+00    -3.45270e-01

    1.09086e+00    -3.34742e-01
    1.09045e+00    -3.28986e-01

    1.09045e+00    -3.28986e-01
    1.09045e+00    -3.28986e-01

    1.06878e+00    -3.01151e-01
    1.09045e+00    -3.28986e-01

   -3.34742e-01     1.09086e+00
   -3.28986e-01     1.09045e+00

   -3.34742e-01     1.09086e+00
   -3.45270e-01     1.09662e+00

   -3.28986e-01     1.09045e+00
   -3.28986e-01     1.09045e+00

   -3.01151e-01     1.06878e+00
   -3.28986e-01     1.09045e+00

   -3.34742e-01    -1.09086e+00
   -3.28986e-01    -1.09046e+00

   -3.28986e-01    -1.09046e+00
   -3.34742e-01    -1.09086e+00

   -3.28986e-01    -1.09046e+00
   -3.28986e-01    -1.09046e+00

   -3.28986e-01    -1.09046e+00
   -3.28986e-01    -1.09046e+00

   -2.89824e-01    -1.06083e+00
   -2.69432e-01    -1.04651e+00

   -2.89824e-01    -1.06083e+00
   -2.69432e-01    -1.04651e+00

   -2.69432e-01    -1.04651e+00
   -2.69432e-01    -1.04651e+00

   -3.01151e-01    -1.06878e+00
   -2.89824e-01    -1.06083e+00

   -2.89824e-01    -1.06083e+00
   -2.89824e-01    -1.06083e+00

   -2.89824e-01    -1.06083e+00
   -3.01151e-01    -1.06878e+00

   -3.01151e-01    -1.06878e+00
   -3.28986e-01    -1.09046e+00

   -3.28986e-01    -1.09046e+00
   -3.01151e-01    -1.06878e+00

   -1.09086e+00    -3.34742e-01
   -1.09046e+00    -3.28986e-01

   -1.09086e+00    -3.34742e-01
   -1.09046e+00    -3.28986e-01

   -1.09046e+00    -3.28986e-01
   -1.09046e+00    -3.28986e-01

   -1.09046e+00    -3.28986e-01
   -1.09046e+00    -3.28986e-01

   -1.09046e+00    -3.28986e-01
   -1.06878e+00    -3.01151e-01

   -1.06878e+00    -3.01151e-01
   -1.09046e+00    -3.28986e-01

   -1.04651e+00    -2.69432e-01
   -1.06083e+00    -2.89824e-01

   -1.06083e+00    -2.89824e-01
   -1.04651e+00    -2.69432e-01

   -1.04651e+00    -2.69432e-01
   -1.04651e+00    -2.69432e-01

   -1.06878e+00    -3.01151e-01
   -1.06083e+00    -2.89824e-01

   -1.06083e+00    -2.89824e-01
   -1.06083e+00    -2.89824e-01

   -1.06878e+00    -3.01151e-01
   -1.06083e+00    -2.89824e-01

    1.06083e+00    -2.89824e-01
    1.04651e+00    -2.69432e-01

    1.06083e+00    -2.89824e-01
    1.06878e+00    -3.01151e-01

    1.04651e+00    -2.69432e-01
    1.04672e+00    -2.19324e-01

    1.04672e+00    -2.19324e-01
    1.04672e+00    -2.19324e-01

    1.04672e+00    -2.19324e-01
    1.04672e+00    -2.19324e-01

    1.01988e+00    -1.86400e-01
    1.04672e+00    -2.19324e-01

    1.01560e+00    -1.57361e-01
    1.01230e+00    -1.35006e-01

    1.01560e+00    -1.57361e-01
    1.01988e+00    -1.86400e-01

   -2.69432e-01     1.04651e+00
   -2.19324e-01     1.04672e+00

   -2.89824e-01     1.06083e+00
   -2.69432e-01     1.04651e+00

   -2.89824e-01     1.06083e+00
   -3.01151e-01     1.06878e+00

   -2.19324e-01     1.04672e+00
   -2.19324e-01     1.04672e+00

   -2.19324e-01     1.04672e+00
   -2.19324e-01     1.04672e+00

   -1.57361e-01     1.01560e+00
   -1.35006e-01     1.01230e+00

   -1.57361e-01     1.01560e+00
   -1.86400e-01     1.01988e+00

   -1.86400e-01     1.01988e+00
   -2.19324e-01     1.04672e+00

   -2.69432e-01    -1.04651e+00
   -2.19324e-01    -1.04672e+00

   -2.19324e-01    -1.04672e+00
   -2.69432e-01    -1.04651e+00

   -2.19324e-01    -1.04672e+00
   -2.19324e-01    -1.04672e+00

   -2.19324e-01    -1.04672e+00
   -2.19324e-01    -1.04672e+00

   -2.19324e-01    -1.04672e+00
   -2.19324e-01    -1.04672e+00

   -2.19324e-01    -1.04672e+00
   -2.19324e-01    -1.04672e+00

   -2.19324e-01    -1.04672e+00
   -2.19324e-01    -1.04672e+00

   -2.19324e-01    -1.04672e+00
   -1.86400e-01    -1.01988e+00

   -1.04651e+00    -2.69432e-01
   -1.04672e+00    -2.19324e-01

   -1.04651e+00    -2.69432e-01
   -1.04672e+00    -2.19324e-01

   -1.04672e+00    -2.19324e-01
   -1.04672e+00    -2.19324e-01

   -1.04672e+00    -2.19324e-01
   -1.04672e+00    -2.19324e-01

   -1.04672e+00    -2.19324e-01
   -1.04672e+00    -2.19324e-01

   -1.04672e+00    -2.19324e-01
   -1.04672e+00    -2.19324e-01

   -1.04672e+00    -2.19324e-01
   -1.04672e+00    -2.19324e-01

   -1.04672e+00    -2.19324e-01
   -1.01988e+00    -1.86400e-01

    1.01670e+00    -1.09662e-01
    1.01230e+00    -1.35006e-01

    1.01670e+00    -1.09662e-01
    1.01670e+00    -1.09662e-01

    1.01670e+00    -1.09662e-01
    1.01670e+00    -1.09662e-01

    1.01670e+00    -1.09662e-01
    1.00474e+00    -9.18796e-02

    1.00200e+00    -4.63676e-02
    9.99984e-01    -1.30268e-02

    1.00200e+00    -4.63676e-02
    1.00474e+00    -9.18796e-02

   -1.35006e-01     1.01230e+00
   -1.09662e-01     1.01670e+00

   -1.09662e-01     1.01670e+00
   -1.09662e-01     1.01670e+00

   -4.63676e-02     1.00200e+00
   -1.30268e-02     9.99985e-01

   -4.63676e-02     1.00200e+00
   -9.18796e-02     1.00474e+00

   -9.18796e-02     1.00474e+00
   -1.09662e-01     1.01670e+00

   -1.35006e-01    -1.01230e+00
   -1.09662e-01    -1.01670e+00

   -1.09662e-01    -1.01670e+00
   -1.35006e-01    -1.01230e+00

   -1.09662e-01    -1.01670e+00
   -1.09662e-01    -1.01670e+00

   -1.57361e-01    -1.01560e+00
   -1.35006e-01    -1.01230e+00

   -1.35006e-01    -1.01230e+00
   -1.57361e-01    -1.01560e+00

   -1.57361e-01    -1.01560e+00
   -1.57361e-01    -1.01560e+00

   -1.57361e-01    -1.01560e+00
   -1.57361e-01    -1.01560e+00

   -1.86400e-01    -1.01988e+00
   -1.86400e-01    -1.01988e+00

   -1.57361e-01    -1.01560e+00
   -1.86400e-01    -1.01988e+00

   -1.09662e-01    -1.01670e+00
   -1.09662e-01    -1.01670e+00

   -9.18798e-02    -1.00474e+00
   -1.09662e-01    -1.01670e+00

   -1.09662e-01    -1.01670e+00
   -9.18798e-02    -1.00474e+00

   -1.01230e+00    -1.35006e-01
   -1.01560e+00    -1.57361e-01

   -1.01560e+00    -1.57361e-01
   -1.01230e+00    -1.35006e-01

   -1.01560e+00    -1.57361e-01
   -1.01560e+00    -1.57361e-01

   -1.01560e+00    -1.57361e-01
   -1.01560e+00    -1.57361e-01

   -1.01988e+00    -1.86400e-01
   -1.01988e+00    -1.86400e-01

   -1.01560e+00    -1.57361e-01
   -1.01988e+00    -1.86400e-01

   -1.01230e+00    -1.35006e-01
   -1.01670e+00    -1.09662e-01

   -1.01230e+00    -1.35006e-01
   -1.01670e+00    -1.09662e-01

   -1.01670e+00    -1.09662e-01
   -1.01670e+00    -1.09662e-01

   -1.01670e+00    -1.09662e-01
   -1.01670e+00    -1.09662e-01

   -1.01670e+00    -1.09662e-01
   -1.00474e+00    -9.18796e-02

   -1.00474e+00    -9.18796e-02
   -1.01670e+00    -1.09662e-01

    1.00540e+00     0.00000e+00
    9.99984e-01    -1.30268e-02

    1.00540e+00     0.00000e+00
    1.00540e+00     0.00000e+00

    1.00540e+00     0.00000e+00
    1.00540e+00     0.00000e+00

    1.00540e+00     0.00000e+00
    9.99984e-01     1.30268e-02

    1.00200e+00     4.63676e-02
    9.99984e-01     1.30268e-02

    1.00200e+00     4.63676e-02
    1.00474e+00     9.18796e-02

    0.00000e+00     1.00540e+00
   -1.30268e-02     9.99985e-01

    0.00000e+00     1.00540e+00
    0.00000e+00     1.00540e+00

    0.00000e+00     1.00540e+00
    0.00000e+00     1.00540e+00

    4.63676e-02     1.00200e+00
    1.30268e-02     9.99985e-01

    4.63676e-02     1.00200e+00
    9.18796e-02     1.00474e+00

    0.00000e+00     1.00540e+00
    1.30268e-02     9.99985e-01

