   -2.26662e-01    -7.74972e-01
   -2.19324e-01    -7.73210e-01

   -2.40075e-01    -7.79533e-01
   -2.26662e-01    -7.74972e-01

   -2.40075e-01    -7.79533e-01
   -2.97544e-01    -7.99075e-01

   -2.19324e-01    -7.73210e-01
   -2.19324e-01    -7.73210e-01

   -2.15226e-01    -7.71732e-01
   -2.19324e-01    -7.73210e-01

   -7.79533e-01    -2.40075e-01
   -7.74972e-01    -2.26662e-01

   -7.79533e-01    -2.40075e-01
   -7.99075e-01    -2.97544e-01

   -7.74972e-01    -2.26662e-01
   -7.73210e-01    -2.19324e-01

   -7.73210e-01    -2.19324e-01
   -7.73210e-01    -2.19324e-01

   -7.71732e-01    -2.15226e-01
   -7.73210e-01    -2.19324e-01

    8.09418e-01     3.28986e-01
    7.99075e-01     2.97545e-01

    8.09418e-01     3.28986e-01
    8.09418e-01     3.28986e-01

    7.67634e-01     4.18613e-01
    7.57921e-01     4.28935e-01

    7.67634e-01     4.18613e-01
    7.67634e-01     4.18613e-01

    7.67634e-01     4.18613e-01
    7.67634e-01     4.18613e-01

    7.55881e-01     4.38648e-01
    7.57921e-01     4.28935e-01

    7.55881e-01     4.38648e-01
    7.55881e-01     4.38648e-01

    7.55881e-01     4.38648e-01
    7.55881e-01     4.38648e-01

    8.09418e-01     3.28986e-01
    8.09418e-01     3.28986e-01

    7.67634e-01     4.18613e-01
    7.67634e-01     4.18613e-01

    7.67634e-01     4.18613e-01
    7.67634e-01     4.18613e-01

    8.09418e-01     3.28986e-01
    7.96856e-01     3.58208e-01

    7.67634e-01     4.18613e-01
    7.96856e-01     3.58208e-01

    7.55881e-01     4.38648e-01
    7.55881e-01     4.38648e-01

    7.55881e-01     4.38648e-01
    7.55881e-01     4.38648e-01

    7.55881e-01     4.38648e-01
    7.07022e-01     4.87698e-01

    6.96264e-01     5.05505e-01
    6.89377e-01     5.16905e-01

    6.96264e-01     5.05505e-01
    7.07022e-01     4.87698e-01

    6.05277e-01     6.00325e-01
    6.07907e-01     5.98374e-01

    6.05277e-01     6.00325e-01
    6.02434e-01     6.02434e-01

    6.00325e-01     6.05277e-01
    5.98374e-01     6.07907e-01

    6.00325e-01     6.05277e-01
    6.02434e-01     6.02434e-01

    4.38648e-01     7.55881e-01
    4.28935e-01     7.57921e-01

    4.38648e-01     7.55881e-01
    4.38648e-01     7.55881e-01

    4.38648e-01     7.55881e-01
    4.38648e-01     7.55881e-01

    4.18613e-01     7.67634e-01
    4.28935e-01     7.57921e-01

    4.18613e-01     7.67634e-01
    4.18613e-01     7.67634e-01

    4.18613e-01     7.67634e-01
    4.18613e-01     7.67634e-01

    4.38648e-01     7.55881e-01
    4.38648e-01     7.55881e-01

    4.38648e-01     7.55881e-01
    4.38648e-01     7.55881e-01

    5.05505e-01     6.96264e-01
    5.16905e-01     6.89377e-01

    5.05505e-01     6.96264e-01
    4.87698e-01     7.07022e-01

    4.38648e-01     7.55881e-01
    4.87698e-01     7.07022e-01

    3.28986e-01     8.09418e-01
    2.97545e-01     7.99075e-01

    3.28986e-01     8.09418e-01
    3.28986e-01     8.09418e-01

    4.18613e-01     7.67634e-01
    4.18613e-01     7.67634e-01

    4.18613e-01     7.67634e-01
    4.18613e-01     7.67634e-01

    3.28986e-01     8.09418e-01
    3.28986e-01     8.09418e-01

    4.18613e-01     7.67634e-01
    3.58208e-01     7.96856e-01

    3.28986e-01     8.09418e-01
    3.58208e-01     7.96856e-01

   -2.15226e-01    -7.71732e-01
   -2.02804e-01    -7.67634e-01

   -2.02804e-01    -7.67634e-01
   -2.02804e-01    -7.67634e-01

   -2.02804e-01    -7.67634e-01
   -2.02804e-01    -7.67634e-01

   -1.29259e-01    -7.48036e-01
   -2.02804e-01    -7.67634e-01

   -7.71732e-01    -2.15226e-01
   -7.67634e-01    -2.02804e-01

   -7.67634e-01    -2.02804e-01
   -7.67634e-01    -2.02804e-01

   -7.67634e-01    -2.02804e-01
   -7.67634e-01    -2.02804e-01

   -7.48036e-01    -1.29259e-01
   -7.67634e-01    -2.02804e-01

    6.75869e-01     5.48310e-01
    6.89377e-01     5.16905e-01

    6.75869e-01     5.48310e-01
    6.75869e-01     5.48310e-01

    6.57972e-01     5.68861e-01
    6.07907e-01     5.98374e-01

    6.57972e-01     5.68861e-01
    6.57972e-01     5.68861e-01

    5.68861e-01     6.57972e-01
    5.98374e-01     6.07907e-01

    5.68861e-01     6.57972e-01
    5.68861e-01     6.57972e-01

    6.75869e-01     5.48310e-01
    6.75869e-01     5.48310e-01

    6.57972e-01     5.68861e-01
    6.57972e-01     5.68861e-01

    6.75869e-01     5.48310e-01
    6.66992e-01     5.57330e-01

    6.57972e-01     5.68861e-01
    6.66992e-01     5.57330e-01

    5.48310e-01     6.75869e-01
    5.16905e-01     6.89377e-01

    5.48310e-01     6.75869e-01
    5.48310e-01     6.75869e-01

    5.68861e-01     6.57972e-01
    5.68861e-01     6.57972e-01

    5.48310e-01     6.75869e-01
    5.48310e-01     6.75869e-01

    5.68861e-01     6.57972e-01
    5.57330e-01     6.66992e-01

    5.48310e-01     6.75869e-01
    5.57330e-01     6.66992e-01

   -1.29259e-01    -7.48036e-01
   -1.09662e-01    -7.42201e-01

   -1.09662e-01    -7.42201e-01
   -1.09662e-01    -7.42201e-01

   -3.55667e-02    -7.32067e-01
   -5.84683e-02    -7.34426e-01

   -7.85204e-02    -7.36492e-01
   -5.84683e-02    -7.34426e-01

   -7.85204e-02    -7.36492e-01
   -1.09662e-01    -7.42201e-01

   -7.42201e-01    -1.09662e-01
   -7.48036e-01    -1.29259e-01

   -7.42201e-01    -1.09662e-01
   -7.42201e-01    -1.09662e-01

   -7.42201e-01    -1.09662e-01
   -7.42201e-01    -1.09662e-01

   -7.42201e-01    -1.09662e-01
   -7.36492e-01    -7.85204e-02

   -7.32067e-01    -3.55667e-02
   -7.34426e-01    -5.84683e-02

   -7.36492e-01    -7.85204e-02
   -7.34426e-01    -5.84683e-02

    0.00000e+00    -7.30021e-01
   -3.55667e-02    -7.32067e-01

    0.00000e+00    -7.30021e-01
    0.00000e+00    -7.30021e-01

    0.00000e+00    -7.30021e-01
    0.00000e+00    -7.30021e-01

    3.55667e-02    -7.32067e-01
    5.84683e-02    -7.34426e-01

    7.85204e-02    -7.36492e-01
    5.84683e-02    -7.34426e-01

    0.00000e+00    -7.30021e-01
    3.55667e-02    -7.32067e-01

   -7.30021e-01     0.00000e+00
   -7.32067e-01    -3.55667e-02

   -7.30021e-01     0.00000e+00
   -7.30021e-01     0.00000e+00

   -7.30021e-01     0.00000e+00
   -7.30021e-01     0.00000e+00

   -7.30021e-01     0.00000e+00
   -7.32067e-01     3.55667e-02

   -7.32067e-01     3.55667e-02
   -7.34426e-01     5.84683e-02

   -7.36492e-01     7.85204e-02
   -7.34426e-01     5.84683e-02

    2.15226e-01    -7.71731e-01
    2.19324e-01    -7.73210e-01

    2.15226e-01    -7.71731e-01
    2.02804e-01    -7.67634e-01

    2.19324e-01    -7.73210e-01
    2.19324e-01    -7.73210e-01

    2.26662e-01    -7.74972e-01
    2.19324e-01    -7.73210e-01

    1.09662e-01    -7.42201e-01
    7.85204e-02    -7.36492e-01

    1.09662e-01    -7.42201e-01
    1.09662e-01    -7.42201e-01

    2.02804e-01    -7.67634e-01
    2.02804e-01    -7.67634e-01

    2.02804e-01    -7.67634e-01
    2.02804e-01    -7.67634e-01

    1.29259e-01    -7.48036e-01
    2.02804e-01    -7.67634e-01

    1.09662e-01    -7.42201e-01
    1.29259e-01    -7.48036e-01

   -7.36492e-01     7.85204e-02
   -7.42201e-01     1.09662e-01

   -7.67634e-01     2.02804e-01
   -7.71732e-01     2.15226e-01

   -7.67634e-01     2.02804e-01
   -7.67634e-01     2.02804e-01

   -7.67634e-01     2.02804e-01
   -7.67634e-01     2.02804e-01

   -7.73210e-01     2.19324e-01
   -7.71732e-01     2.15226e-01

   -7.73210e-01     2.19324e-01
   -7.73210e-01     2.19324e-01

   -7.42201e-01     1.09662e-01
   -7.42201e-01     1.09662e-01

   -7.67634e-01     2.02804e-01
   -7.67634e-01     2.02804e-01

   -7.67634e-01     2.02804e-01
   -7.67634e-01     2.02804e-01

   -7.48036e-01     1.29259e-01
   -7.42201e-01     1.09662e-01

   -7.67634e-01     2.02804e-01
   -7.48036e-01     1.29259e-01

   -7.73210e-01     2.19324e-01
   -7.74972e-01     2.26662e-01

    3.28986e-01    -8.09418e-01
    2.97544e-01    -7.99075e-01

    3.28986e-01    -8.09418e-01
    3.28986e-01    -8.09418e-01

    2.40075e-01    -7.79533e-01
    2.26662e-01    -7.74972e-01

    2.40075e-01    -7.79533e-01
    2.97544e-01    -7.99075e-01

    3.28986e-01    -8.09418e-01
    3.58208e-01    -7.96856e-01

   -7.79533e-01     2.40075e-01
   -7.74972e-01     2.26662e-01

   -7.79533e-01     2.40075e-01
   -7.99075e-01     2.97544e-01

   -8.09418e-01     3.28986e-01
   -7.99075e-01     2.97544e-01

   -8.09418e-01     3.28986e-01
   -8.09418e-01     3.28986e-01

   -8.09418e-01     3.28986e-01
   -7.96856e-01     3.58208e-01

    4.18613e-01    -7.67634e-01
    3.58208e-01    -7.96856e-01

    4.18613e-01    -7.67634e-01
    4.18613e-01    -7.67634e-01

    4.18613e-01    -7.67634e-01
    4.18613e-01    -7.67634e-01

    4.18613e-01    -7.67634e-01
    4.18613e-01    -7.67634e-01

    4.18613e-01    -7.67634e-01
    4.18613e-01    -7.67634e-01

    4.18613e-01    -7.67634e-01
    4.28935e-01    -7.57921e-01

   -7.67634e-01     4.18613e-01
   -7.96856e-01     3.58208e-01

   -7.67634e-01     4.18613e-01
   -7.67634e-01     4.18613e-01

   -7.67634e-01     4.18613e-01
   -7.67634e-01     4.18613e-01

   -7.67634e-01     4.18613e-01
   -7.67634e-01     4.18613e-01

   -7.67634e-01     4.18613e-01
   -7.67634e-01     4.18613e-01

   -7.67634e-01     4.18613e-01
   -7.57921e-01     4.28935e-01

    4.28935e-01    -7.57921e-01
    4.38648e-01    -7.55881e-01

    4.38648e-01    -7.55881e-01
    4.38648e-01    -7.55881e-01

    4.38648e-01    -7.55881e-01
    4.38648e-01    -7.55881e-01

    4.87698e-01    -7.07022e-01
    4.38648e-01    -7.55881e-01

   -7.57921e-01     4.28935e-01
   -7.55881e-01     4.38648e-01

   -7.55881e-01     4.38648e-01
   -7.55881e-01     4.38648e-01

   -7.55881e-01     4.38648e-01
   -7.55881e-01     4.38648e-01

   -7.07022e-01     4.87698e-01
   -7.55881e-01     4.38648e-01

    5.16905e-01    -6.89377e-01
    5.48310e-01    -6.75869e-01

    5.05504e-01    -6.96264e-01
    5.16905e-01    -6.89377e-01

    5.05504e-01    -6.96264e-01
    4.87698e-01    -7.07022e-01

    5.48310e-01    -6.75869e-01
    5.48310e-01    -6.75869e-01

    5.57330e-01    -6.66992e-01
    5.48310e-01    -6.75869e-01

   -6.96264e-01     5.05505e-01
   -6.89377e-01     5.16905e-01

   -6.96264e-01     5.05505e-01
   -7.07022e-01     4.87698e-01

   -6.89377e-01     5.16905e-01
   -6.75869e-01     5.48310e-01

   -6.75869e-01     5.48310e-01
   -6.75869e-01     5.48310e-01

   -6.66992e-01     5.57330e-01
   -6.75869e-01     5.48310e-01

    5.57330e-01    -6.66992e-01
    5.68861e-01    -6.57972e-01

    5.68861e-01    -6.57972e-01
    5.68861e-01    -6.57972e-01

    5.98374e-01    -6.07907e-01
    5.68861e-01    -6.57972e-01

    6.00325e-01    -6.05278e-01
    5.98374e-01    -6.07907e-01

    6.00325e-01    -6.05278e-01
    6.02434e-01    -6.02434e-01

   -6.66992e-01     5.57330e-01
   -6.57972e-01     5.68861e-01

   -6.57972e-01     5.68861e-01
   -6.57972e-01     5.68861e-01

   -6.05278e-01     6.00325e-01
   -6.07907e-01     5.98374e-01

   -6.05278e-01     6.00325e-01
   -6.02434e-01     6.02434e-01

   -6.07907e-01     5.98374e-01
   -6.57972e-01     5.68861e-01

    6.57972e-01    -5.68861e-01
    6.07907e-01    -5.98374e-01

    6.57972e-01    -5.68861e-01
    6.57972e-01    -5.68861e-01

    6.05278e-01    -6.00325e-01
    6.07907e-01    -5.98374e-01

    6.05278e-01    -6.00325e-01
    6.02434e-01    -6.02434e-01

    6.57972e-01    -5.68861e-01
    6.66992e-01    -5.57330e-01

   -6.00325e-01     6.05278e-01
   -5.98374e-01     6.07907e-01

   -6.00325e-01     6.05278e-01
   -6.02434e-01     6.02434e-01

   -5.68861e-01     6.57972e-01
   -5.98374e-01     6.07907e-01

   -5.68861e-01     6.57972e-01
   -5.68861e-01     6.57972e-01

   -5.68861e-01     6.57972e-01
   -5.57330e-01     6.66992e-01

    6.75869e-01    -5.48310e-01
    6.66992e-01    -5.57330e-01

    6.75869e-01    -5.48310e-01
    6.75869e-01    -5.48310e-01

    6.75869e-01    -5.48310e-01
    6.89377e-01    -5.16905e-01

    6.96264e-01    -5.05505e-01
    6.89377e-01    -5.16905e-01

    6.96264e-01    -5.05505e-01
    7.07022e-01    -4.87698e-01

   -5.48310e-01     6.75869e-01
   -5.57330e-01     6.66992e-01

   -5.48310e-01     6.75869e-01
   -5.48310e-01     6.75869e-01

   -5.05505e-01     6.96264e-01
   -5.16905e-01     6.89377e-01

   -5.05505e-01     6.96264e-01
   -4.87698e-01     7.07022e-01

   -5.48310e-01     6.75869e-01
   -5.16905e-01     6.89377e-01

    7.55881e-01    -4.38648e-01
    7.07022e-01    -4.87698e-01

    7.55881e-01    -4.38648e-01
    7.55881e-01    -4.38648e-01

    7.55881e-01    -4.38648e-01
    7.55881e-01    -4.38648e-01

    7.55881e-01    -4.38648e-01
    7.57921e-01    -4.28935e-01

   -4.38648e-01     7.55881e-01
   -4.87698e-01     7.07022e-01

   -4.38648e-01     7.55881e-01
   -4.38648e-01     7.55881e-01

   -4.38648e-01     7.55881e-01
   -4.38648e-01     7.55881e-01

   -4.38648e-01     7.55881e-01
   -4.28935e-01     7.57921e-01

    7.67634e-01    -4.18613e-01
    7.57921e-01    -4.28935e-01

    7.67634e-01    -4.18613e-01
    7.67634e-01    -4.18613e-01

    7.67634e-01    -4.18613e-01
    7.67634e-01    -4.18613e-01

    7.67634e-01    -4.18613e-01
    7.67634e-01    -4.18613e-01

    7.67634e-01    -4.18613e-01
    7.67634e-01    -4.18613e-01

    7.67634e-01    -4.18613e-01
    7.96856e-01    -3.58208e-01

   -4.18613e-01     7.67634e-01
   -4.28935e-01     7.57921e-01

   -4.18613e-01     7.67634e-01
   -4.18613e-01     7.67634e-01

   -4.18613e-01     7.67634e-01
   -4.18613e-01     7.67634e-01

   -4.18613e-01     7.67634e-01
   -4.18613e-01     7.67634e-01

   -4.18613e-01     7.67634e-01
   -4.18613e-01     7.67634e-01

   -4.18613e-01     7.67634e-01
   -3.58208e-01     7.96856e-01

    7.96856e-01    -3.58208e-01
    8.09418e-01    -3.28986e-01

    8.09418e-01    -3.28986e-01
    8.09418e-01    -3.28986e-01

    7.99075e-01    -2.97544e-01
    8.09418e-01    -3.28986e-01

    7.79533e-01    -2.40075e-01
    7.74972e-01    -2.26662e-01

    7.79533e-01    -2.40075e-01
    7.99075e-01    -2.97544e-01

   -3.58208e-01     7.96856e-01
   -3.28986e-01     8.09418e-01

   -3.28986e-01     8.09418e-01
   -3.28986e-01     8.09418e-01

   -2.40075e-01     7.79533e-01
   -2.26662e-01     7.74972e-01

   -2.40075e-01     7.79533e-01
   -2.97544e-01     7.99075e-01

   -2.97544e-01     7.99075e-01
   -3.28986e-01     8.09418e-01

    7.74972e-01    -2.26662e-01
    7.73210e-01    -2.19324e-01

    7.67634e-01    -2.02804e-01
    7.48036e-01    -1.29259e-01

    7.67634e-01    -2.02804e-01
    7.67634e-01    -2.02804e-01

    7.67634e-01    -2.02804e-01
    7.67634e-01    -2.02804e-01

    7.42201e-01    -1.09662e-01
    7.48036e-01    -1.29259e-01

    7.42201e-01    -1.09662e-01
    7.42201e-01    -1.09662e-01

    7.73210e-01    -2.19324e-01
    7.73210e-01    -2.19324e-01

    7.67634e-01    -2.02804e-01
    7.67634e-01    -2.02804e-01

    7.67634e-01    -2.02804e-01
    7.67634e-01    -2.02804e-01

    7.71732e-01    -2.15226e-01
    7.73210e-01    -2.19324e-01

    7.67634e-01    -2.02804e-01
    7.71732e-01    -2.15226e-01

    7.42201e-01    -1.09662e-01
    7.36492e-01    -7.85204e-02

   -1.29259e-01     7.48036e-01
   -1.09662e-01     7.42201e-01

   -2.02804e-01     7.67634e-01
   -1.29259e-01     7.48036e-01

   -2.02804e-01     7.67634e-01
   -2.02804e-01     7.67634e-01

   -2.02804e-01     7.67634e-01
   -2.02804e-01     7.67634e-01

   -1.09662e-01     7.42201e-01
   -1.09662e-01     7.42201e-01

   -7.85204e-02     7.36492e-01
   -1.09662e-01     7.42201e-01

   -2.19324e-01     7.73210e-01
   -2.26662e-01     7.74972e-01

   -2.19324e-01     7.73210e-01
   -2.19324e-01     7.73210e-01

   -2.02804e-01     7.67634e-01
   -2.15226e-01     7.71731e-01

   -2.19324e-01     7.73210e-01
   -2.15226e-01     7.71731e-01

    7.34426e-01    -5.84683e-02
    7.32067e-01    -3.55667e-02

    7.34426e-01    -5.84683e-02
    7.36492e-01    -7.85204e-02

    7.30021e-01     0.00000e+00
    7.32067e-01    -3.55667e-02

    7.30021e-01     0.00000e+00
    7.30021e-01     0.00000e+00

    7.30021e-01     0.00000e+00
    7.30021e-01     0.00000e+00

    7.30021e-01     0.00000e+00
    7.32067e-01     3.55667e-02

    0.00000e+00     7.30021e-01
   -3.55667e-02     7.32067e-01

    0.00000e+00     7.30021e-01
    0.00000e+00     7.30021e-01

   -5.84683e-02     7.34426e-01
   -3.55667e-02     7.32067e-01

   -5.84683e-02     7.34426e-01
   -7.85204e-02     7.36492e-01

    0.00000e+00     7.30021e-01
    0.00000e+00     7.30021e-01

    0.00000e+00     7.30021e-01
    3.55667e-02     7.32067e-01

    7.34426e-01     5.84683e-02
    7.32067e-01     3.55667e-02

    7.34426e-01     5.84683e-02
    7.36492e-01     7.85204e-02

    7.42201e-01     1.09662e-01
    7.36492e-01     7.85204e-02

    7.42201e-01     1.09662e-01
    7.42201e-01     1.09662e-01

    7.42201e-01     1.09662e-01
    7.42201e-01     1.09662e-01

    7.42201e-01     1.09662e-01
    7.48036e-01     1.29259e-01

    1.09662e-01     7.42201e-01
    7.85204e-02     7.36492e-01

    1.09662e-01     7.42201e-01
    1.09662e-01     7.42201e-01

    5.84683e-02     7.34426e-01
    3.55667e-02     7.32067e-01

    5.84683e-02     7.34426e-01
    7.85204e-02     7.36492e-01

    1.09662e-01     7.42201e-01
    1.29259e-01     7.48036e-01

   -5.57330e-01    -6.66992e-01
   -5.48310e-01    -6.75869e-01

   -5.48310e-01    -6.75869e-01
   -5.57330e-01    -6.66992e-01

   -5.48310e-01    -6.75869e-01
   -5.48310e-01    -6.75869e-01

   -5.68861e-01    -6.57972e-01
   -5.57330e-01    -6.66992e-01

   -5.57330e-01    -6.66992e-01
   -5.68861e-01    -6.57972e-01

   -5.68861e-01    -6.57972e-01
   -5.68861e-01    -6.57972e-01

   -5.48310e-01    -6.75869e-01
   -5.48310e-01    -6.75869e-01

   -5.48310e-01    -6.75869e-01
   -5.16905e-01    -6.89377e-01

   -5.16905e-01    -6.89377e-01
   -5.48310e-01    -6.75869e-01

   -6.57972e-01    -5.68861e-01
   -6.66992e-01    -5.57330e-01

   -6.57972e-01    -5.68861e-01
   -6.66992e-01    -5.57330e-01

   -6.57972e-01    -5.68861e-01
   -6.57972e-01    -5.68861e-01

   -6.66992e-01    -5.57330e-01
   -6.75869e-01    -5.48310e-01

   -6.66992e-01    -5.57330e-01
   -6.75869e-01    -5.48310e-01

   -6.75869e-01    -5.48310e-01
   -6.75869e-01    -5.48310e-01

   -5.68861e-01    -6.57972e-01
   -5.68861e-01    -6.57972e-01

   -6.57972e-01    -5.68861e-01
   -6.57972e-01    -5.68861e-01

   -5.68861e-01    -6.57972e-01
   -5.98374e-01    -6.07907e-01

   -5.68861e-01    -6.57972e-01
   -5.98374e-01    -6.07907e-01

   -6.57972e-01    -5.68861e-01
   -6.07907e-01    -5.98374e-01

   -6.07907e-01    -5.98374e-01
   -6.57972e-01    -5.68861e-01

   -6.75869e-01    -5.48310e-01
   -6.75869e-01    -5.48310e-01

   -6.75869e-01    -5.48310e-01
   -6.89377e-01    -5.16905e-01

   -6.75869e-01    -5.48310e-01
   -6.89377e-01    -5.16905e-01

    7.67634e-01     2.02804e-01
    7.48036e-01     1.29259e-01

    7.67634e-01     2.02804e-01
    7.67634e-01     2.02804e-01

    7.67634e-01     2.02804e-01
    7.67634e-01     2.02804e-01

    7.67634e-01     2.02804e-01
    7.71732e-01     2.15226e-01

    2.02804e-01     7.67634e-01
    1.29259e-01     7.48036e-01

    2.02804e-01     7.67634e-01
    2.02804e-01     7.67634e-01

    2.02804e-01     7.67634e-01
    2.02804e-01     7.67634e-01

    2.02804e-01     7.67634e-01
    2.15226e-01     7.71732e-01

   -3.58208e-01    -7.96856e-01
   -3.28986e-01    -8.09418e-01

   -3.28986e-01    -8.09418e-01
   -3.58208e-01    -7.96856e-01

   -3.28986e-01    -8.09418e-01
   -3.28986e-01    -8.09418e-01

   -3.58208e-01    -7.96856e-01
   -4.18613e-01    -7.67634e-01

   -4.18613e-01    -7.67634e-01
   -3.58208e-01    -7.96856e-01

   -4.18613e-01    -7.67634e-01
   -4.18613e-01    -7.67634e-01

   -4.18613e-01    -7.67634e-01
   -4.18613e-01    -7.67634e-01

   -3.28986e-01    -8.09418e-01
   -3.28986e-01    -8.09418e-01

   -2.97545e-01    -7.99075e-01
   -3.28986e-01    -8.09418e-01

   -3.28986e-01    -8.09418e-01
   -2.97545e-01    -7.99075e-01

   -4.87698e-01    -7.07022e-01
   -4.38648e-01    -7.55881e-01

   -4.38648e-01    -7.55881e-01
   -4.87698e-01    -7.07022e-01

   -4.38648e-01    -7.55881e-01
   -4.38648e-01    -7.55881e-01

   -4.38648e-01    -7.55881e-01
   -4.38648e-01    -7.55881e-01

   -5.05505e-01    -6.96264e-01
   -5.16905e-01    -6.89377e-01

   -5.16905e-01    -6.89377e-01
   -5.05505e-01    -6.96264e-01

   -5.05505e-01    -6.96264e-01
   -5.05505e-01    -6.96264e-01

   -5.05505e-01    -6.96264e-01
   -4.87698e-01    -7.07022e-01

   -4.87698e-01    -7.07022e-01
   -4.87698e-01    -7.07022e-01

   -4.87698e-01    -7.07022e-01
   -5.05505e-01    -6.96264e-01

   -4.18613e-01    -7.67634e-01
   -4.18613e-01    -7.67634e-01

   -4.18613e-01    -7.67634e-01
   -4.18613e-01    -7.67634e-01

   -4.38648e-01    -7.55881e-01
   -4.38648e-01    -7.55881e-01

   -4.38648e-01    -7.55881e-01
   -4.38648e-01    -7.55881e-01

   -4.28935e-01    -7.57921e-01
   -4.18613e-01    -7.67634e-01

   -4.18613e-01    -7.67634e-01
   -4.28935e-01    -7.57921e-01

   -4.38648e-01    -7.55881e-01
   -4.28935e-01    -7.57921e-01

   -4.28935e-01    -7.57921e-01
   -4.38648e-01    -7.55881e-01

   -5.98374e-01    -6.07907e-01
   -6.00325e-01    -6.05277e-01

   -5.98374e-01    -6.07907e-01
   -6.00325e-01    -6.05277e-01

   -6.00325e-01    -6.05277e-01
   -6.00325e-01    -6.05277e-01

   -6.00325e-01    -6.05277e-01
   -6.02434e-01    -6.02434e-01

   -6.02434e-01    -6.02434e-01
   -6.02434e-01    -6.02434e-01

   -6.00325e-01    -6.05277e-01
   -6.02434e-01    -6.02434e-01

   -6.05278e-01    -6.00325e-01
   -6.07907e-01    -5.98374e-01

   -6.07907e-01    -5.98374e-01
   -6.05278e-01    -6.00325e-01

   -6.05278e-01    -6.00325e-01
   -6.05278e-01    -6.00325e-01

   -6.05278e-01    -6.00325e-01
   -6.02434e-01    -6.02434e-01

   -6.02434e-01    -6.02434e-01
   -6.02434e-01    -6.02434e-01

   -6.02434e-01    -6.02434e-01
   -6.05278e-01    -6.00325e-01

   -6.89377e-01    -5.16905e-01
   -6.96264e-01    -5.05505e-01

   -6.89377e-01    -5.16905e-01
   -6.89377e-01    -5.16905e-01

   -7.07022e-01    -4.87698e-01
   -7.07022e-01    -4.87698e-01

   -6.96264e-01    -5.05505e-01
   -7.07022e-01    -4.87698e-01

   -7.55881e-01    -4.38648e-01
   -7.55881e-01    -4.38648e-01

   -7.55881e-01    -4.38648e-01
   -7.07022e-01    -4.87698e-01

   -7.55881e-01    -4.38648e-01
   -7.55881e-01    -4.38648e-01

   -7.55881e-01    -4.38648e-01
   -7.55881e-01    -4.38648e-01

   -7.67634e-01    -4.18613e-01
   -7.96856e-01    -3.58208e-01

   -7.96856e-01    -3.58208e-01
   -7.67634e-01    -4.18613e-01

   -7.67634e-01    -4.18613e-01
   -7.67634e-01    -4.18613e-01

   -7.67634e-01    -4.18613e-01
   -7.67634e-01    -4.18613e-01

   -7.96856e-01    -3.58208e-01
   -8.09418e-01    -3.28986e-01

   -7.96856e-01    -3.58208e-01
   -8.09418e-01    -3.28986e-01

   -8.09418e-01    -3.28986e-01
   -8.09418e-01    -3.28986e-01

   -7.55881e-01    -4.38648e-01
   -7.55881e-01    -4.38648e-01

   -7.55881e-01    -4.38648e-01
   -7.55881e-01    -4.38648e-01

   -7.67634e-01    -4.18613e-01
   -7.67634e-01    -4.18613e-01

   -7.67634e-01    -4.18613e-01
   -7.67634e-01    -4.18613e-01

   -7.55881e-01    -4.38648e-01
   -7.57921e-01    -4.28935e-01

   -7.55881e-01    -4.38648e-01
   -7.57921e-01    -4.28935e-01

   -7.57921e-01    -4.28935e-01
   -7.67634e-01    -4.18613e-01

   -7.57921e-01    -4.28935e-01
   -7.67634e-01    -4.18613e-01

   -8.09418e-01    -3.28986e-01
   -8.09418e-01    -3.28986e-01

   -8.09418e-01    -3.28986e-01
   -7.99075e-01    -2.97545e-01

   -7.99075e-01    -2.97545e-01
   -8.09418e-01    -3.28986e-01

    7.73210e-01     2.19324e-01
    7.71732e-01     2.15226e-01

    7.73210e-01     2.19324e-01
    7.73210e-01     2.19324e-01

    7.73210e-01     2.19324e-01
    7.74972e-01     2.26662e-01

    7.79533e-01     2.40075e-01
    7.74972e-01     2.26662e-01

    7.79533e-01     2.40075e-01
    7.99075e-01     2.97544e-01

    2.19324e-01     7.73210e-01
    2.15226e-01     7.71732e-01

    2.19324e-01     7.73210e-01
    2.19324e-01     7.73210e-01

    2.40075e-01     7.79533e-01
    2.26662e-01     7.74972e-01

    2.40075e-01     7.79533e-01
    2.97544e-01     7.99075e-01

    2.19324e-01     7.73210e-01
    2.26662e-01     7.74972e-01

   -1.17723e-01    -8.85357e-01
   -1.09662e-01    -8.88305e-01

   -1.17723e-01    -8.85357e-01
   -1.50349e-01    -8.77296e-01

   -1.09662e-01    -8.88305e-01
   -1.09662e-01    -8.88305e-01

   -9.92751e-02    -8.87683e-01
   -1.09662e-01    -8.88305e-01

   -2.19324e-01    -8.61942e-01
   -2.56362e-01    -8.40258e-01

   -2.19324e-01    -8.61942e-01
   -2.19324e-01    -8.61942e-01

   -1.50349e-01    -8.77296e-01
   -1.50349e-01    -8.77296e-01

   -1.50349e-01    -8.77296e-01
   -1.50349e-01    -8.77296e-01

   -2.03855e-01    -8.61827e-01
   -1.50349e-01    -8.77296e-01

   -2.19324e-01    -8.61942e-01
   -2.03855e-01    -8.61827e-01

   -8.40258e-01    -2.56362e-01
   -8.61942e-01    -2.19324e-01

   -8.77296e-01    -1.50349e-01
   -8.85357e-01    -1.17723e-01

   -8.77296e-01    -1.50349e-01
   -8.77296e-01    -1.50349e-01

   -8.77296e-01    -1.50349e-01
   -8.77296e-01    -1.50349e-01

   -8.88305e-01    -1.09662e-01
   -8.85357e-01    -1.17723e-01

   -8.88305e-01    -1.09662e-01
   -8.88305e-01    -1.09662e-01

   -8.61942e-01    -2.19324e-01
   -8.61942e-01    -2.19324e-01

   -8.77296e-01    -1.50349e-01
   -8.77296e-01    -1.50349e-01

   -8.77296e-01    -1.50349e-01
   -8.77296e-01    -1.50349e-01

   -8.61826e-01    -2.03855e-01
   -8.61942e-01    -2.19324e-01

   -8.77296e-01    -1.50349e-01
   -8.61826e-01    -2.03855e-01

   -8.88305e-01    -1.09662e-01
   -8.87683e-01    -9.92751e-02

    8.35625e-01     2.67297e-01
    8.29667e-01     2.81357e-01

    8.35625e-01     2.67297e-01
    8.40258e-01     2.56362e-01

    8.26743e-01     3.28986e-01
    8.29667e-01     2.81357e-01

    8.26743e-01     3.28986e-01
    8.26743e-01     3.28986e-01

    8.26743e-01     3.28986e-01
    8.26743e-01     3.28986e-01

    8.26743e-01     3.28986e-01
    8.35439e-01     3.70842e-01

    3.28986e-01     8.26743e-01
    2.81357e-01     8.29667e-01

    3.28986e-01     8.26743e-01
    3.28986e-01     8.26743e-01

    2.67297e-01     8.35625e-01
    2.81357e-01     8.29667e-01

    2.67297e-01     8.35625e-01
    2.56362e-01     8.40258e-01

    3.28986e-01     8.26743e-01
    3.28986e-01     8.26743e-01

    3.28986e-01     8.26743e-01
    3.70842e-01     8.35439e-01

    0.00000e+00    -8.98421e-01
   -1.72755e-02    -8.94571e-01

    0.00000e+00    -8.98421e-01
    0.00000e+00    -8.98421e-01

   -6.84852e-02    -8.90269e-01
   -9.92751e-02    -8.87683e-01

   -6.84852e-02    -8.90269e-01
   -1.72755e-02    -8.94571e-01

    0.00000e+00    -8.98421e-01
    0.00000e+00    -8.98421e-01

    0.00000e+00    -8.98421e-01
    1.72755e-02    -8.94571e-01

   -8.90269e-01    -6.84852e-02
   -8.87683e-01    -9.92751e-02

   -8.90269e-01    -6.84852e-02
   -8.94571e-01    -1.72755e-02

   -8.98421e-01     0.00000e+00
   -8.94571e-01    -1.72755e-02

   -8.98421e-01     0.00000e+00
   -8.98421e-01     0.00000e+00

   -8.98421e-01     0.00000e+00
   -8.98421e-01     0.00000e+00

   -8.98421e-01     0.00000e+00
   -8.94571e-01     1.72755e-02

    8.36928e-01     3.85767e-01
    8.35439e-01     3.70842e-01

    8.36928e-01     3.85767e-01
    8.38314e-01     3.99666e-01

    8.32988e-01     4.38648e-01
    8.38314e-01     3.99666e-01

    8.32988e-01     4.38648e-01
    8.32988e-01     4.38648e-01

    8.32988e-01     4.38648e-01
    8.32988e-01     4.38648e-01

    8.32988e-01     4.38648e-01
    8.40446e-01     4.75498e-01

    4.38648e-01     8.32988e-01
    3.99666e-01     8.38314e-01

    4.38648e-01     8.32988e-01
    4.38648e-01     8.32988e-01

    3.85767e-01     8.36928e-01
    3.70842e-01     8.35439e-01

    3.85767e-01     8.36928e-01
    3.99666e-01     8.38314e-01

    4.38648e-01     8.32988e-01
    4.38648e-01     8.32988e-01

    4.38648e-01     8.32988e-01
    4.75498e-01     8.40446e-01

    1.09662e-01    -8.88305e-01
    9.92751e-02    -8.87683e-01

    1.09662e-01    -8.88305e-01
    1.09662e-01    -8.88305e-01

    6.84852e-02    -8.90269e-01
    9.92751e-02    -8.87683e-01

    6.84852e-02    -8.90269e-01
    1.72755e-02    -8.94571e-01

    1.09662e-01    -8.88305e-01
    1.17723e-01    -8.85357e-01

   -8.90269e-01     6.84852e-02
   -8.87683e-01     9.92750e-02

   -8.90269e-01     6.84852e-02
   -8.94571e-01     1.72755e-02

   -8.88305e-01     1.09662e-01
   -8.87683e-01     9.92750e-02

   -8.88305e-01     1.09662e-01
   -8.88305e-01     1.09662e-01

   -8.88305e-01     1.09662e-01
   -8.88305e-01     1.09662e-01

   -8.88305e-01     1.09662e-01
   -8.85357e-01     1.17723e-01

    8.44397e-01     4.99357e-01
    8.40446e-01     4.75498e-01

    8.44397e-01     4.99357e-01
    8.47582e-01     5.18596e-01

    8.20699e-01     5.48310e-01
    8.47582e-01     5.18596e-01

    8.20699e-01     5.48310e-01
    8.20699e-01     5.48310e-01

    8.20699e-01     5.48310e-01
    8.20699e-01     5.48310e-01

    7.67634e-01     6.09726e-01
    7.52470e-01     6.42808e-01

    7.67634e-01     6.09726e-01
    7.67634e-01     6.09726e-01

    7.27091e-01     6.57972e-01
    7.52470e-01     6.42808e-01

    7.27091e-01     6.57972e-01
    7.27091e-01     6.57972e-01

    8.20699e-01     5.48310e-01
    8.20699e-01     5.48310e-01

    8.20699e-01     5.48310e-01
    8.20699e-01     5.48310e-01

    7.67634e-01     6.09726e-01
    7.67634e-01     6.09726e-01

    8.20699e-01     5.48310e-01
    8.03331e-01     5.84007e-01

    7.67634e-01     6.09726e-01
    8.03331e-01     5.84007e-01

    6.57972e-01     7.27091e-01
    6.42808e-01     7.52470e-01

    6.57972e-01     7.27091e-01
    6.57972e-01     7.27091e-01

    6.09726e-01     7.67634e-01
    6.42808e-01     7.52470e-01

    6.09726e-01     7.67634e-01
    6.09726e-01     7.67634e-01

    7.27091e-01     6.57972e-01
    7.27091e-01     6.57972e-01

    6.57972e-01     7.27091e-01
    6.57972e-01     7.27091e-01

    7.27091e-01     6.57972e-01
    7.04470e-01     7.04470e-01

    6.57972e-01     7.27091e-01
    7.04470e-01     7.04470e-01

    5.48310e-01     8.20699e-01
    5.18596e-01     8.47582e-01

    5.48310e-01     8.20699e-01
    5.48310e-01     8.20699e-01

    5.48310e-01     8.20699e-01
    5.48310e-01     8.20699e-01

    4.99357e-01     8.44397e-01
    4.75498e-01     8.40446e-01

    4.99357e-01     8.44397e-01
    5.18596e-01     8.47582e-01

    6.09726e-01     7.67634e-01
    6.09726e-01     7.67634e-01

    5.48310e-01     8.20699e-01
    5.48310e-01     8.20699e-01

    5.48310e-01     8.20699e-01
    5.48310e-01     8.20699e-01

    6.09726e-01     7.67634e-01
    5.84007e-01     8.03331e-01

    5.48310e-01     8.20699e-01
    5.84007e-01     8.03331e-01

    1.50349e-01    -8.77296e-01
    1.17723e-01    -8.85357e-01

    1.50349e-01    -8.77296e-01
    1.50349e-01    -8.77296e-01

    1.50349e-01    -8.77296e-01
    1.50349e-01    -8.77296e-01

    1.50349e-01    -8.77296e-01
    2.03855e-01    -8.61826e-01

   -8.77296e-01     1.50349e-01
   -8.85357e-01     1.17723e-01

   -8.77296e-01     1.50349e-01
   -8.77296e-01     1.50349e-01

   -8.77296e-01     1.50349e-01
   -8.77296e-01     1.50349e-01

   -8.77296e-01     1.50349e-01
   -8.61827e-01     2.03855e-01

    2.19324e-01    -8.61942e-01
    2.03855e-01    -8.61826e-01

    2.19324e-01    -8.61942e-01
    2.19324e-01    -8.61942e-01

    2.81357e-01    -8.29667e-01
    2.67296e-01    -8.35625e-01

    2.56362e-01    -8.40258e-01
    2.67296e-01    -8.35625e-01

    2.19324e-01    -8.61942e-01
    2.56362e-01    -8.40258e-01

   -8.61942e-01     2.19324e-01
   -8.61827e-01     2.03855e-01

   -8.61942e-01     2.19324e-01
   -8.61942e-01     2.19324e-01

   -8.61942e-01     2.19324e-01
   -8.40258e-01     2.56362e-01

   -8.29667e-01     2.81357e-01
   -8.35625e-01     2.67296e-01

   -8.40258e-01     2.56362e-01
   -8.35625e-01     2.67296e-01

    3.28986e-01    -8.26743e-01
    2.81357e-01    -8.29667e-01

    3.28986e-01    -8.26743e-01
    3.28986e-01    -8.26743e-01

    3.70842e-01    -8.35439e-01
    3.85767e-01    -8.36928e-01

    3.99666e-01    -8.38314e-01
    3.85767e-01    -8.36928e-01

    3.28986e-01    -8.26743e-01
    3.70842e-01    -8.35439e-01

   -8.26743e-01     3.28986e-01
   -8.29667e-01     2.81357e-01

   -8.26743e-01     3.28986e-01
   -8.26743e-01     3.28986e-01

   -8.26743e-01     3.28986e-01
   -8.35439e-01     3.70842e-01

   -8.35439e-01     3.70842e-01
   -8.36928e-01     3.85767e-01

   -8.38314e-01     3.99666e-01
   -8.36928e-01     3.85767e-01

    4.38648e-01    -8.32988e-01
    3.99666e-01    -8.38314e-01

    4.38648e-01    -8.32988e-01
    4.38648e-01    -8.32988e-01

    4.38648e-01    -8.32988e-01
    4.38648e-01    -8.32988e-01

    4.75498e-01    -8.40446e-01
    4.99357e-01    -8.44397e-01

    5.18596e-01    -8.47582e-01
    4.99357e-01    -8.44397e-01

    4.38648e-01    -8.32988e-01
    4.75498e-01    -8.40446e-01

   -8.32988e-01     4.38648e-01
   -8.38314e-01     3.99666e-01

   -8.32988e-01     4.38648e-01
   -8.32988e-01     4.38648e-01

   -8.32988e-01     4.38648e-01
   -8.32988e-01     4.38648e-01

   -8.32988e-01     4.38648e-01
   -8.40446e-01     4.75498e-01

   -8.40446e-01     4.75498e-01
   -8.44397e-01     4.99357e-01

   -8.47582e-01     5.18596e-01
   -8.44397e-01     4.99357e-01

    5.48310e-01    -8.20698e-01
    5.18596e-01    -8.47582e-01

    5.48310e-01    -8.20698e-01
    5.48310e-01    -8.20698e-01

    5.48310e-01    -8.20698e-01
    5.48310e-01    -8.20698e-01

    5.48310e-01    -8.20698e-01
    5.48310e-01    -8.20698e-01

    5.48310e-01    -8.20698e-01
    5.48310e-01    -8.20698e-01

    5.48310e-01    -8.20698e-01
    5.84007e-01    -8.03331e-01

   -8.20698e-01     5.48310e-01
   -8.47582e-01     5.18596e-01

   -8.20699e-01     5.48310e-01
   -8.20698e-01     5.48310e-01

   -8.20699e-01     5.48310e-01
   -8.20698e-01     5.48310e-01

   -8.20698e-01     5.48310e-01
   -8.03331e-01     5.84007e-01

    6.09726e-01    -7.67634e-01
    5.84007e-01    -8.03331e-01

    6.09726e-01    -7.67634e-01
    6.09726e-01    -7.67634e-01

    6.09726e-01    -7.67634e-01
    6.09726e-01    -7.67634e-01

    6.09726e-01    -7.67634e-01
    6.42808e-01    -7.52470e-01

   -7.67634e-01     6.09726e-01
   -8.03331e-01     5.84007e-01

   -7.67634e-01     6.09726e-01
   -7.67634e-01     6.09726e-01

   -7.67634e-01     6.09726e-01
   -7.67634e-01     6.09726e-01

   -7.67634e-01     6.09726e-01
   -7.52470e-01     6.42808e-01

    6.57972e-01    -7.27091e-01
    6.42808e-01    -7.52470e-01

    6.57972e-01    -7.27091e-01
    6.57972e-01    -7.27091e-01

    6.57972e-01    -7.27091e-01
    6.57972e-01    -7.27091e-01

    6.57972e-01    -7.27091e-01
    7.04470e-01    -7.04470e-01

   -7.27091e-01     6.57972e-01
   -7.52470e-01     6.42808e-01

   -7.27091e-01     6.57972e-01
   -7.27091e-01     6.57972e-01

   -7.27091e-01     6.57972e-01
   -7.27091e-01     6.57972e-01

   -7.27091e-01     6.57972e-01
   -7.04470e-01     7.04470e-01

    7.27091e-01    -6.57972e-01
    7.04470e-01    -7.04470e-01

    7.27091e-01    -6.57972e-01
    7.27091e-01    -6.57972e-01

    7.27091e-01    -6.57972e-01
    7.27091e-01    -6.57972e-01

    7.27091e-01    -6.57972e-01
    7.52470e-01    -6.42808e-01

   -6.57972e-01     7.27091e-01
   -7.04470e-01     7.04470e-01

   -6.57972e-01     7.27091e-01
   -6.57972e-01     7.27091e-01

   -6.57972e-01     7.27091e-01
   -6.57972e-01     7.27091e-01

   -6.57972e-01     7.27091e-01
   -6.42808e-01     7.52470e-01

    7.67634e-01    -6.09726e-01
    7.52470e-01    -6.42808e-01

    7.67634e-01    -6.09726e-01
    7.67634e-01    -6.09726e-01

    7.67634e-01    -6.09726e-01
    7.67634e-01    -6.09726e-01

    7.67634e-01    -6.09726e-01
    8.03331e-01    -5.84007e-01

   -6.09726e-01     7.67634e-01
   -6.42808e-01     7.52470e-01

   -6.09726e-01     7.67634e-01
   -6.09726e-01     7.67634e-01

   -6.09726e-01     7.67634e-01
   -6.09726e-01     7.67634e-01

   -6.09726e-01     7.67634e-01
   -5.84007e-01     8.03331e-01

    8.03331e-01    -5.84007e-01
    8.20698e-01    -5.48310e-01

    8.20698e-01    -5.48310e-01
    8.20699e-01    -5.48310e-01

    8.20698e-01    -5.48310e-01
    8.20699e-01    -5.48310e-01

    8.47582e-01    -5.18596e-01
    8.20698e-01    -5.48310e-01

   -5.48310e-01     8.20698e-01
   -5.84007e-01     8.03331e-01

   -5.48310e-01     8.20698e-01
   -5.48310e-01     8.20698e-01

   -5.48310e-01     8.20698e-01
   -5.48310e-01     8.20698e-01

   -5.48310e-01     8.20698e-01
   -5.48310e-01     8.20698e-01

   -5.48310e-01     8.20698e-01
   -5.48310e-01     8.20698e-01

   -5.48310e-01     8.20698e-01
   -5.18596e-01     8.47582e-01

    8.44397e-01    -4.99357e-01
    8.40446e-01    -4.75498e-01

    8.44397e-01    -4.99357e-01
    8.47582e-01    -5.18596e-01

    8.32988e-01    -4.38648e-01
    8.40446e-01    -4.75498e-01

    8.32988e-01    -4.38648e-01
    8.32988e-01    -4.38648e-01

    8.32988e-01    -4.38648e-01
    8.32988e-01    -4.38648e-01

    8.32988e-01    -4.38648e-01
    8.38314e-01    -3.99666e-01

   -4.38648e-01     8.32988e-01
   -4.75498e-01     8.40446e-01

   -4.38648e-01     8.32988e-01
   -4.38648e-01     8.32988e-01

   -4.99357e-01     8.44397e-01
   -4.75498e-01     8.40446e-01

   -4.99357e-01     8.44397e-01
   -5.18596e-01     8.47582e-01

   -4.38648e-01     8.32988e-01
   -4.38648e-01     8.32988e-01

   -4.38648e-01     8.32988e-01
   -3.99666e-01     8.38314e-01

    8.36928e-01    -3.85767e-01
    8.35439e-01    -3.70842e-01

    8.36928e-01    -3.85767e-01
    8.38314e-01    -3.99666e-01

    8.35439e-01    -3.70842e-01
    8.26743e-01    -3.28986e-01

    8.26743e-01    -3.28986e-01
    8.26743e-01    -3.28986e-01

    8.29667e-01    -2.81357e-01
    8.26743e-01    -3.28986e-01

   -3.70842e-01     8.35439e-01
   -3.28986e-01     8.26743e-01

   -3.85767e-01     8.36928e-01
   -3.70842e-01     8.35439e-01

   -3.85767e-01     8.36928e-01
   -3.99666e-01     8.38314e-01

   -3.28986e-01     8.26743e-01
   -3.28986e-01     8.26743e-01

   -2.81357e-01     8.29667e-01
   -3.28986e-01     8.26743e-01

    8.35625e-01    -2.67296e-01
    8.29667e-01    -2.81357e-01

    8.35625e-01    -2.67296e-01
    8.40258e-01    -2.56362e-01

    8.40258e-01    -2.56362e-01
    8.61942e-01    -2.19324e-01

    8.61942e-01    -2.19324e-01
    8.61942e-01    -2.19324e-01

    8.61827e-01    -2.03855e-01
    8.61942e-01    -2.19324e-01

   -2.56362e-01     8.40258e-01
   -2.19324e-01     8.61942e-01

   -2.67296e-01     8.35625e-01
   -2.81357e-01     8.29667e-01

   -2.67296e-01     8.35625e-01
   -2.56362e-01     8.40258e-01

   -2.19324e-01     8.61942e-01
   -2.19324e-01     8.61942e-01

   -2.03855e-01     8.61826e-01
   -2.19324e-01     8.61942e-01

    8.61827e-01    -2.03855e-01
    8.77296e-01    -1.50349e-01

    8.77296e-01    -1.50349e-01
    8.77296e-01    -1.50349e-01

    8.77296e-01    -1.50349e-01
    8.77296e-01    -1.50349e-01

    8.85357e-01    -1.17723e-01
    8.77296e-01    -1.50349e-01

   -2.03855e-01     8.61826e-01
   -1.50349e-01     8.77296e-01

   -1.50349e-01     8.77296e-01
   -1.50349e-01     8.77296e-01

   -1.50349e-01     8.77296e-01
   -1.50349e-01     8.77296e-01

   -1.17723e-01     8.85357e-01
   -1.50349e-01     8.77296e-01

   -5.84007e-01    -8.03331e-01
   -5.48310e-01    -8.20699e-01

   -5.48310e-01    -8.20699e-01
   -5.84007e-01    -8.03331e-01

   -5.48310e-01    -8.20699e-01
   -5.48310e-01    -8.20699e-01

   -5.48310e-01    -8.20699e-01
   -5.48310e-01    -8.20699e-01

   -5.84007e-01    -8.03331e-01
   -6.09726e-01    -7.67634e-01

   -5.84007e-01    -8.03331e-01
   -6.09726e-01    -7.67634e-01

   -6.09726e-01    -7.67634e-01
   -6.09726e-01    -7.67634e-01

   -5.48310e-01    -8.20699e-01
   -5.48310e-01    -8.20699e-01

   -5.48310e-01    -8.20699e-01
   -5.48310e-01    -8.20699e-01

   -4.75498e-01    -8.40446e-01
   -4.99357e-01    -8.44397e-01

   -4.99357e-01    -8.44397e-01
   -4.75498e-01    -8.40446e-01

   -4.75498e-01    -8.40446e-01
   -4.75498e-01    -8.40446e-01

   -5.18596e-01    -8.47582e-01
   -4.99357e-01    -8.44397e-01

   -4.99357e-01    -8.44397e-01
   -4.99357e-01    -8.44397e-01

   -4.99357e-01    -8.44397e-01
   -5.18596e-01    -8.47582e-01

   -5.48310e-01    -8.20699e-01
   -5.18596e-01    -8.47582e-01

   -5.18596e-01    -8.47582e-01
   -5.48310e-01    -8.20699e-01

   -7.04470e-01    -7.04470e-01
   -6.57972e-01    -7.27091e-01

   -6.57972e-01    -7.27091e-01
   -7.04470e-01    -7.04470e-01

   -6.57972e-01    -7.27091e-01
   -6.57972e-01    -7.27091e-01

   -7.04470e-01    -7.04470e-01
   -7.27091e-01    -6.57972e-01

   -7.04470e-01    -7.04470e-01
   -7.27091e-01    -6.57972e-01

   -7.27091e-01    -6.57972e-01
   -7.27091e-01    -6.57972e-01

   -6.09726e-01    -7.67634e-01
   -6.09726e-01    -7.67634e-01

   -6.57972e-01    -7.27091e-01
   -6.57972e-01    -7.27091e-01

   -6.42808e-01    -7.52470e-01
   -6.09726e-01    -7.67634e-01

   -6.09726e-01    -7.67634e-01
   -6.42808e-01    -7.52470e-01

   -6.42808e-01    -7.52470e-01
   -6.57972e-01    -7.27091e-01

   -6.42808e-01    -7.52470e-01
   -6.57972e-01    -7.27091e-01

   -8.03331e-01    -5.84007e-01
   -7.67634e-01    -6.09726e-01

   -7.67634e-01    -6.09726e-01
   -8.03331e-01    -5.84007e-01

   -7.67634e-01    -6.09726e-01
   -7.67634e-01    -6.09726e-01

   -8.03331e-01    -5.84007e-01
   -8.20699e-01    -5.48310e-01

   -8.03331e-01    -5.84007e-01
   -8.20699e-01    -5.48310e-01

   -8.20699e-01    -5.48310e-01
   -8.20699e-01    -5.48310e-01

   -8.20699e-01    -5.48310e-01
   -8.20699e-01    -5.48310e-01

   -7.27091e-01    -6.57972e-01
   -7.27091e-01    -6.57972e-01

   -7.67634e-01    -6.09726e-01
   -7.67634e-01    -6.09726e-01

   -7.52470e-01    -6.42808e-01
   -7.27091e-01    -6.57972e-01

   -7.27091e-01    -6.57972e-01
   -7.52470e-01    -6.42808e-01

   -7.52470e-01    -6.42808e-01
   -7.67634e-01    -6.09726e-01

   -7.52470e-01    -6.42808e-01
   -7.67634e-01    -6.09726e-01

   -8.20699e-01    -5.48310e-01
   -8.20699e-01    -5.48310e-01

   -8.20699e-01    -5.48310e-01
   -8.20699e-01    -5.48310e-01

   -8.20699e-01    -5.48310e-01
   -8.47582e-01    -5.18596e-01

   -8.20699e-01    -5.48310e-01
   -8.47582e-01    -5.18596e-01

   -8.44397e-01    -4.99357e-01
   -8.40446e-01    -4.75498e-01

   -8.44397e-01    -4.99357e-01
   -8.40446e-01    -4.75498e-01

   -8.40446e-01    -4.75498e-01
   -8.40446e-01    -4.75498e-01

   -8.47582e-01    -5.18596e-01
   -8.44397e-01    -4.99357e-01

   -8.44397e-01    -4.99357e-01
   -8.44397e-01    -4.99357e-01

   -8.47582e-01    -5.18596e-01
   -8.44397e-01    -4.99357e-01

    8.88305e-01    -1.09662e-01
    8.85357e-01    -1.17723e-01

    8.88305e-01    -1.09662e-01
    8.88305e-01    -1.09662e-01

    8.88305e-01    -1.09662e-01
    8.88305e-01    -1.09662e-01

    8.88305e-01    -1.09662e-01
    8.87683e-01    -9.92750e-02

    8.90269e-01    -6.84852e-02
    8.87683e-01    -9.92750e-02

    8.90269e-01    -6.84852e-02
    8.94571e-01    -1.72755e-02

   -1.17723e-01     8.85357e-01
   -1.09662e-01     8.88305e-01

   -1.09662e-01     8.88305e-01
   -1.09662e-01     8.88305e-01

   -6.84852e-02     8.90269e-01
   -9.92751e-02     8.87683e-01

   -6.84852e-02     8.90269e-01
   -1.72755e-02     8.94571e-01

   -9.92751e-02     8.87683e-01
   -1.09662e-01     8.88305e-01

   -4.75498e-01    -8.40446e-01
   -4.38648e-01    -8.32988e-01

   -4.38648e-01    -8.32988e-01
   -4.75498e-01    -8.40446e-01

   -4.38648e-01    -8.32988e-01
   -4.38648e-01    -8.32988e-01

   -4.38648e-01    -8.32988e-01
   -4.38648e-01    -8.32988e-01

   -3.70842e-01    -8.35439e-01
   -3.85767e-01    -8.36928e-01

   -3.85767e-01    -8.36928e-01
   -3.70842e-01    -8.35439e-01

   -3.70842e-01    -8.35439e-01
   -3.70842e-01    -8.35439e-01

   -3.99666e-01    -8.38314e-01
   -3.85767e-01    -8.36928e-01

   -3.85767e-01    -8.36928e-01
   -3.85767e-01    -8.36928e-01

   -3.85767e-01    -8.36928e-01
   -3.99666e-01    -8.38314e-01

   -4.38648e-01    -8.32988e-01
   -3.99666e-01    -8.38314e-01

   -3.99666e-01    -8.38314e-01
   -4.38648e-01    -8.32988e-01

   -8.40446e-01    -4.75498e-01
   -8.32988e-01    -4.38648e-01

   -8.40446e-01    -4.75498e-01
   -8.32988e-01    -4.38648e-01

   -8.32988e-01    -4.38648e-01
   -8.32988e-01    -4.38648e-01

   -8.32988e-01    -4.38648e-01
   -8.32988e-01    -4.38648e-01

   -8.32988e-01    -4.38648e-01
   -8.38314e-01    -3.99666e-01

   -8.32988e-01    -4.38648e-01
   -8.38314e-01    -3.99666e-01

   -8.36928e-01    -3.85767e-01
   -8.35439e-01    -3.70842e-01

   -8.36928e-01    -3.85767e-01
   -8.35439e-01    -3.70842e-01

   -8.35439e-01    -3.70842e-01
   -8.35439e-01    -3.70842e-01

   -8.38314e-01    -3.99666e-01
   -8.36928e-01    -3.85767e-01

   -8.36928e-01    -3.85767e-01
   -8.36928e-01    -3.85767e-01

   -8.38314e-01    -3.99666e-01
   -8.36928e-01    -3.85767e-01

    8.98421e-01     0.00000e+00
    8.94571e-01    -1.72755e-02

    8.98421e-01     0.00000e+00
    8.98421e-01     0.00000e+00

    8.98421e-01     0.00000e+00
    8.98421e-01     0.00000e+00

    8.98421e-01     0.00000e+00
    8.94571e-01     1.72755e-02

    8.90269e-01     6.84852e-02
    8.87683e-01     9.92751e-02

    8.90269e-01     6.84852e-02
    8.94571e-01     1.72755e-02

    0.00000e+00     8.98421e-01
   -1.72755e-02     8.94571e-01

    0.00000e+00     8.98421e-01
    0.00000e+00     8.98421e-01

    0.00000e+00     8.98421e-01
    0.00000e+00     8.98421e-01

    6.84852e-02     8.90269e-01
    9.92751e-02     8.87683e-01

    6.84852e-02     8.90269e-01
    1.72755e-02     8.94571e-01

    0.00000e+00     8.98421e-01
    1.72755e-02     8.94571e-01

   -3.70842e-01    -8.35439e-01
   -3.28986e-01    -8.26743e-01

   -3.28986e-01    -8.26743e-01
   -3.70842e-01    -8.35439e-01

   -3.28986e-01    -8.26743e-01
   -3.28986e-01    -8.26743e-01

   -3.28986e-01    -8.26743e-01
   -3.28986e-01    -8.26743e-01

   -2.81357e-01    -8.29667e-01
   -2.67297e-01    -8.35625e-01

   -2.81357e-01    -8.29667e-01
   -2.81357e-01    -8.29667e-01

   -2.67297e-01    -8.35625e-01
   -2.81357e-01    -8.29667e-01

   -2.81357e-01    -8.29667e-01
   -2.81357e-01    -8.29667e-01

   -2.81357e-01    -8.29667e-01
   -2.81357e-01    -8.29667e-01

   -2.67297e-01    -8.35625e-01
   -2.67297e-01    -8.35625e-01

   -2.56362e-01    -8.40258e-01
   -2.67297e-01    -8.35625e-01

   -2.67297e-01    -8.35625e-01
   -2.67297e-01    -8.35625e-01

   -2.67297e-01    -8.35625e-01
   -2.67297e-01    -8.35625e-01

   -2.67297e-01    -8.35625e-01
   -2.56362e-01    -8.40258e-01

   -3.28986e-01    -8.26743e-01
   -2.81357e-01    -8.29667e-01

   -2.81357e-01    -8.29667e-01
   -3.28986e-01    -8.26743e-01

   -8.35439e-01    -3.70842e-01
   -8.26743e-01    -3.28986e-01

   -8.35439e-01    -3.70842e-01
   -8.26743e-01    -3.28986e-01

   -8.26743e-01    -3.28986e-01
   -8.26743e-01    -3.28986e-01

   -8.26743e-01    -3.28986e-01
   -8.26743e-01    -3.28986e-01

   -8.26743e-01    -3.28986e-01
   -8.29667e-01    -2.81357e-01

   -8.26743e-01    -3.28986e-01
   -8.29667e-01    -2.81357e-01

   -8.35625e-01    -2.67297e-01
   -8.29667e-01    -2.81357e-01

   -8.29667e-01    -2.81357e-01
   -8.29667e-01    -2.81357e-01

   -8.35625e-01    -2.67297e-01
   -8.29667e-01    -2.81357e-01

   -8.29667e-01    -2.81357e-01
   -8.29667e-01    -2.81357e-01

   -8.29667e-01    -2.81357e-01
   -8.29667e-01    -2.81357e-01

   -8.35625e-01    -2.67297e-01
   -8.35625e-01    -2.67297e-01

   -8.35625e-01    -2.67297e-01
   -8.40258e-01    -2.56362e-01

   -8.35625e-01    -2.67297e-01
   -8.35625e-01    -2.67297e-01

   -8.35625e-01    -2.67297e-01
   -8.35625e-01    -2.67297e-01

   -8.35625e-01    -2.67297e-01
   -8.40258e-01    -2.56362e-01

    8.87683e-01     9.92751e-02
    8.88305e-01     1.09662e-01

    8.77296e-01     1.50349e-01
    8.61826e-01     2.03855e-01

    8.77296e-01     1.50349e-01
    8.77296e-01     1.50349e-01

    8.77296e-01     1.50349e-01
    8.77296e-01     1.50349e-01

    8.61942e-01     2.19324e-01
    8.61826e-01     2.03855e-01

    8.61942e-01     2.19324e-01
    8.61942e-01     2.19324e-01

    8.88305e-01     1.09662e-01
    8.88305e-01     1.09662e-01

    8.77296e-01     1.50349e-01
    8.77296e-01     1.50349e-01

    8.77296e-01     1.50349e-01
    8.77296e-01     1.50349e-01

    8.85357e-01     1.17723e-01
    8.88305e-01     1.09662e-01

    8.77296e-01     1.50349e-01
    8.85357e-01     1.17723e-01

    8.61942e-01     2.19324e-01
    8.40258e-01     2.56362e-01

    2.03855e-01     8.61827e-01
    2.19324e-01     8.61942e-01

    1.50349e-01     8.77296e-01
    2.03855e-01     8.61827e-01

    1.50349e-01     8.77296e-01
    1.50349e-01     8.77296e-01

    1.50349e-01     8.77296e-01
    1.50349e-01     8.77296e-01

    2.19324e-01     8.61942e-01
    2.19324e-01     8.61942e-01

    2.56362e-01     8.40258e-01
    2.19324e-01     8.61942e-01

    1.09662e-01     8.88305e-01
    9.92751e-02     8.87683e-01

    1.09662e-01     8.88305e-01
    1.09662e-01     8.88305e-01

    1.50349e-01     8.77296e-01
    1.17723e-01     8.85357e-01

    1.09662e-01     8.88305e-01
    1.17723e-01     8.85357e-01

   -1.32378e-01    -9.00012e-01
   -1.09662e-01    -8.98768e-01

   -1.68090e-01    -8.98522e-01
   -1.99405e-01    -8.97215e-01

   -1.68090e-01    -8.98522e-01
   -1.32378e-01    -9.00012e-01

   -1.09662e-01    -8.98768e-01
   -1.09662e-01    -8.98768e-01

   -8.99785e-02    -8.96979e-01
   -1.09662e-01    -8.98768e-01

   -8.98522e-01    -1.68090e-01
   -8.97215e-01    -1.99405e-01

   -8.98522e-01    -1.68090e-01
   -9.00012e-01    -1.32378e-01

   -8.98768e-01    -1.09662e-01
   -9.00012e-01    -1.32378e-01

   -8.98768e-01    -1.09662e-01
   -8.98768e-01    -1.09662e-01

   -8.98768e-01    -1.09662e-01
   -8.96979e-01    -8.99785e-02

    8.97953e-01     2.19324e-01
    8.97215e-01     1.99405e-01

    8.97953e-01     2.19324e-01
    8.97953e-01     2.19324e-01

    8.97953e-01     2.19324e-01
    8.97953e-01     2.19324e-01

    8.97953e-01     2.19324e-01
    8.99810e-01     2.41838e-01

    8.94426e-01     2.87268e-01
    8.91120e-01     3.15162e-01

    8.94426e-01     2.87268e-01
    8.99810e-01     2.41838e-01

    2.19324e-01     8.97953e-01
    1.99405e-01     8.97215e-01

    2.19324e-01     8.97953e-01
    2.19324e-01     8.97953e-01

    2.19324e-01     8.97953e-01
    2.19324e-01     8.97953e-01

    2.87268e-01     8.94426e-01
    3.15162e-01     8.91120e-01

    2.87268e-01     8.94426e-01
    2.41838e-01     8.99810e-01

    2.19324e-01     8.97953e-01
    2.41838e-01     8.99810e-01

    0.00000e+00    -8.98421e-01
   -2.02796e-02    -8.97575e-01

    0.00000e+00    -8.98421e-01
    0.00000e+00    -8.98421e-01

   -5.56488e-02    -8.97273e-01
   -8.99785e-02    -8.96979e-01

   -5.56488e-02    -8.97273e-01
   -2.02796e-02    -8.97575e-01

    0.00000e+00    -8.98421e-01
    0.00000e+00    -8.98421e-01

    0.00000e+00    -8.98421e-01
    2.02796e-02    -8.97575e-01

   -8.97273e-01    -5.56488e-02
   -8.96979e-01    -8.99785e-02

   -8.97273e-01    -5.56488e-02
   -8.97575e-01    -2.02796e-02

   -8.98421e-01     0.00000e+00
   -8.97575e-01    -2.02796e-02

   -8.98421e-01     0.00000e+00
   -8.98421e-01     0.00000e+00

   -8.98421e-01     0.00000e+00
   -8.98421e-01     0.00000e+00

   -8.98421e-01     0.00000e+00
   -8.97575e-01     2.02796e-02

    8.90396e-01     3.28986e-01
    8.91120e-01     3.15162e-01

    8.90396e-01     3.28986e-01
    8.90396e-01     3.28986e-01

    8.77296e-01     3.91493e-01
    8.72378e-01     4.33730e-01

    8.77296e-01     3.91493e-01
    8.77296e-01     3.91493e-01

    8.77296e-01     3.91493e-01
    8.77296e-01     3.91493e-01

    8.72588e-01     4.38648e-01
    8.72378e-01     4.33730e-01

    8.72588e-01     4.38648e-01
    8.72588e-01     4.38648e-01

    8.90396e-01     3.28986e-01
    8.90396e-01     3.28986e-01

    8.77296e-01     3.91493e-01
    8.77296e-01     3.91493e-01

    8.77296e-01     3.91493e-01
    8.77296e-01     3.91493e-01

    8.90396e-01     3.28986e-01
    8.91195e-01     3.42885e-01

    8.77296e-01     3.91493e-01
    8.91195e-01     3.42885e-01

    8.72588e-01     4.38648e-01
    8.72588e-01     4.38648e-01

    8.72588e-01     4.38648e-01
    8.73025e-01     4.42919e-01

    4.38648e-01     8.72588e-01
    4.33730e-01     8.72378e-01

    4.38648e-01     8.72588e-01
    4.38648e-01     8.72588e-01

    3.91493e-01     8.77296e-01
    4.33730e-01     8.72378e-01

    3.91493e-01     8.77296e-01
    3.91493e-01     8.77296e-01

    3.91493e-01     8.77296e-01
    3.91493e-01     8.77296e-01

    4.38648e-01     8.72588e-01
    4.38648e-01     8.72588e-01

    4.38648e-01     8.72588e-01
    4.42919e-01     8.73025e-01

    3.28986e-01     8.90396e-01
    3.15162e-01     8.91120e-01

    3.28986e-01     8.90396e-01
    3.28986e-01     8.90396e-01

    3.91493e-01     8.77296e-01
    3.91493e-01     8.77296e-01

    3.91493e-01     8.77296e-01
    3.91493e-01     8.77296e-01

    3.28986e-01     8.90396e-01
    3.28986e-01     8.90396e-01

    3.91493e-01     8.77296e-01
    3.42885e-01     8.91195e-01

    3.28986e-01     8.90396e-01
    3.42885e-01     8.91195e-01

    1.09662e-01    -8.98768e-01
    8.99785e-02    -8.96979e-01

    1.09662e-01    -8.98768e-01
    1.09662e-01    -8.98768e-01

    5.56488e-02    -8.97273e-01
    8.99785e-02    -8.96979e-01

    5.56488e-02    -8.97273e-01
    2.02796e-02    -8.97575e-01

    1.09662e-01    -8.98768e-01
    1.32378e-01    -9.00012e-01

   -8.97273e-01     5.56488e-02
   -8.96979e-01     8.99784e-02

   -8.97273e-01     5.56488e-02
   -8.97575e-01     2.02796e-02

   -8.98768e-01     1.09662e-01
   -8.96979e-01     8.99784e-02

   -8.98768e-01     1.09662e-01
   -8.98768e-01     1.09662e-01

   -8.98768e-01     1.09662e-01
   -8.98768e-01     1.09662e-01

   -8.98768e-01     1.09662e-01
   -9.00012e-01     1.32378e-01

    8.71190e-01     4.69921e-01
    8.66591e-01     5.37605e-01

    8.71190e-01     4.69921e-01
    8.73025e-01     4.42919e-01

    8.67652e-01     5.48310e-01
    8.66591e-01     5.37605e-01

    8.67652e-01     5.48310e-01
    8.67652e-01     5.48310e-01

    8.67652e-01     5.48310e-01
    8.67652e-01     5.48310e-01

    8.67652e-01     5.48310e-01
    8.68752e-01     5.56853e-01

    5.48310e-01     8.67652e-01
    5.37605e-01     8.66591e-01

    5.48310e-01     8.67652e-01
    5.48310e-01     8.67652e-01

    4.69921e-01     8.71190e-01
    5.37605e-01     8.66591e-01

    4.69921e-01     8.71190e-01
    4.42919e-01     8.73025e-01

    5.48310e-01     8.67652e-01
    5.48310e-01     8.67652e-01

    5.48310e-01     8.67652e-01
    5.56853e-01     8.68752e-01

    2.19324e-01    -8.97953e-01
    1.99405e-01    -8.97215e-01

    2.19324e-01    -8.97953e-01
    2.19324e-01    -8.97953e-01

    1.68090e-01    -8.98522e-01
    1.99405e-01    -8.97215e-01

    1.68090e-01    -8.98522e-01
    1.32378e-01    -9.00012e-01

    2.19324e-01    -8.97953e-01
    2.41838e-01    -8.99810e-01

   -8.98522e-01     1.68090e-01
   -8.97215e-01     1.99405e-01

   -8.98522e-01     1.68090e-01
   -9.00012e-01     1.32378e-01

   -8.97953e-01     2.19324e-01
   -8.97215e-01     1.99405e-01

   -8.97953e-01     2.19324e-01
   -8.97953e-01     2.19324e-01

   -8.97953e-01     2.19324e-01
   -8.99810e-01     2.41838e-01

    8.69079e-01     6.05238e-01
    8.68752e-01     5.56853e-01

    8.69079e-01     6.05238e-01
    8.69382e-01     6.50058e-01

    8.67948e-01     6.57972e-01
    8.69382e-01     6.50058e-01

    8.67948e-01     6.57972e-01
    8.67948e-01     6.57972e-01

    8.67948e-01     6.57972e-01
    8.67948e-01     6.57972e-01

    8.67948e-01     6.57972e-01
    8.67052e-01     6.68215e-01

    6.57972e-01     8.67948e-01
    6.50058e-01     8.69382e-01

    6.57972e-01     8.67948e-01
    6.57972e-01     8.67948e-01

    6.05238e-01     8.69079e-01
    5.56853e-01     8.68752e-01

    6.05238e-01     8.69079e-01
    6.50058e-01     8.69382e-01

    6.57972e-01     8.67948e-01
    6.57972e-01     8.67948e-01

    6.57972e-01     8.67948e-01
    6.68215e-01     8.67052e-01

    3.28986e-01    -8.90396e-01
    3.15162e-01    -8.91120e-01

    3.28986e-01    -8.90396e-01
    3.28986e-01    -8.90396e-01

    2.87267e-01    -8.94426e-01
    3.15162e-01    -8.91120e-01

    2.87267e-01    -8.94426e-01
    2.41838e-01    -8.99810e-01

    3.28986e-01    -8.90396e-01
    3.42885e-01    -8.91195e-01

   -8.94426e-01     2.87267e-01
   -8.91120e-01     3.15162e-01

   -8.94426e-01     2.87267e-01
   -8.99810e-01     2.41838e-01

   -8.90396e-01     3.28986e-01
   -8.91120e-01     3.15162e-01

   -8.90396e-01     3.28986e-01
   -8.90396e-01     3.28986e-01

   -8.90396e-01     3.28986e-01
   -8.91195e-01     3.42885e-01

    8.62771e-01     6.89887e-01
    8.52342e-01     7.42680e-01

    8.62771e-01     6.89887e-01
    8.67052e-01     6.68215e-01

    8.31717e-01     7.67634e-01
    8.52342e-01     7.42680e-01

    8.31717e-01     7.67634e-01
    8.31717e-01     7.67634e-01

    8.31717e-01     7.67634e-01
    8.31717e-01     7.67634e-01

    7.67634e-01     8.31717e-01
    7.42680e-01     8.52342e-01

    7.67634e-01     8.31717e-01
    7.67634e-01     8.31717e-01

    7.67634e-01     8.31717e-01
    7.67634e-01     8.31717e-01

    6.89887e-01     8.62771e-01
    7.42680e-01     8.52342e-01

    6.89887e-01     8.62771e-01
    6.68215e-01     8.67052e-01

    8.31717e-01     7.67634e-01
    8.31717e-01     7.67634e-01

    8.31717e-01     7.67634e-01
    8.31717e-01     7.67634e-01

    7.67634e-01     8.31717e-01
    7.67634e-01     8.31717e-01

    7.67634e-01     8.31717e-01
    7.67634e-01     8.31717e-01

    8.31717e-01     7.67634e-01
    8.31717e-01     7.67634e-01

    8.31717e-01     7.67634e-01
    8.18302e-01     8.09323e-01

    8.16116e-01     8.16116e-01
    8.18302e-01     8.09323e-01

    7.67634e-01     8.31717e-01
    7.67634e-01     8.31717e-01

    7.67634e-01     8.31717e-01
    8.09323e-01     8.18302e-01

    8.16116e-01     8.16116e-01
    8.09323e-01     8.18302e-01

    3.91493e-01    -8.77296e-01
    3.42885e-01    -8.91195e-01

    3.91493e-01    -8.77296e-01
    3.91493e-01    -8.77296e-01

    3.91493e-01    -8.77296e-01
    3.91493e-01    -8.77296e-01

    3.91493e-01    -8.77296e-01
    4.33730e-01    -8.72378e-01

   -8.77296e-01     3.91493e-01
   -8.91195e-01     3.42885e-01

   -8.77296e-01     3.91493e-01
   -8.77296e-01     3.91493e-01

   -8.77296e-01     3.91493e-01
   -8.77296e-01     3.91493e-01

   -8.77296e-01     3.91493e-01
   -8.72378e-01     4.33730e-01

    4.38648e-01    -8.72587e-01
    4.33730e-01    -8.72378e-01

    4.38648e-01    -8.72587e-01
    4.38648e-01    -8.72587e-01

    4.38648e-01    -8.72587e-01
    4.38648e-01    -8.72587e-01

    5.37605e-01    -8.66591e-01
    4.69922e-01    -8.71190e-01

    4.42919e-01    -8.73025e-01
    4.69922e-01    -8.71190e-01

    4.38648e-01    -8.72587e-01
    4.42919e-01    -8.73025e-01

   -8.72587e-01     4.38648e-01
   -8.72378e-01     4.33730e-01

   -8.72587e-01     4.38648e-01
   -8.72587e-01     4.38648e-01

   -8.72587e-01     4.38648e-01
   -8.72587e-01     4.38648e-01

   -8.72587e-01     4.38648e-01
   -8.73025e-01     4.42919e-01

   -8.66591e-01     5.37605e-01
   -8.71190e-01     4.69922e-01

   -8.73025e-01     4.42919e-01
   -8.71190e-01     4.69922e-01

    5.48310e-01    -8.67652e-01
    5.37605e-01    -8.66591e-01

    5.48310e-01    -8.67652e-01
    5.48310e-01    -8.67652e-01

    5.48310e-01    -8.67652e-01
    5.48310e-01    -8.67652e-01

    5.56853e-01    -8.68752e-01
    6.05239e-01    -8.69079e-01

    6.50058e-01    -8.69382e-01
    6.05239e-01    -8.69079e-01

    5.48310e-01    -8.67652e-01
    5.56853e-01    -8.68752e-01

   -8.67652e-01     5.48310e-01
   -8.66591e-01     5.37605e-01

   -8.67652e-01     5.48310e-01
   -8.67652e-01     5.48310e-01

   -8.67652e-01     5.48310e-01
   -8.68752e-01     5.56853e-01

   -8.68752e-01     5.56853e-01
   -8.69079e-01     6.05239e-01

   -8.69382e-01     6.50058e-01
   -8.69079e-01     6.05239e-01

    6.57972e-01    -8.67948e-01
    6.50058e-01    -8.69382e-01

    6.57972e-01    -8.67948e-01
    6.57972e-01    -8.67948e-01

    7.42680e-01    -8.52342e-01
    6.89887e-01    -8.62771e-01

    6.68215e-01    -8.67052e-01
    6.89887e-01    -8.62771e-01

    6.57972e-01    -8.67948e-01
    6.68215e-01    -8.67052e-01

   -8.67948e-01     6.57972e-01
   -8.69382e-01     6.50058e-01

   -8.67948e-01     6.57972e-01
   -8.67948e-01     6.57972e-01

   -8.67948e-01     6.57972e-01
   -8.67052e-01     6.68215e-01

   -8.52342e-01     7.42680e-01
   -8.62771e-01     6.89887e-01

   -8.67052e-01     6.68215e-01
   -8.62771e-01     6.89887e-01

    7.67634e-01    -8.31717e-01
    7.42680e-01    -8.52342e-01

    7.67634e-01    -8.31717e-01
    7.67634e-01    -8.31717e-01

    7.67634e-01    -8.31717e-01
    7.67634e-01    -8.31717e-01

    7.67634e-01    -8.31717e-01
    7.67634e-01    -8.31717e-01

    7.67634e-01    -8.31717e-01
    7.67634e-01    -8.31717e-01

    7.67634e-01    -8.31717e-01
    8.09323e-01    -8.18302e-01

    8.16116e-01    -8.16116e-01
    8.09323e-01    -8.18302e-01

    7.67634e-01    -8.31717e-01
    7.67634e-01    -8.31717e-01

   -8.31717e-01     7.67634e-01
   -8.52342e-01     7.42680e-01

   -8.31717e-01     7.67634e-01
   -8.31717e-01     7.67634e-01

   -8.31717e-01     7.67634e-01
   -8.31717e-01     7.67634e-01

   -8.31717e-01     7.67634e-01
   -8.31717e-01     7.67634e-01

   -8.31717e-01     7.67634e-01
   -8.31717e-01     7.67634e-01

   -8.31717e-01     7.67634e-01
   -8.18302e-01     8.09323e-01

   -8.16116e-01     8.16116e-01
   -8.18302e-01     8.09323e-01

   -8.31717e-01     7.67634e-01
   -8.31717e-01     7.67634e-01

    8.31717e-01    -7.67634e-01
    8.18302e-01    -8.09323e-01

    8.16116e-01    -8.16116e-01
    8.18302e-01    -8.09323e-01

    8.31717e-01    -7.67634e-01
    8.31717e-01    -7.67634e-01

    8.31717e-01    -7.67634e-01
    8.31717e-01    -7.67634e-01

    8.31717e-01    -7.67634e-01
    8.31717e-01    -7.67634e-01

    8.31717e-01    -7.67634e-01
    8.31717e-01    -7.67634e-01

    8.31717e-01    -7.67634e-01
    8.31717e-01    -7.67634e-01

    8.31717e-01    -7.67634e-01
    8.52342e-01    -7.42680e-01

   -7.67634e-01     8.31717e-01
   -8.09323e-01     8.18302e-01

   -8.16116e-01     8.16116e-01
   -8.09323e-01     8.18302e-01

   -7.67634e-01     8.31717e-01
   -7.67634e-01     8.31717e-01

   -7.67634e-01     8.31717e-01
   -7.67634e-01     8.31717e-01

   -7.67634e-01     8.31717e-01
   -7.67634e-01     8.31717e-01

   -7.67634e-01     8.31717e-01
   -7.67634e-01     8.31717e-01

   -7.67634e-01     8.31717e-01
   -7.67634e-01     8.31717e-01

   -7.67634e-01     8.31717e-01
   -7.42680e-01     8.52342e-01

    8.62771e-01    -6.89887e-01
    8.52342e-01    -7.42680e-01

    8.62771e-01    -6.89887e-01
    8.67052e-01    -6.68215e-01

    8.67052e-01    -6.68215e-01
    8.67948e-01    -6.57972e-01

    8.67948e-01    -6.57972e-01
    8.67948e-01    -6.57972e-01

    8.69382e-01    -6.50058e-01
    8.67948e-01    -6.57972e-01

   -6.68215e-01     8.67052e-01
   -6.57972e-01     8.67948e-01

   -6.89887e-01     8.62771e-01
   -7.42680e-01     8.52342e-01

   -6.89887e-01     8.62771e-01
   -6.68215e-01     8.67052e-01

   -6.57972e-01     8.67948e-01
   -6.57972e-01     8.67948e-01

   -6.50058e-01     8.69382e-01
   -6.57972e-01     8.67948e-01

    8.69079e-01    -6.05239e-01
    8.68752e-01    -5.56853e-01

    8.69079e-01    -6.05239e-01
    8.69382e-01    -6.50058e-01

    8.68752e-01    -5.56853e-01
    8.67652e-01    -5.48310e-01

    8.67652e-01    -5.48310e-01
    8.67652e-01    -5.48310e-01

    8.66591e-01    -5.37605e-01
    8.67652e-01    -5.48310e-01

   -5.48310e-01     8.67652e-01
   -5.56853e-01     8.68752e-01

   -5.48310e-01     8.67652e-01
   -5.48310e-01     8.67652e-01

   -6.05239e-01     8.69079e-01
   -5.56853e-01     8.68752e-01

   -6.05239e-01     8.69079e-01
   -6.50058e-01     8.69382e-01

   -5.48310e-01     8.67652e-01
   -5.48310e-01     8.67652e-01

   -5.48310e-01     8.67652e-01
   -5.37605e-01     8.66591e-01

    8.71190e-01    -4.69922e-01
    8.66591e-01    -5.37605e-01

    8.71190e-01    -4.69922e-01
    8.73025e-01    -4.42919e-01

    8.72587e-01    -4.38648e-01
    8.73025e-01    -4.42919e-01

    8.72587e-01    -4.38648e-01
    8.72587e-01    -4.38648e-01

    8.72587e-01    -4.38648e-01
    8.72587e-01    -4.38648e-01

    8.72587e-01    -4.38648e-01
    8.72378e-01    -4.33730e-01

   -4.38648e-01     8.72587e-01
   -4.42919e-01     8.73025e-01

   -4.38648e-01     8.72587e-01
   -4.38648e-01     8.72587e-01

   -4.69922e-01     8.71190e-01
   -5.37605e-01     8.66591e-01

   -4.69922e-01     8.71190e-01
   -4.42919e-01     8.73025e-01

   -4.38648e-01     8.72587e-01
   -4.38648e-01     8.72587e-01

   -4.38648e-01     8.72587e-01
   -4.33730e-01     8.72378e-01

    8.72378e-01    -4.33730e-01
    8.77296e-01    -3.91493e-01

    8.77296e-01    -3.91493e-01
    8.77296e-01    -3.91493e-01

    8.77296e-01    -3.91493e-01
    8.77296e-01    -3.91493e-01

    8.91195e-01    -3.42885e-01
    8.77296e-01    -3.91493e-01

   -4.33730e-01     8.72378e-01
   -3.91493e-01     8.77296e-01

   -3.91493e-01     8.77296e-01
   -3.91493e-01     8.77296e-01

   -3.91493e-01     8.77296e-01
   -3.91493e-01     8.77296e-01

   -3.42885e-01     8.91195e-01
   -3.91493e-01     8.77296e-01

   -8.16116e-01    -8.16116e-01
   -8.16116e-01    -8.16116e-01

   -8.16116e-01    -8.16116e-01
   -7.67634e-01    -8.31717e-01

   -8.16116e-01    -8.16116e-01
   -8.16116e-01    -8.16116e-01

   -7.67634e-01    -8.31717e-01
   -8.16116e-01    -8.16116e-01

   -7.67634e-01    -8.31717e-01
   -7.67634e-01    -8.31717e-01

   -7.67634e-01    -8.31717e-01
   -7.67634e-01    -8.31717e-01

   -8.16116e-01    -8.16116e-01
   -8.16116e-01    -8.16116e-01

   -8.16116e-01    -8.16116e-01
   -8.31717e-01    -7.67634e-01

   -8.16116e-01    -8.16116e-01
   -8.16116e-01    -8.16116e-01

   -8.16116e-01    -8.16116e-01
   -8.31717e-01    -7.67634e-01

   -8.31717e-01    -7.67634e-01
   -8.31717e-01    -7.67634e-01

   -8.31717e-01    -7.67634e-01
   -8.31717e-01    -7.67634e-01

   -7.67634e-01    -8.31717e-01
   -7.67634e-01    -8.31717e-01

   -7.67634e-01    -8.31717e-01
   -7.67634e-01    -8.31717e-01

   -6.89887e-01    -8.62771e-01
   -7.42680e-01    -8.52342e-01

   -6.89887e-01    -8.62771e-01
   -7.42680e-01    -8.52342e-01

   -7.42680e-01    -8.52342e-01
   -7.42680e-01    -8.52342e-01

   -6.89887e-01    -8.62771e-01
   -6.89887e-01    -8.62771e-01

   -6.89887e-01    -8.62771e-01
   -6.89887e-01    -8.62771e-01

   -6.89887e-01    -8.62771e-01
   -6.68215e-01    -8.67052e-01

   -7.67634e-01    -8.31717e-01
   -7.42680e-01    -8.52342e-01

   -7.42680e-01    -8.52342e-01
   -7.67634e-01    -8.31717e-01

   -8.31717e-01    -7.67634e-01
   -8.31717e-01    -7.67634e-01

   -8.31717e-01    -7.67634e-01
   -8.31717e-01    -7.67634e-01

   -8.31717e-01    -7.67634e-01
   -8.52342e-01    -7.42680e-01

   -8.31717e-01    -7.67634e-01
   -8.52342e-01    -7.42680e-01

   -8.52342e-01    -7.42680e-01
   -8.62771e-01    -6.89887e-01

   -8.62771e-01    -6.89887e-01
   -8.52342e-01    -7.42680e-01

   -8.52342e-01    -7.42680e-01
   -8.52342e-01    -7.42680e-01

   -8.62771e-01    -6.89887e-01
   -8.62771e-01    -6.89887e-01

   -8.62771e-01    -6.89887e-01
   -8.62771e-01    -6.89887e-01

   -8.62771e-01    -6.89887e-01
   -8.67052e-01    -6.68215e-01

    8.91195e-01    -3.42885e-01
    8.90396e-01    -3.28986e-01

    8.90396e-01    -3.28986e-01
    8.90396e-01    -3.28986e-01

    8.91120e-01    -3.15162e-01
    8.90396e-01    -3.28986e-01

    8.94426e-01    -2.87268e-01
    8.91120e-01    -3.15162e-01

    8.94426e-01    -2.87268e-01
    8.99810e-01    -2.41838e-01

   -3.42885e-01     8.91195e-01
   -3.28986e-01     8.90396e-01

   -3.28986e-01     8.90396e-01
   -3.28986e-01     8.90396e-01

   -2.87267e-01     8.94426e-01
   -3.15162e-01     8.91120e-01

   -2.87267e-01     8.94426e-01
   -2.41838e-01     8.99810e-01

   -3.15162e-01     8.91120e-01
   -3.28986e-01     8.90396e-01

   -6.57972e-01    -8.67948e-01
   -6.57972e-01    -8.67948e-01

   -6.57972e-01    -8.67948e-01
   -6.68215e-01    -8.67052e-01

   -6.57972e-01    -8.67948e-01
   -6.57972e-01    -8.67948e-01

   -6.57972e-01    -8.67948e-01
   -6.57972e-01    -8.67948e-01

   -6.05239e-01    -8.69079e-01
   -5.56853e-01    -8.68752e-01

   -6.05239e-01    -8.69079e-01
   -5.56853e-01    -8.68752e-01

   -5.56853e-01    -8.68752e-01
   -5.56853e-01    -8.68752e-01

   -6.50058e-01    -8.69382e-01
   -6.05239e-01    -8.69079e-01

   -6.05239e-01    -8.69079e-01
   -6.05239e-01    -8.69079e-01

   -6.05239e-01    -8.69079e-01
   -6.50058e-01    -8.69382e-01

   -6.57972e-01    -8.67948e-01
   -6.50058e-01    -8.69382e-01

   -6.50058e-01    -8.69382e-01
   -6.57972e-01    -8.67948e-01

   -8.67948e-01    -6.57972e-01
   -8.67948e-01    -6.57972e-01

   -8.67948e-01    -6.57972e-01
   -8.67052e-01    -6.68215e-01

   -8.67948e-01    -6.57972e-01
   -8.67948e-01    -6.57972e-01

   -8.67948e-01    -6.57972e-01
   -8.67948e-01    -6.57972e-01

   -8.67948e-01    -6.57972e-01
   -8.69382e-01    -6.50058e-01

   -8.67948e-01    -6.57972e-01
   -8.69382e-01    -6.50058e-01

   -8.68752e-01    -5.56853e-01
   -8.69079e-01    -6.05239e-01

   -8.69079e-01    -6.05239e-01
   -8.68752e-01    -5.56853e-01

   -8.68752e-01    -5.56853e-01
   -8.68752e-01    -5.56853e-01

   -8.69382e-01    -6.50058e-01
   -8.69079e-01    -6.05239e-01

   -8.69079e-01    -6.05239e-01
   -8.69079e-01    -6.05239e-01

   -8.69382e-01    -6.50058e-01
   -8.69079e-01    -6.05239e-01

    8.99810e-01    -2.41838e-01
    8.97953e-01    -2.19324e-01

    8.97953e-01    -2.19324e-01
    8.97953e-01    -2.19324e-01

    8.97215e-01    -1.99405e-01
    8.97953e-01    -2.19324e-01

    8.98522e-01    -1.68090e-01
    8.97215e-01    -1.99405e-01

    8.98522e-01    -1.68090e-01
    9.00012e-01    -1.32378e-01

   -2.41838e-01     8.99810e-01
   -2.19324e-01     8.97953e-01

   -2.19324e-01     8.97953e-01
   -2.19324e-01     8.97953e-01

   -1.68090e-01     8.98522e-01
   -1.99405e-01     8.97215e-01

   -1.68090e-01     8.98522e-01
   -1.32378e-01     9.00012e-01

   -1.99405e-01     8.97215e-01
   -2.19324e-01     8.97953e-01

   -5.56853e-01    -8.68752e-01
   -5.48310e-01    -8.67652e-01

   -5.48310e-01    -8.67652e-01
   -5.56853e-01    -8.68752e-01

   -5.48310e-01    -8.67652e-01
   -5.48310e-01    -8.67652e-01

   -5.48310e-01    -8.67652e-01
   -5.48310e-01    -8.67652e-01

   -4.69921e-01    -8.71190e-01
   -5.37605e-01    -8.66591e-01

   -4.69921e-01    -8.71190e-01
   -5.37605e-01    -8.66591e-01

   -5.37605e-01    -8.66591e-01
   -5.37605e-01    -8.66591e-01

   -4.42919e-01    -8.73025e-01
   -4.69921e-01    -8.71190e-01

   -4.69921e-01    -8.71190e-01
   -4.69921e-01    -8.71190e-01

   -4.69921e-01    -8.71190e-01
   -4.42919e-01    -8.73025e-01

   -5.37605e-01    -8.66591e-01
   -5.48310e-01    -8.67652e-01

   -5.48310e-01    -8.67652e-01
   -5.37605e-01    -8.66591e-01

   -8.68752e-01    -5.56853e-01
   -8.67652e-01    -5.48310e-01

   -8.68752e-01    -5.56853e-01
   -8.67652e-01    -5.48310e-01

   -8.67652e-01    -5.48310e-01
   -8.67652e-01    -5.48310e-01

   -8.67652e-01    -5.48310e-01
   -8.67652e-01    -5.48310e-01

   -8.67652e-01    -5.48310e-01
   -8.66591e-01    -5.37605e-01

   -8.66591e-01    -5.37605e-01
   -8.67652e-01    -5.48310e-01

   -8.66591e-01    -5.37605e-01
   -8.71190e-01    -4.69921e-01

   -8.71190e-01    -4.69921e-01
   -8.66591e-01    -5.37605e-01

   -8.66591e-01    -5.37605e-01
   -8.66591e-01    -5.37605e-01

   -8.71190e-01    -4.69921e-01
   -8.73025e-01    -4.42919e-01

   -8.71190e-01    -4.69921e-01
   -8.71190e-01    -4.69921e-01

   -8.73025e-01    -4.42919e-01
   -8.71190e-01    -4.69921e-01

    8.98768e-01    -1.09662e-01
    9.00012e-01    -1.32378e-01

    8.98768e-01    -1.09662e-01
    8.98768e-01    -1.09662e-01

    8.98768e-01    -1.09662e-01
    8.98768e-01    -1.09662e-01

    8.98768e-01    -1.09662e-01
    8.96979e-01    -8.99784e-02

    8.97273e-01    -5.56488e-02
    8.96979e-01    -8.99784e-02

    8.97273e-01    -5.56488e-02
    8.97575e-01    -2.02796e-02

   -1.32378e-01     9.00012e-01
   -1.09662e-01     8.98768e-01

   -1.09662e-01     8.98768e-01
   -1.09662e-01     8.98768e-01

   -5.56488e-02     8.97273e-01
   -8.99785e-02     8.96979e-01

   -5.56488e-02     8.97273e-01
   -2.02796e-02     8.97575e-01

   -8.99785e-02     8.96979e-01
   -1.09662e-01     8.98768e-01

   -3.28986e-01    -8.90396e-01
   -3.42885e-01    -8.91195e-01

   -3.42885e-01    -8.91195e-01
   -3.42885e-01    -8.91195e-01

   -3.42885e-01    -8.91195e-01
   -3.28986e-01    -8.90396e-01

   -3.42885e-01    -8.91195e-01
   -3.42885e-01    -8.91195e-01

   -3.28986e-01    -8.90396e-01
   -3.28986e-01    -8.90396e-01

   -3.28986e-01    -8.90396e-01
   -3.28986e-01    -8.90396e-01

   -3.42885e-01    -8.91195e-01
   -3.91493e-01    -8.77296e-01

   -3.91493e-01    -8.77296e-01
   -3.42885e-01    -8.91195e-01

   -3.91493e-01    -8.77296e-01
   -3.91493e-01    -8.77296e-01

   -3.91493e-01    -8.77296e-01
   -3.91493e-01    -8.77296e-01

   -3.28986e-01    -8.90396e-01
   -3.28986e-01    -8.90396e-01

   -3.28986e-01    -8.90396e-01
   -3.28986e-01    -8.90396e-01

   -3.15162e-01    -8.91120e-01
   -3.28986e-01    -8.90396e-01

   -3.15162e-01    -8.91120e-01
   -3.28986e-01    -8.90396e-01

   -4.42919e-01    -8.73025e-01
   -4.38648e-01    -8.72588e-01

   -4.38648e-01    -8.72588e-01
   -4.42919e-01    -8.73025e-01

   -4.38648e-01    -8.72588e-01
   -4.38648e-01    -8.72588e-01

   -3.91493e-01    -8.77296e-01
   -3.91493e-01    -8.77296e-01

   -3.91493e-01    -8.77296e-01
   -3.91493e-01    -8.77296e-01

   -4.38648e-01    -8.72588e-01
   -4.38648e-01    -8.72588e-01

   -4.33730e-01    -8.72378e-01
   -3.91493e-01    -8.77296e-01

   -3.91493e-01    -8.77296e-01
   -4.33730e-01    -8.72378e-01

   -4.33730e-01    -8.72378e-01
   -4.38648e-01    -8.72588e-01

   -4.38648e-01    -8.72588e-01
   -4.33730e-01    -8.72378e-01

   -8.73025e-01    -4.42919e-01
   -8.72588e-01    -4.38648e-01

   -8.73025e-01    -4.42919e-01
   -8.72588e-01    -4.38648e-01

   -8.72588e-01    -4.38648e-01
   -8.72588e-01    -4.38648e-01

   -8.77296e-01    -3.91493e-01
   -8.91195e-01    -3.42885e-01

   -8.91195e-01    -3.42885e-01
   -8.77296e-01    -3.91493e-01

   -8.77296e-01    -3.91493e-01
   -8.77296e-01    -3.91493e-01

   -8.77296e-01    -3.91493e-01
   -8.77296e-01    -3.91493e-01

   -8.91195e-01    -3.42885e-01
   -8.90396e-01    -3.28986e-01

   -8.91195e-01    -3.42885e-01
   -8.91195e-01    -3.42885e-01

   -8.90396e-01    -3.28986e-01
   -8.91195e-01    -3.42885e-01

   -8.91195e-01    -3.42885e-01
   -8.91195e-01    -3.42885e-01

   -8.90396e-01    -3.28986e-01
   -8.90396e-01    -3.28986e-01

   -8.90396e-01    -3.28986e-01
   -8.90396e-01    -3.28986e-01

   -8.72588e-01    -4.38648e-01
   -8.72588e-01    -4.38648e-01

   -8.77296e-01    -3.91493e-01
   -8.77296e-01    -3.91493e-01

   -8.77296e-01    -3.91493e-01
   -8.77296e-01    -3.91493e-01

   -8.72588e-01    -4.38648e-01
   -8.72378e-01    -4.33730e-01

   -8.72378e-01    -4.33730e-01
   -8.72588e-01    -4.38648e-01

   -8.72378e-01    -4.33730e-01
   -8.77296e-01    -3.91493e-01

   -8.72378e-01    -4.33730e-01
   -8.77296e-01    -3.91493e-01

   -8.90396e-01    -3.28986e-01
   -8.90396e-01    -3.28986e-01

   -8.90396e-01    -3.28986e-01
   -8.90396e-01    -3.28986e-01

   -8.91120e-01    -3.15162e-01
   -8.90396e-01    -3.28986e-01

   -8.90396e-01    -3.28986e-01
   -8.91120e-01    -3.15162e-01

    8.98421e-01     0.00000e+00
    8.97575e-01    -2.02796e-02

    8.98421e-01     0.00000e+00
    8.98421e-01     0.00000e+00

    8.98421e-01     0.00000e+00
    8.98421e-01     0.00000e+00

    8.98421e-01     0.00000e+00
    8.97575e-01     2.02796e-02

    8.97273e-01     5.56488e-02
    8.96979e-01     8.99785e-02

    8.97273e-01     5.56488e-02
    8.97575e-01     2.02796e-02

    0.00000e+00     8.98421e-01
   -2.02796e-02     8.97575e-01

    0.00000e+00     8.98421e-01
    0.00000e+00     8.98421e-01

    0.00000e+00     8.98421e-01
    0.00000e+00     8.98421e-01

    5.56488e-02     8.97273e-01
    8.99785e-02     8.96979e-01

    5.56488e-02     8.97273e-01
    2.02796e-02     8.97575e-01

    0.00000e+00     8.98421e-01
    2.02796e-02     8.97575e-01

   -2.41838e-01    -8.99810e-01
   -2.19324e-01    -8.97953e-01

   -2.19324e-01    -8.97953e-01
   -2.41838e-01    -8.99810e-01

   -2.19324e-01    -8.97953e-01
   -2.19324e-01    -8.97953e-01

   -3.15162e-01    -8.91120e-01
   -2.87268e-01    -8.94426e-01

   -3.15162e-01    -8.91120e-01
   -3.15162e-01    -8.91120e-01

   -2.41838e-01    -8.99810e-01
   -2.41838e-01    -8.99810e-01

   -2.41838e-01    -8.99810e-01
   -2.41838e-01    -8.99810e-01

   -2.41838e-01    -8.99810e-01
   -2.87268e-01    -8.94426e-01

   -2.19324e-01    -8.97953e-01
   -2.19324e-01    -8.97953e-01

   -1.99405e-01    -8.97215e-01
   -2.19324e-01    -8.97953e-01

   -2.19324e-01    -8.97953e-01
   -1.99405e-01    -8.97215e-01

   -8.91120e-01    -3.15162e-01
   -8.94426e-01    -2.87268e-01

   -8.91120e-01    -3.15162e-01
   -8.91120e-01    -3.15162e-01

   -8.99810e-01    -2.41838e-01
   -8.99810e-01    -2.41838e-01

   -8.99810e-01    -2.41838e-01
   -8.99810e-01    -2.41838e-01

   -8.99810e-01    -2.41838e-01
   -8.94426e-01    -2.87268e-01

   -8.99810e-01    -2.41838e-01
   -8.97953e-01    -2.19324e-01

   -8.99810e-01    -2.41838e-01
   -8.97953e-01    -2.19324e-01

   -8.97953e-01    -2.19324e-01
   -8.97953e-01    -2.19324e-01

   -8.97953e-01    -2.19324e-01
   -8.97953e-01    -2.19324e-01

   -8.97953e-01    -2.19324e-01
   -8.97215e-01    -1.99405e-01

   -8.97215e-01    -1.99405e-01
   -8.97953e-01    -2.19324e-01

    8.96979e-01     8.99785e-02
    8.98768e-01     1.09662e-01

    8.98768e-01     1.09662e-01
    8.98768e-01     1.09662e-01

    9.00012e-01     1.32378e-01
    8.98768e-01     1.09662e-01

    8.98522e-01     1.68090e-01
    8.97215e-01     1.99405e-01

    8.98522e-01     1.68090e-01
    9.00012e-01     1.32378e-01

    1.09662e-01     8.98768e-01
    8.99785e-02     8.96979e-01

    1.09662e-01     8.98768e-01
    1.09662e-01     8.98768e-01

    1.68090e-01     8.98522e-01
    1.99405e-01     8.97215e-01

    1.68090e-01     8.98522e-01
    1.32378e-01     9.00012e-01

    1.09662e-01     8.98768e-01
    1.32378e-01     9.00012e-01

