   -2.67671e-01    -8.15981e-01
   -2.19324e-01    -8.06807e-01

   -2.72821e-01    -8.17157e-01
   -2.67671e-01    -8.15981e-01

   -2.72821e-01    -8.17157e-01
   -2.78228e-01    -8.18392e-01

   -2.19324e-01    -8.06807e-01
   -2.19324e-01    -8.06807e-01

   -1.90173e-01    -7.96784e-01
   -2.19324e-01    -8.06807e-01

   -8.17157e-01    -2.72821e-01
   -8.15981e-01    -2.67671e-01

   -8.17157e-01    -2.72821e-01
   -8.18392e-01    -2.78228e-01

   -8.15981e-01    -2.67671e-01
   -8.06806e-01    -2.19324e-01

   -8.06806e-01    -2.19324e-01
   -8.06806e-01    -2.19324e-01

   -7.96784e-01    -1.90173e-01
   -8.06806e-01    -2.19324e-01

    8.30230e-01     3.28986e-01
    8.18392e-01     2.78228e-01

    8.30230e-01     3.28986e-01
    8.30230e-01     3.28986e-01

    8.30230e-01     3.28986e-01
    8.30230e-01     3.28986e-01

    8.30230e-01     3.28986e-01
    8.09144e-01     3.70496e-01

    7.92310e-01     4.06053e-01
    7.85190e-01     4.21092e-01

    7.92310e-01     4.06053e-01
    8.09144e-01     3.70496e-01

    3.28986e-01     8.30230e-01
    2.78228e-01     8.18392e-01

    3.28986e-01     8.30230e-01
    3.28986e-01     8.30230e-01

    3.28986e-01     8.30230e-01
    3.28986e-01     8.30230e-01

    4.06053e-01     7.92310e-01
    4.21092e-01     7.85190e-01

    4.06053e-01     7.92310e-01
    3.70496e-01     8.09144e-01

    3.28986e-01     8.30230e-01
    3.70496e-01     8.09144e-01

   -1.16054e-01    -7.74025e-01
   -1.09662e-01    -7.73096e-01

   -1.29383e-01    -7.78118e-01
   -1.16054e-01    -7.74025e-01

   -1.29383e-01    -7.78118e-01
   -1.90173e-01    -7.96784e-01

   -1.09662e-01    -7.73096e-01
   -1.09662e-01    -7.73096e-01

   -1.05228e-01    -7.72067e-01
   -1.09662e-01    -7.73096e-01

   -7.78118e-01    -1.29383e-01
   -7.74025e-01    -1.16054e-01

   -7.78118e-01    -1.29383e-01
   -7.96784e-01    -1.90173e-01

   -7.73096e-01    -1.09662e-01
   -7.74025e-01    -1.16054e-01

   -7.73096e-01    -1.09662e-01
   -7.73096e-01    -1.09662e-01

   -7.73096e-01    -1.09662e-01
   -7.73096e-01    -1.09662e-01

   -7.73096e-01    -1.09662e-01
   -7.72067e-01    -1.05228e-01

    7.79862e-01     4.38648e-01
    7.85190e-01     4.21092e-01

    7.79862e-01     4.38648e-01
    7.79862e-01     4.38648e-01

    7.67634e-01     4.57226e-01
    7.21757e-01     5.02433e-01

    7.67634e-01     4.57226e-01
    7.67634e-01     4.57226e-01

    7.03209e-01     5.48310e-01
    7.21757e-01     5.02433e-01

    7.03209e-01     5.48310e-01
    7.03209e-01     5.48310e-01

    7.03209e-01     5.48310e-01
    7.03209e-01     5.48310e-01

    7.79862e-01     4.38648e-01
    7.79862e-01     4.38648e-01

    7.67634e-01     4.57226e-01
    7.67634e-01     4.57226e-01

    7.79862e-01     4.38648e-01
    7.75137e-01     4.46152e-01

    7.67634e-01     4.57226e-01
    7.75137e-01     4.46152e-01

    6.57972e-01     6.00399e-01
    6.21285e-01     6.21285e-01

    6.57972e-01     6.00399e-01
    6.57972e-01     6.00399e-01

    6.00399e-01     6.57972e-01
    6.21285e-01     6.21285e-01

    6.00399e-01     6.57972e-01
    6.00399e-01     6.57972e-01

    7.03209e-01     5.48310e-01
    7.03209e-01     5.48310e-01

    7.03209e-01     5.48310e-01
    7.03209e-01     5.48310e-01

    6.57972e-01     6.00399e-01
    6.57972e-01     6.00399e-01

    7.03209e-01     5.48310e-01
    6.80597e-01     5.70935e-01

    6.57972e-01     6.00399e-01
    6.80597e-01     5.70935e-01

    5.48310e-01     7.03209e-01
    5.02433e-01     7.21757e-01

    5.48310e-01     7.03209e-01
    5.48310e-01     7.03209e-01

    5.48310e-01     7.03209e-01
    5.48310e-01     7.03209e-01

    4.57226e-01     7.67634e-01
    5.02433e-01     7.21757e-01

    4.57226e-01     7.67634e-01
    4.57226e-01     7.67634e-01

    6.00399e-01     6.57972e-01
    6.00399e-01     6.57972e-01

    5.48310e-01     7.03209e-01
    5.48310e-01     7.03209e-01

    5.48310e-01     7.03209e-01
    5.48310e-01     7.03209e-01

    6.00399e-01     6.57972e-01
    5.70935e-01     6.80597e-01

    5.48310e-01     7.03209e-01
    5.70935e-01     6.80597e-01

    4.38648e-01     7.79862e-01
    4.21092e-01     7.85190e-01

    4.38648e-01     7.79862e-01
    4.38648e-01     7.79862e-01

    4.57226e-01     7.67634e-01
    4.57226e-01     7.67634e-01

    4.38648e-01     7.79862e-01
    4.38648e-01     7.79862e-01

    4.57226e-01     7.67634e-01
    4.46152e-01     7.75137e-01

    4.38648e-01     7.79862e-01
    4.46152e-01     7.75137e-01

   -1.05228e-01    -7.72067e-01
   -6.81307e-02    -7.67634e-01

   -6.81307e-02    -7.67634e-01
   -6.81307e-02    -7.67634e-01

   -6.81306e-02    -7.67634e-01
   -6.81307e-02    -7.67634e-01

   -6.01295e-03    -7.61621e-01
   -6.81306e-02    -7.67634e-01

   -7.67634e-01    -6.81307e-02
   -7.72067e-01    -1.05228e-01

   -7.67634e-01    -6.81307e-02
   -7.67634e-01    -6.81307e-02

   -7.67634e-01    -6.81307e-02
   -7.67634e-01    -6.81307e-02

   -7.67634e-01    -6.81307e-02
   -7.67634e-01    -6.81307e-02

   -7.67634e-01    -6.81307e-02
   -7.67634e-01    -6.81307e-02

   -7.67634e-01    -6.81307e-02
   -7.61621e-01    -6.01295e-03

    1.09662e-01    -7.73096e-01
    1.05228e-01    -7.72067e-01

    1.09662e-01    -7.73096e-01
    1.09662e-01    -7.73096e-01

    6.81307e-02    -7.67634e-01
    1.05228e-01    -7.72067e-01

    6.81307e-02    -7.67634e-01
    6.81307e-02    -7.67634e-01

    6.81307e-02    -7.67634e-01
    6.81306e-02    -7.67634e-01

    1.09662e-01    -7.73096e-01
    1.16054e-01    -7.74025e-01

    0.00000e+00    -7.61312e-01
   -6.01295e-03    -7.61621e-01

    0.00000e+00    -7.61312e-01
    0.00000e+00    -7.61312e-01

    0.00000e+00    -7.61312e-01
    0.00000e+00    -7.61312e-01

    6.81306e-02    -7.67634e-01
    6.01295e-03    -7.61621e-01

    0.00000e+00    -7.61312e-01
    6.01295e-03    -7.61621e-01

   -7.61312e-01     0.00000e+00
   -7.61621e-01    -6.01295e-03

   -7.61312e-01     0.00000e+00
   -7.61312e-01     0.00000e+00

   -7.67634e-01     6.81307e-02
   -7.72067e-01     1.05228e-01

   -7.67634e-01     6.81307e-02
   -7.67634e-01     6.81307e-02

   -7.67634e-01     6.81307e-02
   -7.67634e-01     6.81307e-02

   -7.73096e-01     1.09662e-01
   -7.72067e-01     1.05228e-01

   -7.73096e-01     1.09662e-01
   -7.73096e-01     1.09662e-01

   -7.61312e-01     0.00000e+00
   -7.61312e-01     0.00000e+00

   -7.67634e-01     6.81307e-02
   -7.67634e-01     6.81307e-02

   -7.67634e-01     6.81307e-02
   -7.67634e-01     6.81307e-02

   -7.61312e-01     0.00000e+00
   -7.61621e-01     6.01295e-03

   -7.67634e-01     6.81307e-02
   -7.61621e-01     6.01295e-03

   -7.73096e-01     1.09662e-01
   -7.73096e-01     1.09662e-01

   -7.73096e-01     1.09662e-01
   -7.74025e-01     1.16054e-01

    2.19324e-01    -8.06806e-01
    1.90173e-01    -7.96784e-01

    2.19324e-01    -8.06806e-01
    2.19324e-01    -8.06806e-01

    1.29383e-01    -7.78118e-01
    1.16054e-01    -7.74025e-01

    1.29383e-01    -7.78118e-01
    1.90173e-01    -7.96784e-01

    2.19324e-01    -8.06806e-01
    2.67671e-01    -8.15981e-01

   -7.78118e-01     1.29383e-01
   -7.74025e-01     1.16054e-01

   -7.78118e-01     1.29383e-01
   -7.96784e-01     1.90173e-01

   -8.06807e-01     2.19324e-01
   -7.96784e-01     1.90173e-01

   -8.06807e-01     2.19324e-01
   -8.06807e-01     2.19324e-01

   -8.06807e-01     2.19324e-01
   -8.15981e-01     2.67671e-01

    3.28986e-01    -8.30230e-01
    2.78228e-01    -8.18392e-01

    3.28986e-01    -8.30230e-01
    3.28986e-01    -8.30230e-01

    2.72821e-01    -8.17157e-01
    2.67671e-01    -8.15981e-01

    2.72821e-01    -8.17157e-01
    2.78228e-01    -8.18392e-01

    3.28986e-01    -8.30230e-01
    3.70496e-01    -8.09144e-01

   -8.17157e-01     2.72821e-01
   -8.15981e-01     2.67671e-01

   -8.17157e-01     2.72821e-01
   -8.18392e-01     2.78228e-01

   -8.30230e-01     3.28986e-01
   -8.18392e-01     2.78228e-01

   -8.30230e-01     3.28986e-01
   -8.30230e-01     3.28986e-01

   -8.30230e-01     3.28986e-01
   -8.09144e-01     3.70496e-01

    4.38648e-01    -7.79862e-01
    4.21092e-01    -7.85190e-01

    4.38648e-01    -7.79862e-01
    4.38648e-01    -7.79862e-01

    4.06053e-01    -7.92310e-01
    4.21092e-01    -7.85190e-01

    4.06053e-01    -7.92310e-01
    3.70496e-01    -8.09144e-01

    4.38648e-01    -7.79862e-01
    4.38648e-01    -7.79862e-01

    4.38648e-01    -7.79862e-01
    4.46151e-01    -7.75137e-01

   -7.92310e-01     4.06053e-01
   -7.85190e-01     4.21092e-01

   -7.92310e-01     4.06053e-01
   -8.09144e-01     3.70496e-01

   -7.79862e-01     4.38648e-01
   -7.85190e-01     4.21092e-01

   -7.79862e-01     4.38648e-01
   -7.79862e-01     4.38648e-01

   -7.79862e-01     4.38648e-01
   -7.79862e-01     4.38648e-01

   -7.79862e-01     4.38648e-01
   -7.75137e-01     4.46151e-01

    4.57226e-01    -7.67634e-01
    4.46151e-01    -7.75137e-01

    4.57226e-01    -7.67634e-01
    4.57226e-01    -7.67634e-01

    4.57226e-01    -7.67634e-01
    4.57226e-01    -7.67634e-01

    4.57226e-01    -7.67634e-01
    5.02433e-01    -7.21757e-01

   -7.67634e-01     4.57226e-01
   -7.75137e-01     4.46151e-01

   -7.67634e-01     4.57226e-01
   -7.67634e-01     4.57226e-01

   -7.67634e-01     4.57226e-01
   -7.67634e-01     4.57226e-01

   -7.67634e-01     4.57226e-01
   -7.21757e-01     5.02433e-01

    5.02433e-01    -7.21757e-01
    5.48310e-01    -7.03209e-01

    5.48310e-01    -7.03209e-01
    5.48310e-01    -7.03209e-01

    5.48310e-01    -7.03209e-01
    5.48310e-01    -7.03209e-01

    5.70935e-01    -6.80597e-01
    5.48310e-01    -7.03209e-01

   -7.21757e-01     5.02433e-01
   -7.03209e-01     5.48310e-01

   -7.03209e-01     5.48310e-01
   -7.03209e-01     5.48310e-01

   -7.03209e-01     5.48310e-01
   -7.03209e-01     5.48310e-01

   -6.80597e-01     5.70935e-01
   -7.03209e-01     5.48310e-01

    5.70935e-01    -6.80597e-01
    6.00399e-01    -6.57972e-01

    6.00399e-01    -6.57972e-01
    6.00399e-01    -6.57972e-01

    6.21285e-01    -6.21285e-01
    6.00399e-01    -6.57972e-01

   -6.80597e-01     5.70935e-01
   -6.57972e-01     6.00399e-01

   -6.57972e-01     6.00399e-01
   -6.57972e-01     6.00399e-01

   -6.21285e-01     6.21285e-01
   -6.57972e-01     6.00399e-01

    6.57972e-01    -6.00399e-01
    6.21285e-01    -6.21285e-01

    6.57972e-01    -6.00399e-01
    6.57972e-01    -6.00399e-01

    6.57972e-01    -6.00399e-01
    6.80597e-01    -5.70935e-01

   -6.00399e-01     6.57972e-01
   -6.21285e-01     6.21285e-01

   -6.00399e-01     6.57972e-01
   -6.00399e-01     6.57972e-01

   -6.00399e-01     6.57972e-01
   -5.70935e-01     6.80597e-01

    7.03209e-01    -5.48310e-01
    6.80597e-01    -5.70935e-01

    7.03209e-01    -5.48310e-01
    7.03209e-01    -5.48310e-01

    7.03209e-01    -5.48310e-01
    7.03209e-01    -5.48310e-01

    7.03209e-01    -5.48310e-01
    7.21757e-01    -5.02433e-01

   -5.48310e-01     7.03209e-01
   -5.70935e-01     6.80597e-01

   -5.48310e-01     7.03209e-01
   -5.48310e-01     7.03209e-01

   -5.48310e-01     7.03209e-01
   -5.48310e-01     7.03209e-01

   -5.48310e-01     7.03209e-01
   -5.02433e-01     7.21757e-01

    7.67634e-01    -4.57226e-01
    7.21757e-01    -5.02433e-01

    7.67634e-01    -4.57226e-01
    7.67634e-01    -4.57226e-01

    7.67634e-01    -4.57226e-01
    7.67634e-01    -4.57226e-01

    7.67634e-01    -4.57226e-01
    7.75137e-01    -4.46151e-01

   -4.57226e-01     7.67634e-01
   -5.02433e-01     7.21757e-01

   -4.57226e-01     7.67634e-01
   -4.57226e-01     7.67634e-01

   -4.57226e-01     7.67634e-01
   -4.57226e-01     7.67634e-01

   -4.57226e-01     7.67634e-01
   -4.46151e-01     7.75137e-01

    7.79862e-01    -4.38648e-01
    7.75137e-01    -4.46151e-01

    7.79862e-01    -4.38648e-01
    7.79862e-01    -4.38648e-01

    7.79862e-01    -4.38648e-01
    7.79862e-01    -4.38648e-01

    7.79862e-01    -4.38648e-01
    7.85190e-01    -4.21092e-01

    7.92310e-01    -4.06053e-01
    7.85190e-01    -4.21092e-01

    7.92310e-01    -4.06053e-01
    8.09144e-01    -3.70496e-01

   -4.38648e-01     7.79862e-01
   -4.46151e-01     7.75137e-01

   -4.38648e-01     7.79862e-01
   -4.38648e-01     7.79862e-01

   -4.38648e-01     7.79862e-01
   -4.38648e-01     7.79862e-01

   -4.06053e-01     7.92310e-01
   -4.21092e-01     7.85190e-01

   -4.06053e-01     7.92310e-01
   -3.70496e-01     8.09144e-01

   -4.38648e-01     7.79862e-01
   -4.21092e-01     7.85190e-01

    8.09144e-01    -3.70496e-01
    8.30230e-01    -3.28986e-01

    8.30230e-01    -3.28986e-01
    8.30230e-01    -3.28986e-01

    8.18392e-01    -2.78228e-01
    8.30230e-01    -3.28986e-01

    8.17157e-01    -2.72821e-01
    8.15981e-01    -2.67671e-01

    8.17157e-01    -2.72821e-01
    8.18392e-01    -2.78228e-01

   -3.70496e-01     8.09144e-01
   -3.28986e-01     8.30230e-01

   -3.28986e-01     8.30230e-01
   -3.28986e-01     8.30230e-01

   -2.72821e-01     8.17157e-01
   -2.67671e-01     8.15981e-01

   -2.72821e-01     8.17157e-01
   -2.78228e-01     8.18392e-01

   -2.78228e-01     8.18392e-01
   -3.28986e-01     8.30230e-01

    8.15981e-01    -2.67671e-01
    8.06807e-01    -2.19324e-01

    8.06807e-01    -2.19324e-01
    8.06807e-01    -2.19324e-01

    7.96784e-01    -1.90173e-01
    8.06807e-01    -2.19324e-01

    7.78118e-01    -1.29383e-01
    7.74025e-01    -1.16054e-01

    7.78118e-01    -1.29383e-01
    7.96784e-01    -1.90173e-01

   -2.67671e-01     8.15981e-01
   -2.19324e-01     8.06806e-01

   -2.19324e-01     8.06806e-01
   -2.19324e-01     8.06806e-01

   -1.29383e-01     7.78118e-01
   -1.16054e-01     7.74025e-01

   -1.29383e-01     7.78118e-01
   -1.90173e-01     7.96784e-01

   -1.90173e-01     7.96784e-01
   -2.19324e-01     8.06806e-01

    7.73096e-01    -1.09662e-01
    7.74025e-01    -1.16054e-01

    7.73096e-01    -1.09662e-01
    7.73096e-01    -1.09662e-01

    7.67634e-01    -6.81307e-02
    7.61621e-01    -6.01295e-03

    7.67634e-01    -6.81307e-02
    7.67634e-01    -6.81307e-02

    7.67634e-01    -6.81307e-02
    7.67634e-01    -6.81307e-02

    7.61312e-01     0.00000e+00
    7.61621e-01    -6.01295e-03

    7.61312e-01     0.00000e+00
    7.61312e-01     0.00000e+00

    7.73096e-01    -1.09662e-01
    7.73096e-01    -1.09662e-01

    7.67634e-01    -6.81307e-02
    7.67634e-01    -6.81307e-02

    7.67634e-01    -6.81307e-02
    7.67634e-01    -6.81307e-02

    7.73096e-01    -1.09662e-01
    7.72067e-01    -1.05228e-01

    7.67634e-01    -6.81307e-02
    7.72067e-01    -1.05228e-01

    7.61312e-01     0.00000e+00
    7.61312e-01     0.00000e+00

    7.61312e-01     0.00000e+00
    7.61621e-01     6.01295e-03

    0.00000e+00     7.61312e-01
   -6.01295e-03     7.61621e-01

    0.00000e+00     7.61312e-01
    0.00000e+00     7.61312e-01

   -6.01295e-03     7.61621e-01
   -6.81306e-02     7.67634e-01

    0.00000e+00     7.61312e-01
    0.00000e+00     7.61312e-01

    0.00000e+00     7.61312e-01
    6.01295e-03     7.61621e-01

   -1.16054e-01     7.74025e-01
   -1.09662e-01     7.73096e-01

   -6.81307e-02     7.67634e-01
   -6.81307e-02     7.67634e-01

   -6.81306e-02     7.67634e-01
   -6.81307e-02     7.67634e-01

   -1.09662e-01     7.73096e-01
   -1.09662e-01     7.73096e-01

   -1.05228e-01     7.72067e-01
   -6.81307e-02     7.67634e-01

   -1.05228e-01     7.72067e-01
   -1.09662e-01     7.73096e-01

    7.67634e-01     6.81307e-02
    7.61621e-01     6.01295e-03

    7.67634e-01     6.81307e-02
    7.67634e-01     6.81307e-02

    7.67634e-01     6.81307e-02
    7.67634e-01     6.81307e-02

    7.67634e-01     6.81307e-02
    7.67634e-01     6.81307e-02

    7.67634e-01     6.81307e-02
    7.67634e-01     6.81307e-02

    7.67634e-01     6.81307e-02
    7.72067e-01     1.05228e-01

    6.81306e-02     7.67634e-01
    6.01295e-03     7.61621e-01

    6.81307e-02     7.67634e-01
    6.81307e-02     7.67634e-01

    6.81307e-02     7.67634e-01
    6.81306e-02     7.67634e-01

    6.81307e-02     7.67634e-01
    1.05228e-01     7.72067e-01

   -4.38648e-01    -7.79862e-01
   -4.38648e-01    -7.79862e-01

   -4.38648e-01    -7.79862e-01
   -4.46152e-01    -7.75137e-01

   -4.38648e-01    -7.79862e-01
   -4.38648e-01    -7.79862e-01

   -4.57226e-01    -7.67634e-01
   -4.57226e-01    -7.67634e-01

   -4.57226e-01    -7.67634e-01
   -4.46152e-01    -7.75137e-01

   -4.57226e-01    -7.67634e-01
   -4.57226e-01    -7.67634e-01

   -4.38648e-01    -7.79862e-01
   -4.38648e-01    -7.79862e-01

   -4.38648e-01    -7.79862e-01
   -4.21092e-01    -7.85190e-01

   -4.21092e-01    -7.85190e-01
   -4.38648e-01    -7.79862e-01

   -5.70935e-01    -6.80597e-01
   -5.48310e-01    -7.03209e-01

   -5.48310e-01    -7.03209e-01
   -5.70935e-01    -6.80597e-01

   -5.48310e-01    -7.03209e-01
   -5.48310e-01    -7.03209e-01

   -5.48310e-01    -7.03209e-01
   -5.48310e-01    -7.03209e-01

   -6.00399e-01    -6.57972e-01
   -5.70935e-01    -6.80597e-01

   -5.70935e-01    -6.80597e-01
   -6.00399e-01    -6.57972e-01

   -6.00399e-01    -6.57972e-01
   -6.00399e-01    -6.57972e-01

   -4.57226e-01    -7.67634e-01
   -4.57226e-01    -7.67634e-01

   -5.48310e-01    -7.03209e-01
   -5.48310e-01    -7.03209e-01

   -5.48310e-01    -7.03209e-01
   -5.48310e-01    -7.03209e-01

   -4.57226e-01    -7.67634e-01
   -5.02433e-01    -7.21757e-01

   -4.57226e-01    -7.67634e-01
   -5.02433e-01    -7.21757e-01

   -5.48310e-01    -7.03209e-01
   -5.02433e-01    -7.21757e-01

   -5.02433e-01    -7.21757e-01
   -5.48310e-01    -7.03209e-01

   -6.57972e-01    -6.00399e-01
   -6.80597e-01    -5.70935e-01

   -6.57972e-01    -6.00399e-01
   -6.80597e-01    -5.70935e-01

   -6.57972e-01    -6.00399e-01
   -6.57972e-01    -6.00399e-01

   -6.80597e-01    -5.70935e-01
   -7.03209e-01    -5.48310e-01

   -6.80597e-01    -5.70935e-01
   -7.03209e-01    -5.48310e-01

   -7.03209e-01    -5.48310e-01
   -7.03209e-01    -5.48310e-01

   -7.03209e-01    -5.48310e-01
   -7.03209e-01    -5.48310e-01

   -6.00399e-01    -6.57972e-01
   -6.00399e-01    -6.57972e-01

   -6.57972e-01    -6.00399e-01
   -6.57972e-01    -6.00399e-01

   -6.00399e-01    -6.57972e-01
   -6.21285e-01    -6.21285e-01

   -6.00399e-01    -6.57972e-01
   -6.21285e-01    -6.21285e-01

   -6.57972e-01    -6.00399e-01
   -6.21285e-01    -6.21285e-01

   -6.21285e-01    -6.21285e-01
   -6.57972e-01    -6.00399e-01

   -7.67634e-01    -4.57226e-01
   -7.67634e-01    -4.57226e-01

   -7.67634e-01    -4.57226e-01
   -7.75137e-01    -4.46152e-01

   -7.67634e-01    -4.57226e-01
   -7.67634e-01    -4.57226e-01

   -7.79862e-01    -4.38648e-01
   -7.79862e-01    -4.38648e-01

   -7.79862e-01    -4.38648e-01
   -7.75137e-01    -4.46152e-01

   -7.79862e-01    -4.38648e-01
   -7.79862e-01    -4.38648e-01

   -7.03209e-01    -5.48310e-01
   -7.03209e-01    -5.48310e-01

   -7.03209e-01    -5.48310e-01
   -7.03209e-01    -5.48310e-01

   -7.67634e-01    -4.57226e-01
   -7.67634e-01    -4.57226e-01

   -7.03209e-01    -5.48310e-01
   -7.21757e-01    -5.02433e-01

   -7.03209e-01    -5.48310e-01
   -7.21757e-01    -5.02433e-01

   -7.67634e-01    -4.57226e-01
   -7.21757e-01    -5.02433e-01

   -7.21757e-01    -5.02433e-01
   -7.67634e-01    -4.57226e-01

   -7.79862e-01    -4.38648e-01
   -7.79862e-01    -4.38648e-01

   -7.79862e-01    -4.38648e-01
   -7.85190e-01    -4.21092e-01

   -7.79862e-01    -4.38648e-01
   -7.85190e-01    -4.21092e-01

    7.73096e-01     1.09662e-01
    7.72067e-01     1.05228e-01

    7.73096e-01     1.09662e-01
    7.73096e-01     1.09662e-01

    7.73096e-01     1.09662e-01
    7.73096e-01     1.09662e-01

    7.73096e-01     1.09662e-01
    7.74025e-01     1.16054e-01

    7.78118e-01     1.29383e-01
    7.74025e-01     1.16054e-01

    7.78118e-01     1.29383e-01
    7.96784e-01     1.90173e-01

    1.09662e-01     7.73096e-01
    1.05228e-01     7.72067e-01

    1.09662e-01     7.73096e-01
    1.09662e-01     7.73096e-01

    1.29383e-01     7.78118e-01
    1.16054e-01     7.74025e-01

    1.29383e-01     7.78118e-01
    1.90173e-01     7.96784e-01

    1.09662e-01     7.73096e-01
    1.16054e-01     7.74025e-01

   -3.70496e-01    -8.09144e-01
   -3.28986e-01    -8.30230e-01

   -3.28986e-01    -8.30230e-01
   -3.70496e-01    -8.09144e-01

   -3.28986e-01    -8.30230e-01
   -3.28986e-01    -8.30230e-01

   -4.06053e-01    -7.92310e-01
   -4.21092e-01    -7.85190e-01

   -4.21092e-01    -7.85190e-01
   -4.06053e-01    -7.92310e-01

   -4.06053e-01    -7.92310e-01
   -4.06053e-01    -7.92310e-01

   -4.06053e-01    -7.92310e-01
   -3.70496e-01    -8.09144e-01

   -3.70496e-01    -8.09144e-01
   -3.70496e-01    -8.09144e-01

   -3.70496e-01    -8.09144e-01
   -4.06053e-01    -7.92310e-01

   -3.28986e-01    -8.30230e-01
   -3.28986e-01    -8.30230e-01

   -2.78228e-01    -8.18392e-01
   -3.28986e-01    -8.30230e-01

   -3.28986e-01    -8.30230e-01
   -2.78228e-01    -8.18392e-01

   -7.85190e-01    -4.21092e-01
   -7.92310e-01    -4.06053e-01

   -7.85190e-01    -4.21092e-01
   -7.92310e-01    -4.06053e-01

   -7.92310e-01    -4.06053e-01
   -7.92310e-01    -4.06053e-01

   -7.92310e-01    -4.06053e-01
   -8.09144e-01    -3.70496e-01

   -8.09144e-01    -3.70496e-01
   -8.09144e-01    -3.70496e-01

   -7.92310e-01    -4.06053e-01
   -8.09144e-01    -3.70496e-01

   -8.09144e-01    -3.70496e-01
   -8.30230e-01    -3.28986e-01

   -8.09144e-01    -3.70496e-01
   -8.30230e-01    -3.28986e-01

   -8.30230e-01    -3.28986e-01
   -8.30230e-01    -3.28986e-01

   -8.30230e-01    -3.28986e-01
   -8.30230e-01    -3.28986e-01

   -8.30230e-01    -3.28986e-01
   -8.18392e-01    -2.78228e-01

   -8.18392e-01    -2.78228e-01
   -8.30230e-01    -3.28986e-01

    8.06806e-01     2.19324e-01
    7.96784e-01     1.90173e-01

    8.06806e-01     2.19324e-01
    8.06806e-01     2.19324e-01

    8.06806e-01     2.19324e-01
    8.15981e-01     2.67671e-01

    8.17157e-01     2.72821e-01
    8.15981e-01     2.67671e-01

    8.17157e-01     2.72821e-01
    8.18392e-01     2.78228e-01

    2.19324e-01     8.06807e-01
    1.90173e-01     7.96784e-01

    2.19324e-01     8.06807e-01
    2.19324e-01     8.06807e-01

    2.72821e-01     8.17157e-01
    2.67671e-01     8.15981e-01

    2.72821e-01     8.17157e-01
    2.78228e-01     8.18392e-01

    2.19324e-01     8.06807e-01
    2.67671e-01     8.15981e-01

   -1.34091e-01    -9.01725e-01
   -1.09662e-01    -9.10611e-01

   -1.99128e-01    -8.86294e-01
   -2.13809e-01    -8.82810e-01

   -1.99128e-01    -8.86294e-01
   -1.34091e-01    -9.01725e-01

   -1.09662e-01    -9.10611e-01
   -1.09662e-01    -9.10611e-01

   -7.84041e-02    -9.08554e-01
   -1.09662e-01    -9.10611e-01

   -8.86294e-01    -1.99128e-01
   -8.82810e-01    -2.13809e-01

   -8.86294e-01    -1.99128e-01
   -9.01725e-01    -1.34091e-01

   -9.10611e-01    -1.09662e-01
   -9.01725e-01    -1.34091e-01

   -9.10611e-01    -1.09662e-01
   -9.10611e-01    -1.09662e-01

   -9.10611e-01    -1.09662e-01
   -9.08553e-01    -7.84041e-02

    8.82272e-01     2.19324e-01
    8.82810e-01     2.13809e-01

    8.82272e-01     2.19324e-01
    8.82272e-01     2.19324e-01

    8.77296e-01     2.33368e-01
    8.50700e-01     3.02390e-01

    8.77296e-01     2.33368e-01
    8.77296e-01     2.33368e-01

    8.77296e-01     2.33368e-01
    8.77296e-01     2.33368e-01

    8.52531e-01     3.28986e-01
    8.50700e-01     3.02390e-01

    8.52531e-01     3.28986e-01
    8.52531e-01     3.28986e-01

    8.82272e-01     2.19324e-01
    8.82272e-01     2.19324e-01

    8.77296e-01     2.33368e-01
    8.77296e-01     2.33368e-01

    8.77296e-01     2.33368e-01
    8.77296e-01     2.33368e-01

    8.82272e-01     2.19324e-01
    8.80926e-01     2.22954e-01

    8.77296e-01     2.33368e-01
    8.80926e-01     2.22954e-01

    8.52531e-01     3.28986e-01
    8.52531e-01     3.28986e-01

    8.52531e-01     3.28986e-01
    8.57046e-01     3.49235e-01

    3.28986e-01     8.52531e-01
    3.02390e-01     8.50700e-01

    3.28986e-01     8.52531e-01
    3.28986e-01     8.52531e-01

    2.33368e-01     8.77296e-01
    3.02390e-01     8.50700e-01

    2.33368e-01     8.77296e-01
    2.33368e-01     8.77296e-01

    2.33368e-01     8.77296e-01
    2.33368e-01     8.77296e-01

    3.28986e-01     8.52531e-01
    3.28986e-01     8.52531e-01

    3.28986e-01     8.52531e-01
    3.49235e-01     8.57046e-01

    2.19324e-01     8.82272e-01
    2.13809e-01     8.82810e-01

    2.19324e-01     8.82272e-01
    2.19324e-01     8.82272e-01

    2.33368e-01     8.77296e-01
    2.33368e-01     8.77296e-01

    2.33368e-01     8.77296e-01
    2.33368e-01     8.77296e-01

    2.19324e-01     8.82272e-01
    2.19324e-01     8.82272e-01

    2.33368e-01     8.77296e-01
    2.22954e-01     8.80926e-01

    2.19324e-01     8.82272e-01
    2.22954e-01     8.80926e-01

    0.00000e+00    -9.19841e-01
   -3.48061e-02    -9.12102e-01

    0.00000e+00    -9.19841e-01
    0.00000e+00    -9.19841e-01

   -5.77759e-02    -9.10232e-01
   -7.84041e-02    -9.08554e-01

   -5.77759e-02    -9.10232e-01
   -3.48061e-02    -9.12102e-01

    0.00000e+00    -9.19841e-01
    0.00000e+00    -9.19841e-01

    0.00000e+00    -9.19841e-01
    3.48061e-02    -9.12102e-01

   -9.10232e-01    -5.77759e-02
   -9.08553e-01    -7.84041e-02

   -9.10232e-01    -5.77759e-02
   -9.12102e-01    -3.48061e-02

   -9.19841e-01     0.00000e+00
   -9.12102e-01    -3.48061e-02

   -9.19841e-01     0.00000e+00
   -9.19841e-01     0.00000e+00

   -9.19841e-01     0.00000e+00
   -9.19841e-01     0.00000e+00

   -9.19841e-01     0.00000e+00
   -9.12102e-01     3.48061e-02

    8.64800e-01     4.04812e-01
    8.57046e-01     3.49235e-01

    8.64800e-01     4.04812e-01
    8.68260e-01     4.29612e-01

    8.65489e-01     4.38648e-01
    8.68260e-01     4.29612e-01

    8.65489e-01     4.38648e-01
    8.65489e-01     4.38648e-01

    8.65489e-01     4.38648e-01
    8.65489e-01     4.38648e-01

    8.65489e-01     4.38648e-01
    8.66958e-01     4.48986e-01

    4.38648e-01     8.65489e-01
    4.29612e-01     8.68260e-01

    4.38648e-01     8.65489e-01
    4.38648e-01     8.65489e-01

    4.04812e-01     8.64800e-01
    3.49235e-01     8.57046e-01

    4.04812e-01     8.64800e-01
    4.29612e-01     8.68260e-01

    4.38648e-01     8.65489e-01
    4.38648e-01     8.65489e-01

    4.38648e-01     8.65489e-01
    4.48986e-01     8.66958e-01

    1.09662e-01    -9.10611e-01
    7.84041e-02    -9.08554e-01

    1.09662e-01    -9.10611e-01
    1.09662e-01    -9.10611e-01

    5.77759e-02    -9.10232e-01
    7.84041e-02    -9.08554e-01

    5.77759e-02    -9.10232e-01
    3.48061e-02    -9.12102e-01

    1.09662e-01    -9.10611e-01
    1.34091e-01    -9.01725e-01

   -9.10232e-01     5.77759e-02
   -9.08553e-01     7.84041e-02

   -9.10232e-01     5.77759e-02
   -9.12102e-01     3.48061e-02

   -9.10611e-01     1.09662e-01
   -9.08553e-01     7.84041e-02

   -9.10611e-01     1.09662e-01
   -9.10611e-01     1.09662e-01

   -9.10611e-01     1.09662e-01
   -9.10611e-01     1.09662e-01

   -9.10611e-01     1.09662e-01
   -9.01725e-01     1.34091e-01

    8.69853e-01     5.08836e-01
    8.66958e-01     4.48986e-01

    8.69853e-01     5.08836e-01
    8.71482e-01     5.42496e-01

    8.65816e-01     5.48310e-01
    8.71482e-01     5.42496e-01

    8.65816e-01     5.48310e-01
    8.65816e-01     5.48310e-01

    8.65816e-01     5.48310e-01
    8.65816e-01     5.48310e-01

    8.65816e-01     5.48310e-01
    8.57918e-01     5.67688e-01

    5.48310e-01     8.65816e-01
    5.42496e-01     8.71482e-01

    5.48310e-01     8.65816e-01
    5.48310e-01     8.65816e-01

    5.08836e-01     8.69853e-01
    4.48986e-01     8.66958e-01

    5.08836e-01     8.69853e-01
    5.42496e-01     8.71482e-01

    5.48310e-01     8.65816e-01
    5.48310e-01     8.65816e-01

    5.48310e-01     8.65816e-01
    5.67688e-01     8.57918e-01

    2.19324e-01    -8.82272e-01
    2.13809e-01    -8.82810e-01

    2.19324e-01    -8.82272e-01
    2.19324e-01    -8.82272e-01

    1.99128e-01    -8.86294e-01
    2.13809e-01    -8.82810e-01

    1.99128e-01    -8.86294e-01
    1.34091e-01    -9.01725e-01

    2.19324e-01    -8.82272e-01
    2.22954e-01    -8.80926e-01

   -8.86294e-01     1.99128e-01
   -8.82810e-01     2.13809e-01

   -8.86294e-01     1.99128e-01
   -9.01725e-01     1.34091e-01

   -8.82273e-01     2.19324e-01
   -8.82810e-01     2.13809e-01

   -8.82273e-01     2.19324e-01
   -8.82272e-01     2.19324e-01

   -8.82272e-01     2.19324e-01
   -8.80926e-01     2.22954e-01

    8.50866e-01     5.83188e-01
    8.35745e-01     6.16422e-01

    8.50866e-01     5.83188e-01
    8.57918e-01     5.67688e-01

    7.78654e-01     6.57972e-01
    8.35745e-01     6.16422e-01

    7.78654e-01     6.57972e-01
    7.78654e-01     6.57972e-01

    7.67634e-01     6.67492e-01
    7.30852e-01     7.30852e-01

    7.67634e-01     6.67492e-01
    7.67634e-01     6.67492e-01

    6.67492e-01     7.67634e-01
    7.30852e-01     7.30852e-01

    6.67492e-01     7.67634e-01
    6.67492e-01     7.67634e-01

    7.78654e-01     6.57972e-01
    7.78654e-01     6.57972e-01

    7.67634e-01     6.67492e-01
    7.67634e-01     6.67492e-01

    7.78654e-01     6.57972e-01
    7.73770e-01     6.64108e-01

    7.67634e-01     6.67492e-01
    7.73770e-01     6.64108e-01

    6.57972e-01     7.78654e-01
    6.16422e-01     8.35745e-01

    6.57972e-01     7.78654e-01
    6.57972e-01     7.78654e-01

    5.83188e-01     8.50866e-01
    6.16422e-01     8.35745e-01

    5.83188e-01     8.50866e-01
    5.67688e-01     8.57918e-01

    6.67492e-01     7.67634e-01
    6.67492e-01     7.67634e-01

    6.57972e-01     7.78654e-01
    6.57972e-01     7.78654e-01

    6.67492e-01     7.67634e-01
    6.64108e-01     7.73770e-01

    6.57972e-01     7.78654e-01
    6.64108e-01     7.73770e-01

    2.33368e-01    -8.77296e-01
    2.22954e-01    -8.80926e-01

    2.33368e-01    -8.77296e-01
    2.33368e-01    -8.77296e-01

    2.33368e-01    -8.77296e-01
    2.33368e-01    -8.77296e-01

    2.33368e-01    -8.77296e-01
    3.02390e-01    -8.50700e-01

   -8.77296e-01     2.33368e-01
   -8.80926e-01     2.22954e-01

   -8.77296e-01     2.33368e-01
   -8.77296e-01     2.33368e-01

   -8.77296e-01     2.33368e-01
   -8.77296e-01     2.33368e-01

   -8.77296e-01     2.33368e-01
   -8.50700e-01     3.02390e-01

    3.28986e-01    -8.52531e-01
    3.02390e-01    -8.50700e-01

    3.28986e-01    -8.52531e-01
    3.28986e-01    -8.52531e-01

    3.49235e-01    -8.57046e-01
    4.04812e-01    -8.64800e-01

    4.29612e-01    -8.68260e-01
    4.04812e-01    -8.64800e-01

    3.28986e-01    -8.52531e-01
    3.49235e-01    -8.57046e-01

   -8.52531e-01     3.28986e-01
   -8.50700e-01     3.02390e-01

   -8.52531e-01     3.28986e-01
   -8.52531e-01     3.28986e-01

   -8.52531e-01     3.28986e-01
   -8.57046e-01     3.49235e-01

   -8.57046e-01     3.49235e-01
   -8.64800e-01     4.04812e-01

   -8.68260e-01     4.29612e-01
   -8.64800e-01     4.04812e-01

    4.38648e-01    -8.65489e-01
    4.29612e-01    -8.68260e-01

    4.38648e-01    -8.65489e-01
    4.38648e-01    -8.65489e-01

    4.38648e-01    -8.65489e-01
    4.38648e-01    -8.65489e-01

    4.48986e-01    -8.66958e-01
    5.08837e-01    -8.69853e-01

    5.42496e-01    -8.71482e-01
    5.08837e-01    -8.69853e-01

    4.38648e-01    -8.65489e-01
    4.48986e-01    -8.66958e-01

   -8.65489e-01     4.38648e-01
   -8.68260e-01     4.29612e-01

   -8.65489e-01     4.38648e-01
   -8.65489e-01     4.38648e-01

   -8.65489e-01     4.38648e-01
   -8.65489e-01     4.38648e-01

   -8.65489e-01     4.38648e-01
   -8.66958e-01     4.48986e-01

   -8.66958e-01     4.48986e-01
   -8.69853e-01     5.08837e-01

   -8.71482e-01     5.42496e-01
   -8.69853e-01     5.08837e-01

    5.48310e-01    -8.65816e-01
    5.42496e-01    -8.71482e-01

    5.48310e-01    -8.65816e-01
    5.48310e-01    -8.65816e-01

    5.48310e-01    -8.65816e-01
    5.48310e-01    -8.65816e-01

    6.16422e-01    -8.35745e-01
    5.83187e-01    -8.50866e-01

    5.67688e-01    -8.57918e-01
    5.83187e-01    -8.50866e-01

    5.48310e-01    -8.65816e-01
    5.67688e-01    -8.57918e-01

   -8.65816e-01     5.48310e-01
   -8.71482e-01     5.42496e-01

   -8.65816e-01     5.48310e-01
   -8.65816e-01     5.48310e-01

   -8.65816e-01     5.48310e-01
   -8.57918e-01     5.67688e-01

   -8.35745e-01     6.16422e-01
   -8.50866e-01     5.83187e-01

   -8.57918e-01     5.67688e-01
   -8.50866e-01     5.83187e-01

    6.57972e-01    -7.78654e-01
    6.16422e-01    -8.35745e-01

    6.57972e-01    -7.78654e-01
    6.57972e-01    -7.78654e-01

    6.57972e-01    -7.78654e-01
    6.64108e-01    -7.73770e-01

   -7.78654e-01     6.57972e-01
   -8.35745e-01     6.16422e-01

   -7.78654e-01     6.57972e-01
   -7.78654e-01     6.57972e-01

   -7.78654e-01     6.57972e-01
   -7.73770e-01     6.64108e-01

    6.67492e-01    -7.67634e-01
    6.64108e-01    -7.73770e-01

    6.67492e-01    -7.67634e-01
    6.67492e-01    -7.67634e-01

    6.67492e-01    -7.67634e-01
    6.67492e-01    -7.67634e-01

    6.67492e-01    -7.67634e-01
    7.30852e-01    -7.30852e-01

   -7.67634e-01     6.67492e-01
   -7.73770e-01     6.64108e-01

   -7.67634e-01     6.67492e-01
   -7.67634e-01     6.67492e-01

   -7.67634e-01     6.67492e-01
   -7.67634e-01     6.67492e-01

   -7.67634e-01     6.67492e-01
   -7.30852e-01     7.30852e-01

    7.67634e-01    -6.67492e-01
    7.30852e-01    -7.30852e-01

    7.67634e-01    -6.67492e-01
    7.67634e-01    -6.67492e-01

    7.67634e-01    -6.67492e-01
    7.67634e-01    -6.67492e-01

    7.67634e-01    -6.67492e-01
    7.73770e-01    -6.64108e-01

   -6.67492e-01     7.67634e-01
   -7.30852e-01     7.30852e-01

   -6.67492e-01     7.67634e-01
   -6.67492e-01     7.67634e-01

   -6.67492e-01     7.67634e-01
   -6.67492e-01     7.67634e-01

   -6.67492e-01     7.67634e-01
   -6.64108e-01     7.73770e-01

    7.73770e-01    -6.64108e-01
    7.78654e-01    -6.57972e-01

    7.78654e-01    -6.57972e-01
    7.78654e-01    -6.57972e-01

    8.35745e-01    -6.16422e-01
    7.78654e-01    -6.57972e-01

   -6.64108e-01     7.73770e-01
   -6.57972e-01     7.78654e-01

   -6.57972e-01     7.78654e-01
   -6.57972e-01     7.78654e-01

   -6.16422e-01     8.35745e-01
   -6.57972e-01     7.78654e-01

    8.50866e-01    -5.83187e-01
    8.35745e-01    -6.16422e-01

    8.50866e-01    -5.83187e-01
    8.57918e-01    -5.67688e-01

    8.57918e-01    -5.67688e-01
    8.65816e-01    -5.48310e-01

    8.65816e-01    -5.48310e-01
    8.65816e-01    -5.48310e-01

    8.71482e-01    -5.42496e-01
    8.65816e-01    -5.48310e-01

   -5.48310e-01     8.65816e-01
   -5.67688e-01     8.57918e-01

   -5.48310e-01     8.65816e-01
   -5.48310e-01     8.65816e-01

   -5.83187e-01     8.50866e-01
   -6.16422e-01     8.35745e-01

   -5.83187e-01     8.50866e-01
   -5.67688e-01     8.57918e-01

   -5.48310e-01     8.65816e-01
   -5.48310e-01     8.65816e-01

   -5.48310e-01     8.65816e-01
   -5.42496e-01     8.71482e-01

    8.69853e-01    -5.08837e-01
    8.66958e-01    -4.48986e-01

    8.69853e-01    -5.08837e-01
    8.71482e-01    -5.42496e-01

    8.65489e-01    -4.38648e-01
    8.66958e-01    -4.48986e-01

    8.65489e-01    -4.38648e-01
    8.65489e-01    -4.38648e-01

    8.65489e-01    -4.38648e-01
    8.65489e-01    -4.38648e-01

    8.65489e-01    -4.38648e-01
    8.68260e-01    -4.29612e-01

   -4.38648e-01     8.65489e-01
   -4.48986e-01     8.66958e-01

   -4.38648e-01     8.65489e-01
   -4.38648e-01     8.65489e-01

   -5.08837e-01     8.69853e-01
   -4.48986e-01     8.66958e-01

   -5.08837e-01     8.69853e-01
   -5.42496e-01     8.71482e-01

   -4.38648e-01     8.65489e-01
   -4.38648e-01     8.65489e-01

   -4.38648e-01     8.65489e-01
   -4.29612e-01     8.68260e-01

    8.64800e-01    -4.04812e-01
    8.57046e-01    -3.49235e-01

    8.64800e-01    -4.04812e-01
    8.68260e-01    -4.29612e-01

    8.57046e-01    -3.49235e-01
    8.52531e-01    -3.28986e-01

    8.52531e-01    -3.28986e-01
    8.52531e-01    -3.28986e-01

    8.50700e-01    -3.02390e-01
    8.52531e-01    -3.28986e-01

   -3.49235e-01     8.57046e-01
   -3.28986e-01     8.52531e-01

   -4.04812e-01     8.64800e-01
   -3.49235e-01     8.57046e-01

   -4.04812e-01     8.64800e-01
   -4.29612e-01     8.68260e-01

   -3.28986e-01     8.52531e-01
   -3.28986e-01     8.52531e-01

   -3.02390e-01     8.50700e-01
   -3.28986e-01     8.52531e-01

    8.50700e-01    -3.02390e-01
    8.77296e-01    -2.33368e-01

    8.77296e-01    -2.33368e-01
    8.77296e-01    -2.33368e-01

    8.77296e-01    -2.33368e-01
    8.77296e-01    -2.33368e-01

    8.80926e-01    -2.22954e-01
    8.77296e-01    -2.33368e-01

   -3.02390e-01     8.50700e-01
   -2.33368e-01     8.77296e-01

   -2.33368e-01     8.77296e-01
   -2.33368e-01     8.77296e-01

   -2.33368e-01     8.77296e-01
   -2.33368e-01     8.77296e-01

   -2.22954e-01     8.80926e-01
   -2.33368e-01     8.77296e-01

   -6.64108e-01    -7.73770e-01
   -6.57972e-01    -7.78654e-01

   -6.57972e-01    -7.78654e-01
   -6.64108e-01    -7.73770e-01

   -6.57972e-01    -7.78654e-01
   -6.57972e-01    -7.78654e-01

   -6.64108e-01    -7.73770e-01
   -6.67492e-01    -7.67634e-01

   -6.64108e-01    -7.73770e-01
   -6.67492e-01    -7.67634e-01

   -6.67492e-01    -7.67634e-01
   -6.67492e-01    -7.67634e-01

   -6.57972e-01    -7.78654e-01
   -6.57972e-01    -7.78654e-01

   -5.83188e-01    -8.50866e-01
   -6.16422e-01    -8.35745e-01

   -5.83188e-01    -8.50866e-01
   -6.16422e-01    -8.35745e-01

   -6.16422e-01    -8.35745e-01
   -6.16422e-01    -8.35745e-01

   -5.83188e-01    -8.50866e-01
   -5.67688e-01    -8.57918e-01

   -5.83188e-01    -8.50866e-01
   -5.83188e-01    -8.50866e-01

   -5.67688e-01    -8.57918e-01
   -5.83188e-01    -8.50866e-01

   -6.16422e-01    -8.35745e-01
   -6.57972e-01    -7.78654e-01

   -6.16422e-01    -8.35745e-01
   -6.57972e-01    -7.78654e-01

   -7.73770e-01    -6.64108e-01
   -7.67634e-01    -6.67492e-01

   -7.67634e-01    -6.67492e-01
   -7.73770e-01    -6.64108e-01

   -7.67634e-01    -6.67492e-01
   -7.67634e-01    -6.67492e-01

   -7.73770e-01    -6.64108e-01
   -7.78654e-01    -6.57972e-01

   -7.73770e-01    -6.64108e-01
   -7.78654e-01    -6.57972e-01

   -7.78654e-01    -6.57972e-01
   -7.78654e-01    -6.57972e-01

   -6.67492e-01    -7.67634e-01
   -6.67492e-01    -7.67634e-01

   -7.67634e-01    -6.67492e-01
   -7.67634e-01    -6.67492e-01

   -7.30852e-01    -7.30852e-01
   -6.67492e-01    -7.67634e-01

   -6.67492e-01    -7.67634e-01
   -7.30852e-01    -7.30852e-01

   -7.30852e-01    -7.30852e-01
   -7.67634e-01    -6.67492e-01

   -7.30852e-01    -7.30852e-01
   -7.67634e-01    -6.67492e-01

   -7.78654e-01    -6.57972e-01
   -7.78654e-01    -6.57972e-01

   -8.35745e-01    -6.16422e-01
   -7.78654e-01    -6.57972e-01

   -7.78654e-01    -6.57972e-01
   -8.35745e-01    -6.16422e-01

   -8.35745e-01    -6.16422e-01
   -8.50866e-01    -5.83188e-01

   -8.35745e-01    -6.16422e-01
   -8.50866e-01    -5.83188e-01

   -8.35745e-01    -6.16422e-01
   -8.35745e-01    -6.16422e-01

   -8.50866e-01    -5.83188e-01
   -8.57918e-01    -5.67688e-01

   -8.50866e-01    -5.83188e-01
   -8.50866e-01    -5.83188e-01

   -8.50866e-01    -5.83188e-01
   -8.57918e-01    -5.67688e-01

    8.80926e-01    -2.22954e-01
    8.82272e-01    -2.19324e-01

    8.82272e-01    -2.19324e-01
    8.82273e-01    -2.19324e-01

    8.82810e-01    -2.13809e-01
    8.82273e-01    -2.19324e-01

    8.86294e-01    -1.99128e-01
    8.82810e-01    -2.13809e-01

    8.86294e-01    -1.99128e-01
    9.01725e-01    -1.34091e-01

   -2.22954e-01     8.80926e-01
   -2.19324e-01     8.82272e-01

   -2.19324e-01     8.82272e-01
   -2.19324e-01     8.82272e-01

   -1.99128e-01     8.86294e-01
   -2.13809e-01     8.82810e-01

   -1.99128e-01     8.86294e-01
   -1.34091e-01     9.01725e-01

   -2.13809e-01     8.82810e-01
   -2.19324e-01     8.82272e-01

   -5.67688e-01    -8.57918e-01
   -5.48310e-01    -8.65816e-01

   -5.48310e-01    -8.65816e-01
   -5.67688e-01    -8.57918e-01

   -5.48310e-01    -8.65816e-01
   -5.48310e-01    -8.65816e-01

   -5.48310e-01    -8.65816e-01
   -5.48310e-01    -8.65816e-01

   -5.08837e-01    -8.69853e-01
   -4.48986e-01    -8.66958e-01

   -5.08837e-01    -8.69853e-01
   -4.48986e-01    -8.66958e-01

   -4.48986e-01    -8.66958e-01
   -4.48986e-01    -8.66958e-01

   -5.42496e-01    -8.71482e-01
   -5.08837e-01    -8.69853e-01

   -5.08837e-01    -8.69853e-01
   -5.08837e-01    -8.69853e-01

   -5.08837e-01    -8.69853e-01
   -5.42496e-01    -8.71482e-01

   -5.48310e-01    -8.65816e-01
   -5.42496e-01    -8.71482e-01

   -5.42496e-01    -8.71482e-01
   -5.48310e-01    -8.65816e-01

   -8.57918e-01    -5.67688e-01
   -8.65816e-01    -5.48310e-01

   -8.57918e-01    -5.67688e-01
   -8.65816e-01    -5.48310e-01

   -8.65816e-01    -5.48310e-01
   -8.65816e-01    -5.48310e-01

   -8.65816e-01    -5.48310e-01
   -8.65816e-01    -5.48310e-01

   -8.65816e-01    -5.48310e-01
   -8.71482e-01    -5.42496e-01

   -8.65816e-01    -5.48310e-01
   -8.71482e-01    -5.42496e-01

   -8.66958e-01    -4.48986e-01
   -8.69853e-01    -5.08837e-01

   -8.69853e-01    -5.08837e-01
   -8.66958e-01    -4.48986e-01

   -8.66958e-01    -4.48986e-01
   -8.66958e-01    -4.48986e-01

   -8.71482e-01    -5.42496e-01
   -8.69853e-01    -5.08837e-01

   -8.69853e-01    -5.08837e-01
   -8.69853e-01    -5.08837e-01

   -8.71482e-01    -5.42496e-01
   -8.69853e-01    -5.08837e-01

    9.10611e-01    -1.09662e-01
    9.01725e-01    -1.34091e-01

    9.10611e-01    -1.09662e-01
    9.10611e-01    -1.09662e-01

    9.10611e-01    -1.09662e-01
    9.10611e-01    -1.09662e-01

    9.10611e-01    -1.09662e-01
    9.08553e-01    -7.84041e-02

    9.10232e-01    -5.77759e-02
    9.08553e-01    -7.84041e-02

    9.10232e-01    -5.77759e-02
    9.12102e-01    -3.48061e-02

   -1.34091e-01     9.01725e-01
   -1.09662e-01     9.10611e-01

   -1.09662e-01     9.10611e-01
   -1.09662e-01     9.10611e-01

   -5.77759e-02     9.10232e-01
   -7.84041e-02     9.08554e-01

   -5.77759e-02     9.10232e-01
   -3.48061e-02     9.12102e-01

   -7.84041e-02     9.08554e-01
   -1.09662e-01     9.10611e-01

   -4.48986e-01    -8.66958e-01
   -4.38648e-01    -8.65489e-01

   -4.38648e-01    -8.65489e-01
   -4.48986e-01    -8.66958e-01

   -4.38648e-01    -8.65489e-01
   -4.38648e-01    -8.65489e-01

   -4.38648e-01    -8.65489e-01
   -4.38648e-01    -8.65489e-01

   -4.04812e-01    -8.64800e-01
   -3.49235e-01    -8.57046e-01

   -4.04812e-01    -8.64800e-01
   -3.49235e-01    -8.57046e-01

   -3.49235e-01    -8.57046e-01
   -3.49235e-01    -8.57046e-01

   -4.29612e-01    -8.68260e-01
   -4.04812e-01    -8.64800e-01

   -4.04812e-01    -8.64800e-01
   -4.04812e-01    -8.64800e-01

   -4.04812e-01    -8.64800e-01
   -4.29612e-01    -8.68260e-01

   -4.38648e-01    -8.65489e-01
   -4.29612e-01    -8.68260e-01

   -4.29612e-01    -8.68260e-01
   -4.38648e-01    -8.65489e-01

   -8.66958e-01    -4.48986e-01
   -8.65489e-01    -4.38648e-01

   -8.66958e-01    -4.48986e-01
   -8.65489e-01    -4.38648e-01

   -8.65489e-01    -4.38648e-01
   -8.65489e-01    -4.38648e-01

   -8.65489e-01    -4.38648e-01
   -8.65489e-01    -4.38648e-01

   -8.65489e-01    -4.38648e-01
   -8.68260e-01    -4.29612e-01

   -8.65489e-01    -4.38648e-01
   -8.68260e-01    -4.29612e-01

   -8.57046e-01    -3.49235e-01
   -8.64800e-01    -4.04812e-01

   -8.64800e-01    -4.04812e-01
   -8.57046e-01    -3.49235e-01

   -8.57046e-01    -3.49235e-01
   -8.57046e-01    -3.49235e-01

   -8.68260e-01    -4.29612e-01
   -8.64800e-01    -4.04812e-01

   -8.64800e-01    -4.04812e-01
   -8.64800e-01    -4.04812e-01

   -8.68260e-01    -4.29612e-01
   -8.64800e-01    -4.04812e-01

    9.19841e-01     0.00000e+00
    9.12102e-01    -3.48061e-02

    9.19841e-01     0.00000e+00
    9.19841e-01     0.00000e+00

    9.19841e-01     0.00000e+00
    9.19841e-01     0.00000e+00

    9.19841e-01     0.00000e+00
    9.12102e-01     3.48061e-02

    9.10232e-01     5.77759e-02
    9.08553e-01     7.84041e-02

    9.10232e-01     5.77759e-02
    9.12102e-01     3.48061e-02

    0.00000e+00     9.19841e-01
   -3.48061e-02     9.12102e-01

    0.00000e+00     9.19841e-01
    0.00000e+00     9.19841e-01

    0.00000e+00     9.19841e-01
    0.00000e+00     9.19841e-01

    5.77759e-02     9.10232e-01
    7.84041e-02     9.08554e-01

    5.77759e-02     9.10232e-01
    3.48061e-02     9.12102e-01

    0.00000e+00     9.19841e-01
    3.48061e-02     9.12102e-01

   -2.22954e-01    -8.80926e-01
   -2.19324e-01    -8.82272e-01

   -2.19324e-01    -8.82272e-01
   -2.22954e-01    -8.80926e-01

   -2.19324e-01    -8.82272e-01
   -2.19324e-01    -8.82272e-01

   -2.22954e-01    -8.80926e-01
   -2.33368e-01    -8.77296e-01

   -2.22954e-01    -8.80926e-01
   -2.33368e-01    -8.77296e-01

   -2.33368e-01    -8.77296e-01
   -2.33368e-01    -8.77296e-01

   -2.33368e-01    -8.77296e-01
   -2.33368e-01    -8.77296e-01

   -2.33368e-01    -8.77296e-01
   -2.33368e-01    -8.77296e-01

   -2.19324e-01    -8.82272e-01
   -2.19324e-01    -8.82272e-01

   -2.13809e-01    -8.82810e-01
   -2.19324e-01    -8.82272e-01

   -2.19324e-01    -8.82272e-01
   -2.13809e-01    -8.82810e-01

   -3.49235e-01    -8.57046e-01
   -3.28986e-01    -8.52531e-01

   -3.28986e-01    -8.52531e-01
   -3.49235e-01    -8.57046e-01

   -3.28986e-01    -8.52531e-01
   -3.28986e-01    -8.52531e-01

   -2.33368e-01    -8.77296e-01
   -2.33368e-01    -8.77296e-01

   -2.33368e-01    -8.77296e-01
   -2.33368e-01    -8.77296e-01

   -2.33368e-01    -8.77296e-01
   -2.33368e-01    -8.77296e-01

   -3.28986e-01    -8.52531e-01
   -3.28986e-01    -8.52531e-01

   -2.33368e-01    -8.77296e-01
   -3.02390e-01    -8.50700e-01

   -3.02390e-01    -8.50700e-01
   -3.02390e-01    -8.50700e-01

   -3.02390e-01    -8.50700e-01
   -2.33368e-01    -8.77296e-01

   -3.02390e-01    -8.50700e-01
   -3.02390e-01    -8.50700e-01

   -3.02390e-01    -8.50700e-01
   -3.28986e-01    -8.52531e-01

   -3.28986e-01    -8.52531e-01
   -3.02390e-01    -8.50700e-01

   -8.57046e-01    -3.49235e-01
   -8.52531e-01    -3.28986e-01

   -8.57046e-01    -3.49235e-01
   -8.52531e-01    -3.28986e-01

   -8.52531e-01    -3.28986e-01
   -8.52531e-01    -3.28986e-01

   -8.80926e-01    -2.22954e-01
   -8.77296e-01    -2.33368e-01

   -8.77296e-01    -2.33368e-01
   -8.80926e-01    -2.22954e-01

   -8.77296e-01    -2.33368e-01
   -8.77296e-01    -2.33368e-01

   -8.77296e-01    -2.33368e-01
   -8.77296e-01    -2.33368e-01

   -8.77296e-01    -2.33368e-01
   -8.77296e-01    -2.33368e-01

   -8.80926e-01    -2.22954e-01
   -8.82272e-01    -2.19324e-01

   -8.80926e-01    -2.22954e-01
   -8.82272e-01    -2.19324e-01

   -8.82272e-01    -2.19324e-01
   -8.82272e-01    -2.19324e-01

   -8.52531e-01    -3.28986e-01
   -8.52531e-01    -3.28986e-01

   -8.77296e-01    -2.33368e-01
   -8.77296e-01    -2.33368e-01

   -8.77296e-01    -2.33368e-01
   -8.77296e-01    -2.33368e-01

   -8.77296e-01    -2.33368e-01
   -8.77296e-01    -2.33368e-01

   -8.52531e-01    -3.28986e-01
   -8.50700e-01    -3.02390e-01

   -8.50700e-01    -3.02390e-01
   -8.52531e-01    -3.28986e-01

   -8.50700e-01    -3.02390e-01
   -8.77296e-01    -2.33368e-01

   -8.50700e-01    -3.02390e-01
   -8.50700e-01    -3.02390e-01

   -8.77296e-01    -2.33368e-01
   -8.50700e-01    -3.02390e-01

   -8.50700e-01    -3.02390e-01
   -8.50700e-01    -3.02390e-01

   -8.82272e-01    -2.19324e-01
   -8.82272e-01    -2.19324e-01

   -8.82810e-01    -2.13809e-01
   -8.82272e-01    -2.19324e-01

   -8.82272e-01    -2.19324e-01
   -8.82810e-01    -2.13809e-01

    9.08553e-01     7.84041e-02
    9.10611e-01     1.09662e-01

    9.10611e-01     1.09662e-01
    9.10611e-01     1.09662e-01

    9.01725e-01     1.34091e-01
    9.10611e-01     1.09662e-01

    8.86294e-01     1.99128e-01
    8.82810e-01     2.13809e-01

    8.86294e-01     1.99128e-01
    9.01725e-01     1.34091e-01

    1.09662e-01     9.10611e-01
    7.84041e-02     9.08554e-01

    1.09662e-01     9.10611e-01
    1.09662e-01     9.10611e-01

    1.99128e-01     8.86294e-01
    2.13809e-01     8.82810e-01

    1.99128e-01     8.86294e-01
    1.34091e-01     9.01725e-01

    1.09662e-01     9.10611e-01
    1.34091e-01     9.01725e-01

   -1.09662e-01    -9.21376e-01
   -1.56821e-01    -9.24455e-01

   -1.09662e-01    -9.21376e-01
   -1.09662e-01    -9.21376e-01

   -1.64925e-01    -9.24083e-01
   -1.72902e-01    -9.23717e-01

   -1.64925e-01    -9.24083e-01
   -1.56821e-01    -9.24455e-01

   -1.09662e-01    -9.21376e-01
   -6.88746e-02    -9.18083e-01

   -9.24083e-01    -1.64925e-01
   -9.23717e-01    -1.72902e-01

   -9.24083e-01    -1.64925e-01
   -9.24455e-01    -1.56821e-01

   -9.21376e-01    -1.09662e-01
   -9.24455e-01    -1.56821e-01

   -9.21376e-01    -1.09662e-01
   -9.21376e-01    -1.09662e-01

   -9.21376e-01    -1.09662e-01
   -9.18083e-01    -6.88746e-02

    9.24272e-01     2.19324e-01
    9.23717e-01     1.72902e-01

    9.24272e-01     2.19324e-01
    9.24272e-01     2.19324e-01

    9.24272e-01     2.19324e-01
    9.24272e-01     2.19324e-01

    9.24272e-01     2.19324e-01
    9.29195e-01     2.71223e-01

    9.28769e-01     2.74605e-01
    9.28350e-01     2.77931e-01

    9.28769e-01     2.74605e-01
    9.29195e-01     2.71223e-01

    2.19324e-01     9.24272e-01
    1.72902e-01     9.23717e-01

    2.19324e-01     9.24272e-01
    2.19324e-01     9.24272e-01

    2.19324e-01     9.24272e-01
    2.19324e-01     9.24272e-01

    2.74605e-01     9.28769e-01
    2.77931e-01     9.28350e-01

    2.74605e-01     9.28769e-01
    2.71223e-01     9.29195e-01

    2.19324e-01     9.24272e-01
    2.71223e-01     9.29195e-01

    0.00000e+00    -9.19842e-01
   -4.10589e-02    -9.18355e-01

    0.00000e+00    -9.19842e-01
    0.00000e+00    -9.19842e-01

   -5.50129e-02    -9.18218e-01
   -6.88746e-02    -9.18083e-01

   -5.50129e-02    -9.18218e-01
   -4.10589e-02    -9.18355e-01

    0.00000e+00    -9.19842e-01
    0.00000e+00    -9.19842e-01

    0.00000e+00    -9.19842e-01
    4.10589e-02    -9.18355e-01

   -9.18218e-01    -5.50129e-02
   -9.18083e-01    -6.88746e-02

   -9.18218e-01    -5.50129e-02
   -9.18355e-01    -4.10589e-02

   -9.19842e-01     0.00000e+00
   -9.18355e-01    -4.10589e-02

   -9.19842e-01     0.00000e+00
   -9.19842e-01     0.00000e+00

   -9.19842e-01     0.00000e+00
   -9.19842e-01     0.00000e+00

   -9.19842e-01     0.00000e+00
   -9.18355e-01     4.10589e-02

    9.23896e-01     3.28986e-01
    9.28350e-01     2.77931e-01

    9.23896e-01     3.28986e-01
    9.23896e-01     3.28986e-01

    9.23896e-01     3.28986e-01
    9.23896e-01     3.28986e-01

    9.23896e-01     3.28986e-01
    9.27508e-01     3.79198e-01

    9.25501e-01     3.86008e-01
    9.23649e-01     3.92295e-01

    9.25501e-01     3.86008e-01
    9.27508e-01     3.79198e-01

    3.28986e-01     9.23896e-01
    2.77931e-01     9.28350e-01

    3.28986e-01     9.23896e-01
    3.28986e-01     9.23896e-01

    3.28986e-01     9.23896e-01
    3.28986e-01     9.23896e-01

    3.86008e-01     9.25501e-01
    3.92295e-01     9.23649e-01

    3.86008e-01     9.25501e-01
    3.79198e-01     9.27508e-01

    3.28986e-01     9.23896e-01
    3.79198e-01     9.27508e-01

    1.09662e-01    -9.21376e-01
    6.88746e-02    -9.18083e-01

    1.09662e-01    -9.21376e-01
    1.09662e-01    -9.21376e-01

    5.50129e-02    -9.18218e-01
    6.88746e-02    -9.18083e-01

    5.50129e-02    -9.18218e-01
    4.10589e-02    -9.18355e-01

    1.09662e-01    -9.21376e-01
    1.56821e-01    -9.24455e-01

   -9.18218e-01     5.50129e-02
   -9.18083e-01     6.88746e-02

   -9.18218e-01     5.50129e-02
   -9.18355e-01     4.10589e-02

   -9.21376e-01     1.09662e-01
   -9.18083e-01     6.88746e-02

   -9.21376e-01     1.09662e-01
   -9.21376e-01     1.09662e-01

   -9.21376e-01     1.09662e-01
   -9.21376e-01     1.09662e-01

   -9.21376e-01     1.09662e-01
   -9.24455e-01     1.56821e-01

    9.10599e-01     4.38648e-01
    9.23649e-01     3.92295e-01

    9.10599e-01     4.38648e-01
    9.10599e-01     4.38648e-01

    9.10599e-01     4.38648e-01
    9.10599e-01     4.38648e-01

    9.10599e-01     4.38648e-01
    9.12803e-01     4.74155e-01

    9.13547e-01     4.92331e-01
    9.12803e-01     4.74155e-01

    9.13547e-01     4.92331e-01
    9.14322e-01     5.11284e-01

    4.38648e-01     9.10599e-01
    3.92295e-01     9.23649e-01

    4.38648e-01     9.10599e-01
    4.38648e-01     9.10599e-01

    4.38648e-01     9.10599e-01
    4.38648e-01     9.10599e-01

    4.92331e-01     9.13547e-01
    4.74155e-01     9.12803e-01

    4.92331e-01     9.13547e-01
    5.11284e-01     9.14322e-01

    4.38648e-01     9.10599e-01
    4.74155e-01     9.12803e-01

    2.19324e-01    -9.24272e-01
    1.72902e-01    -9.23717e-01

    2.19324e-01    -9.24272e-01
    2.19324e-01    -9.24272e-01

    1.64925e-01    -9.24083e-01
    1.72902e-01    -9.23717e-01

    1.64925e-01    -9.24083e-01
    1.56821e-01    -9.24455e-01

    2.19324e-01    -9.24272e-01
    2.71223e-01    -9.29195e-01

   -9.24083e-01     1.64925e-01
   -9.23717e-01     1.72902e-01

   -9.24083e-01     1.64925e-01
   -9.24455e-01     1.56821e-01

   -9.24272e-01     2.19324e-01
   -9.23717e-01     1.72902e-01

   -9.24272e-01     2.19324e-01
   -9.24272e-01     2.19324e-01

   -9.24272e-01     2.19324e-01
   -9.29195e-01     2.71223e-01

    9.12022e-01     5.48310e-01
    9.14322e-01     5.11284e-01

    9.12022e-01     5.48310e-01
    9.12022e-01     5.48310e-01

    9.12022e-01     5.48310e-01
    9.12022e-01     5.48310e-01

    9.12022e-01     5.48310e-01
    9.05379e-01     5.76393e-01

    9.06019e-01     6.01891e-01
    9.05379e-01     5.76393e-01

    9.06019e-01     6.01891e-01
    9.06690e-01     6.28578e-01

    5.48310e-01     9.12022e-01
    5.11284e-01     9.14322e-01

    5.48310e-01     9.12022e-01
    5.48310e-01     9.12022e-01

    5.48310e-01     9.12022e-01
    5.48310e-01     9.12022e-01

    6.01891e-01     9.06019e-01
    5.76393e-01     9.05379e-01

    6.01891e-01     9.06019e-01
    6.28578e-01     9.06690e-01

    5.48310e-01     9.12022e-01
    5.76393e-01     9.05379e-01

    3.28986e-01    -9.23896e-01
    2.77931e-01    -9.28350e-01

    3.28986e-01    -9.23896e-01
    3.28986e-01    -9.23896e-01

    2.74605e-01    -9.28769e-01
    2.77931e-01    -9.28350e-01

    2.74605e-01    -9.28769e-01
    2.71223e-01    -9.29195e-01

    3.28986e-01    -9.23896e-01
    3.79198e-01    -9.27508e-01

   -9.28769e-01     2.74605e-01
   -9.28350e-01     2.77931e-01

   -9.28769e-01     2.74605e-01
   -9.29195e-01     2.71223e-01

   -9.23896e-01     3.28986e-01
   -9.28350e-01     2.77931e-01

   -9.23896e-01     3.28986e-01
   -9.23896e-01     3.28986e-01

   -9.23896e-01     3.28986e-01
   -9.27508e-01     3.79198e-01

    9.08058e-01     6.57972e-01
    9.06690e-01     6.28578e-01

    9.08058e-01     6.57972e-01
    9.08058e-01     6.57972e-01

    8.77296e-01     7.06266e-01
    8.67221e-01     7.57559e-01

    8.77296e-01     7.06266e-01
    8.77296e-01     7.06266e-01

    8.77296e-01     7.06266e-01
    8.77296e-01     7.06266e-01

    8.59100e-01     7.67634e-01
    8.67221e-01     7.57559e-01

    8.59100e-01     7.67634e-01
    8.59100e-01     7.67634e-01

    9.08058e-01     6.57972e-01
    9.08058e-01     6.57972e-01

    8.77296e-01     7.06266e-01
    8.77296e-01     7.06266e-01

    8.77296e-01     7.06266e-01
    8.77296e-01     7.06266e-01

    9.08058e-01     6.57972e-01
    8.98048e-01     6.78724e-01

    8.77296e-01     7.06266e-01
    8.98048e-01     6.78724e-01

    7.67634e-01     8.59100e-01
    7.57559e-01     8.67221e-01

    7.67634e-01     8.59100e-01
    7.67634e-01     8.59100e-01

    7.06266e-01     8.77296e-01
    7.57559e-01     8.67221e-01

    7.06266e-01     8.77296e-01
    7.06266e-01     8.77296e-01

    7.06266e-01     8.77296e-01
    7.06266e-01     8.77296e-01

    8.59100e-01     7.67634e-01
    8.59100e-01     7.67634e-01

    7.67634e-01     8.59100e-01
    7.67634e-01     8.59100e-01

    8.59100e-01     7.67634e-01
    8.49174e-01     7.95755e-01

    8.49174e-01     7.95755e-01
    8.59100e-01     7.67634e-01

    7.67634e-01     8.59100e-01
    7.95755e-01     8.49174e-01

    7.67634e-01     8.59100e-01
    7.95755e-01     8.49174e-01

    6.57972e-01     9.08058e-01
    6.28578e-01     9.06690e-01

    6.57972e-01     9.08058e-01
    6.57972e-01     9.08058e-01

    7.06266e-01     8.77296e-01
    7.06266e-01     8.77296e-01

    7.06266e-01     8.77296e-01
    7.06266e-01     8.77296e-01

    6.57972e-01     9.08058e-01
    6.57972e-01     9.08058e-01

    7.06266e-01     8.77296e-01
    6.78724e-01     8.98048e-01

    6.57972e-01     9.08058e-01
    6.78724e-01     8.98048e-01

    4.38648e-01    -9.10599e-01
    3.92295e-01    -9.23649e-01

    4.38648e-01    -9.10599e-01
    4.38648e-01    -9.10599e-01

    3.86008e-01    -9.25501e-01
    3.92295e-01    -9.23649e-01

    3.86008e-01    -9.25501e-01
    3.79198e-01    -9.27508e-01

    4.38648e-01    -9.10599e-01
    4.74155e-01    -9.12803e-01

   -9.25501e-01     3.86008e-01
   -9.23649e-01     3.92295e-01

   -9.25501e-01     3.86008e-01
   -9.27508e-01     3.79198e-01

   -9.10599e-01     4.38648e-01
   -9.23649e-01     3.92295e-01

   -9.10599e-01     4.38648e-01
   -9.10599e-01     4.38648e-01

   -9.10599e-01     4.38648e-01
   -9.12803e-01     4.74155e-01

    5.48310e-01    -9.12022e-01
    5.11284e-01    -9.14322e-01

    5.48310e-01    -9.12022e-01
    5.48310e-01    -9.12022e-01

    4.92331e-01    -9.13547e-01
    4.74155e-01    -9.12803e-01

    4.92331e-01    -9.13547e-01
    5.11284e-01    -9.14322e-01

    5.48310e-01    -9.12022e-01
    5.48310e-01    -9.12022e-01

    5.48310e-01    -9.12022e-01
    5.76393e-01    -9.05379e-01

   -9.13547e-01     4.92331e-01
   -9.12803e-01     4.74155e-01

   -9.13547e-01     4.92331e-01
   -9.14322e-01     5.11284e-01

   -9.12022e-01     5.48310e-01
   -9.14322e-01     5.11284e-01

   -9.12022e-01     5.48310e-01
   -9.12022e-01     5.48310e-01

   -9.12022e-01     5.48310e-01
   -9.05379e-01     5.76393e-01

    6.57972e-01    -9.08058e-01
    6.28578e-01    -9.06690e-01

    6.57972e-01    -9.08058e-01
    6.57972e-01    -9.08058e-01

    6.01891e-01    -9.06019e-01
    5.76393e-01    -9.05379e-01

    6.01891e-01    -9.06019e-01
    6.28578e-01    -9.06690e-01

    6.57972e-01    -9.08058e-01
    6.78724e-01    -8.98048e-01

   -9.06020e-01     6.01891e-01
   -9.05379e-01     5.76393e-01

   -9.06020e-01     6.01891e-01
   -9.06690e-01     6.28578e-01

   -9.08058e-01     6.57972e-01
   -9.06690e-01     6.28578e-01

   -9.08058e-01     6.57972e-01
   -9.08058e-01     6.57972e-01

   -9.08058e-01     6.57972e-01
   -8.98048e-01     6.78724e-01

    7.06266e-01    -8.77296e-01
    6.78724e-01    -8.98048e-01

    7.06266e-01    -8.77296e-01
    7.06266e-01    -8.77296e-01

    7.06266e-01    -8.77296e-01
    7.06266e-01    -8.77296e-01

    7.06266e-01    -8.77296e-01
    7.57559e-01    -8.67221e-01

   -8.77296e-01     7.06266e-01
   -8.98048e-01     6.78724e-01

   -8.77296e-01     7.06266e-01
   -8.77296e-01     7.06266e-01

   -8.77296e-01     7.06266e-01
   -8.77296e-01     7.06266e-01

   -8.77296e-01     7.06266e-01
   -8.67221e-01     7.57559e-01

    7.67634e-01    -8.59100e-01
    7.57559e-01    -8.67221e-01

    7.67634e-01    -8.59100e-01
    7.67634e-01    -8.59100e-01

    7.67634e-01    -8.59100e-01
    7.67634e-01    -8.59100e-01

    7.67634e-01    -8.59100e-01
    7.95755e-01    -8.49174e-01

    7.67634e-01    -8.59100e-01
    7.67634e-01    -8.59100e-01

   -8.59100e-01     7.67634e-01
   -8.67221e-01     7.57559e-01

   -8.59100e-01     7.67634e-01
   -8.59100e-01     7.67634e-01

   -8.59100e-01     7.67634e-01
   -8.59100e-01     7.67634e-01

   -8.59100e-01     7.67634e-01
   -8.49174e-01     7.95755e-01

   -8.59100e-01     7.67634e-01
   -8.59100e-01     7.67634e-01

    8.59100e-01    -7.67634e-01
    8.49174e-01    -7.95755e-01

    8.59100e-01    -7.67634e-01
    8.59100e-01    -7.67634e-01

    8.59100e-01    -7.67634e-01
    8.59100e-01    -7.67634e-01

    8.59100e-01    -7.67634e-01
    8.59100e-01    -7.67634e-01

    8.59100e-01    -7.67634e-01
    8.67221e-01    -7.57559e-01

   -7.67634e-01     8.59100e-01
   -7.95755e-01     8.49174e-01

   -7.67634e-01     8.59100e-01
   -7.67634e-01     8.59100e-01

   -7.67634e-01     8.59100e-01
   -7.67634e-01     8.59100e-01

   -7.67634e-01     8.59100e-01
   -7.67634e-01     8.59100e-01

   -7.67634e-01     8.59100e-01
   -7.57559e-01     8.67221e-01

    8.67221e-01    -7.57559e-01
    8.77296e-01    -7.06266e-01

    8.77296e-01    -7.06266e-01
    8.77296e-01    -7.06266e-01

    8.77296e-01    -7.06266e-01
    8.77296e-01    -7.06266e-01

    8.98048e-01    -6.78724e-01
    8.77296e-01    -7.06266e-01

   -7.57559e-01     8.67221e-01
   -7.06266e-01     8.77296e-01

   -7.06266e-01     8.77296e-01
   -7.06266e-01     8.77296e-01

   -7.06266e-01     8.77296e-01
   -7.06266e-01     8.77296e-01

   -6.78724e-01     8.98048e-01
   -7.06266e-01     8.77296e-01

    8.98048e-01    -6.78724e-01
    9.08058e-01    -6.57972e-01

    9.08058e-01    -6.57972e-01
    9.08058e-01    -6.57972e-01

    9.06690e-01    -6.28578e-01
    9.08058e-01    -6.57972e-01

    9.06020e-01    -6.01891e-01
    9.05379e-01    -5.76393e-01

    9.06020e-01    -6.01891e-01
    9.06690e-01    -6.28578e-01

   -6.78724e-01     8.98048e-01
   -6.57972e-01     9.08058e-01

   -6.57972e-01     9.08058e-01
   -6.57972e-01     9.08058e-01

   -6.01891e-01     9.06020e-01
   -5.76393e-01     9.05379e-01

   -6.01891e-01     9.06020e-01
   -6.28578e-01     9.06690e-01

   -6.28578e-01     9.06690e-01
   -6.57972e-01     9.08058e-01

    9.05379e-01    -5.76393e-01
    9.12022e-01    -5.48310e-01

    9.12022e-01    -5.48310e-01
    9.12022e-01    -5.48310e-01

    9.14322e-01    -5.11284e-01
    9.12022e-01    -5.48310e-01

    9.13547e-01    -4.92331e-01
    9.12803e-01    -4.74155e-01

    9.13547e-01    -4.92331e-01
    9.14322e-01    -5.11284e-01

   -5.48310e-01     9.12022e-01
   -5.76393e-01     9.05379e-01

   -5.48310e-01     9.12022e-01
   -5.48310e-01     9.12022e-01

   -5.48310e-01     9.12022e-01
   -5.48310e-01     9.12022e-01

   -4.92331e-01     9.13547e-01
   -4.74155e-01     9.12803e-01

   -4.92331e-01     9.13547e-01
   -5.11284e-01     9.14322e-01

   -5.48310e-01     9.12022e-01
   -5.11284e-01     9.14322e-01

    9.12803e-01    -4.74155e-01
    9.10599e-01    -4.38648e-01

    9.10599e-01    -4.38648e-01
    9.10599e-01    -4.38648e-01

    9.23649e-01    -3.92295e-01
    9.10599e-01    -4.38648e-01

    9.25501e-01    -3.86008e-01
    9.23649e-01    -3.92295e-01

    9.25501e-01    -3.86008e-01
    9.27508e-01    -3.79198e-01

   -4.74155e-01     9.12803e-01
   -4.38648e-01     9.10599e-01

   -4.38648e-01     9.10599e-01
   -4.38648e-01     9.10599e-01

   -3.86008e-01     9.25501e-01
   -3.92295e-01     9.23649e-01

   -3.86008e-01     9.25501e-01
   -3.79198e-01     9.27508e-01

   -3.92295e-01     9.23649e-01
   -4.38648e-01     9.10599e-01

   -6.78724e-01    -8.98048e-01
   -6.57972e-01    -9.08058e-01

   -6.57972e-01    -9.08058e-01
   -6.78724e-01    -8.98048e-01

   -6.57972e-01    -9.08058e-01
   -6.57972e-01    -9.08058e-01

   -7.06266e-01    -8.77296e-01
   -6.78724e-01    -8.98048e-01

   -6.78724e-01    -8.98048e-01
   -7.06266e-01    -8.77296e-01

   -7.06266e-01    -8.77296e-01
   -7.06266e-01    -8.77296e-01

   -7.06266e-01    -8.77296e-01
   -7.06266e-01    -8.77296e-01

   -6.57972e-01    -9.08058e-01
   -6.57972e-01    -9.08058e-01

   -6.28578e-01    -9.06690e-01
   -6.57972e-01    -9.08058e-01

   -6.57972e-01    -9.08058e-01
   -6.28578e-01    -9.06690e-01

   -7.95755e-01    -8.49174e-01
   -7.67634e-01    -8.59100e-01

   -7.67634e-01    -8.59100e-01
   -7.95755e-01    -8.49174e-01

   -7.67634e-01    -8.59100e-01
   -7.67634e-01    -8.59100e-01

   -8.49174e-01    -7.95755e-01
   -8.59100e-01    -7.67634e-01

   -8.49174e-01    -7.95755e-01
   -8.59100e-01    -7.67634e-01

   -8.59100e-01    -7.67634e-01
   -8.59100e-01    -7.67634e-01

   -7.06266e-01    -8.77296e-01
   -7.06266e-01    -8.77296e-01

   -7.06266e-01    -8.77296e-01
   -7.06266e-01    -8.77296e-01

   -7.67634e-01    -8.59100e-01
   -7.67634e-01    -8.59100e-01

   -7.57559e-01    -8.67221e-01
   -7.06266e-01    -8.77296e-01

   -7.06266e-01    -8.77296e-01
   -7.57559e-01    -8.67221e-01

   -7.67634e-01    -8.59100e-01
   -7.57559e-01    -8.67221e-01

   -7.57559e-01    -8.67221e-01
   -7.67634e-01    -8.59100e-01

   -8.77296e-01    -7.06266e-01
   -8.98048e-01    -6.78724e-01

   -8.77296e-01    -7.06266e-01
   -8.98048e-01    -6.78724e-01

   -8.77296e-01    -7.06266e-01
   -8.77296e-01    -7.06266e-01

   -8.77296e-01    -7.06266e-01
   -8.77296e-01    -7.06266e-01

   -8.98048e-01    -6.78724e-01
   -9.08058e-01    -6.57972e-01

   -8.98048e-01    -6.78724e-01
   -9.08058e-01    -6.57972e-01

   -9.08058e-01    -6.57972e-01
   -9.08058e-01    -6.57972e-01

   -8.59100e-01    -7.67634e-01
   -8.59100e-01    -7.67634e-01

   -8.77296e-01    -7.06266e-01
   -8.77296e-01    -7.06266e-01

   -8.77296e-01    -7.06266e-01
   -8.77296e-01    -7.06266e-01

   -8.59100e-01    -7.67634e-01
   -8.67221e-01    -7.57559e-01

   -8.59100e-01    -7.67634e-01
   -8.67221e-01    -7.57559e-01

   -8.67221e-01    -7.57559e-01
   -8.77296e-01    -7.06266e-01

   -8.67221e-01    -7.57559e-01
   -8.77296e-01    -7.06266e-01

   -9.08058e-01    -6.57972e-01
   -9.08058e-01    -6.57972e-01

   -9.08058e-01    -6.57972e-01
   -9.06690e-01    -6.28578e-01

   -9.06690e-01    -6.28578e-01
   -9.08058e-01    -6.57972e-01

    9.27508e-01    -3.79198e-01
    9.23896e-01    -3.28986e-01

    9.23896e-01    -3.28986e-01
    9.23896e-01    -3.28986e-01

    9.28350e-01    -2.77931e-01
    9.23896e-01    -3.28986e-01

    9.28769e-01    -2.74605e-01
    9.28350e-01    -2.77931e-01

    9.28769e-01    -2.74605e-01
    9.29195e-01    -2.71223e-01

   -3.79198e-01     9.27508e-01
   -3.28986e-01     9.23896e-01

   -3.28986e-01     9.23896e-01
   -3.28986e-01     9.23896e-01

   -2.74605e-01     9.28769e-01
   -2.77931e-01     9.28350e-01

   -2.74605e-01     9.28769e-01
   -2.71223e-01     9.29195e-01

   -2.77931e-01     9.28350e-01
   -3.28986e-01     9.23896e-01

   -5.76393e-01    -9.05379e-01
   -5.48310e-01    -9.12022e-01

   -5.48310e-01    -9.12022e-01
   -5.76393e-01    -9.05379e-01

   -5.48310e-01    -9.12022e-01
   -5.48310e-01    -9.12022e-01

   -5.76393e-01    -9.05379e-01
   -6.01891e-01    -9.06019e-01

   -6.01891e-01    -9.06019e-01
   -5.76393e-01    -9.05379e-01

   -6.01891e-01    -9.06019e-01
   -6.01891e-01    -9.06019e-01

   -6.28578e-01    -9.06690e-01
   -6.01891e-01    -9.06019e-01

   -6.28578e-01    -9.06690e-01
   -6.28578e-01    -9.06690e-01

   -6.28578e-01    -9.06690e-01
   -6.01891e-01    -9.06019e-01

   -5.48310e-01    -9.12022e-01
   -5.48310e-01    -9.12022e-01

   -5.48310e-01    -9.12022e-01
   -5.11284e-01    -9.14322e-01

   -5.11284e-01    -9.14322e-01
   -5.48310e-01    -9.12022e-01

   -9.06019e-01    -6.01891e-01
   -9.05379e-01    -5.76393e-01

   -9.06019e-01    -6.01891e-01
   -9.05379e-01    -5.76393e-01

   -9.06019e-01    -6.01891e-01
   -9.06019e-01    -6.01891e-01

   -9.06690e-01    -6.28578e-01
   -9.06019e-01    -6.01891e-01

   -9.06690e-01    -6.28578e-01
   -9.06690e-01    -6.28578e-01

   -9.06019e-01    -6.01891e-01
   -9.06690e-01    -6.28578e-01

   -9.05379e-01    -5.76393e-01
   -9.12022e-01    -5.48310e-01

   -9.05379e-01    -5.76393e-01
   -9.12022e-01    -5.48310e-01

   -9.12022e-01    -5.48310e-01
   -9.12022e-01    -5.48310e-01

   -9.12022e-01    -5.48310e-01
   -9.12022e-01    -5.48310e-01

   -9.12022e-01    -5.48310e-01
   -9.14322e-01    -5.11284e-01

   -9.12022e-01    -5.48310e-01
   -9.14322e-01    -5.11284e-01

    9.29195e-01    -2.71223e-01
    9.24272e-01    -2.19324e-01

    9.24272e-01    -2.19324e-01
    9.24272e-01    -2.19324e-01

    9.23717e-01    -1.72902e-01
    9.24272e-01    -2.19324e-01

    9.24083e-01    -1.64925e-01
    9.23717e-01    -1.72902e-01

    9.24083e-01    -1.64925e-01
    9.24455e-01    -1.56821e-01

   -2.71223e-01     9.29195e-01
   -2.19324e-01     9.24272e-01

   -2.19324e-01     9.24272e-01
   -2.19324e-01     9.24272e-01

   -1.64925e-01     9.24083e-01
   -1.72902e-01     9.23717e-01

   -1.64925e-01     9.24083e-01
   -1.56821e-01     9.24455e-01

   -1.72902e-01     9.23717e-01
   -2.19324e-01     9.24272e-01

   -4.74155e-01    -9.12803e-01
   -4.38648e-01    -9.10599e-01

   -4.38648e-01    -9.10599e-01
   -4.74155e-01    -9.12803e-01

   -4.38648e-01    -9.10599e-01
   -4.38648e-01    -9.10599e-01

   -4.74155e-01    -9.12803e-01
   -4.92331e-01    -9.13547e-01

   -4.92331e-01    -9.13547e-01
   -4.74155e-01    -9.12803e-01

   -4.92331e-01    -9.13547e-01
   -4.92331e-01    -9.13547e-01

   -5.11284e-01    -9.14322e-01
   -4.92331e-01    -9.13547e-01

   -5.11284e-01    -9.14322e-01
   -5.11284e-01    -9.14322e-01

   -5.11284e-01    -9.14322e-01
   -4.92331e-01    -9.13547e-01

   -4.38648e-01    -9.10599e-01
   -4.38648e-01    -9.10599e-01

   -4.38648e-01    -9.10599e-01
   -3.92295e-01    -9.23649e-01

   -3.92295e-01    -9.23649e-01
   -4.38648e-01    -9.10599e-01

   -9.13547e-01    -4.92331e-01
   -9.12803e-01    -4.74155e-01

   -9.13547e-01    -4.92331e-01
   -9.12803e-01    -4.74155e-01

   -9.13547e-01    -4.92331e-01
   -9.13547e-01    -4.92331e-01

   -9.14322e-01    -5.11284e-01
   -9.13547e-01    -4.92331e-01

   -9.14322e-01    -5.11284e-01
   -9.14322e-01    -5.11284e-01

   -9.13547e-01    -4.92331e-01
   -9.14322e-01    -5.11284e-01

   -9.12803e-01    -4.74155e-01
   -9.10599e-01    -4.38648e-01

   -9.12803e-01    -4.74155e-01
   -9.10599e-01    -4.38648e-01

   -9.10599e-01    -4.38648e-01
   -9.10599e-01    -4.38648e-01

   -9.10599e-01    -4.38648e-01
   -9.10599e-01    -4.38648e-01

   -9.10599e-01    -4.38648e-01
   -9.23649e-01    -3.92295e-01

   -9.10599e-01    -4.38648e-01
   -9.23649e-01    -3.92295e-01

    9.21376e-01    -1.09662e-01
    9.24455e-01    -1.56821e-01

    9.21376e-01    -1.09662e-01
    9.21376e-01    -1.09662e-01

    9.21376e-01    -1.09662e-01
    9.21376e-01    -1.09662e-01

    9.21376e-01    -1.09662e-01
    9.18083e-01    -6.88746e-02

    9.18218e-01    -5.50129e-02
    9.18083e-01    -6.88746e-02

    9.18218e-01    -5.50129e-02
    9.18355e-01    -4.10589e-02

   -1.56821e-01     9.24455e-01
   -1.09662e-01     9.21376e-01

   -1.09662e-01     9.21376e-01
   -1.09662e-01     9.21376e-01

   -5.50129e-02     9.18218e-01
   -6.88746e-02     9.18083e-01

   -5.50129e-02     9.18218e-01
   -4.10589e-02     9.18355e-01

   -6.88746e-02     9.18083e-01
   -1.09662e-01     9.21376e-01

   -3.28986e-01    -9.23896e-01
   -3.79198e-01    -9.27508e-01

   -3.79198e-01    -9.27508e-01
   -3.28986e-01    -9.23896e-01

   -3.28986e-01    -9.23896e-01
   -3.28986e-01    -9.23896e-01

   -3.28986e-01    -9.23896e-01
   -3.28986e-01    -9.23896e-01

   -3.86008e-01    -9.25501e-01
   -3.92295e-01    -9.23649e-01

   -3.92295e-01    -9.23649e-01
   -3.86008e-01    -9.25501e-01

   -3.86008e-01    -9.25501e-01
   -3.86008e-01    -9.25501e-01

   -3.86008e-01    -9.25501e-01
   -3.79198e-01    -9.27508e-01

   -3.79198e-01    -9.27508e-01
   -3.79198e-01    -9.27508e-01

   -3.79198e-01    -9.27508e-01
   -3.86008e-01    -9.25501e-01

   -3.28986e-01    -9.23896e-01
   -3.28986e-01    -9.23896e-01

   -3.28986e-01    -9.23896e-01
   -3.28986e-01    -9.23896e-01

   -2.77931e-01    -9.28350e-01
   -3.28986e-01    -9.23896e-01

   -2.77931e-01    -9.28350e-01
   -3.28986e-01    -9.23896e-01

   -9.23649e-01    -3.92295e-01
   -9.25501e-01    -3.86008e-01

   -9.23649e-01    -3.92295e-01
   -9.25501e-01    -3.86008e-01

   -9.25501e-01    -3.86008e-01
   -9.25501e-01    -3.86008e-01

   -9.25501e-01    -3.86008e-01
   -9.27508e-01    -3.79198e-01

   -9.27508e-01    -3.79198e-01
   -9.27508e-01    -3.79198e-01

   -9.25501e-01    -3.86008e-01
   -9.27508e-01    -3.79198e-01

   -9.27508e-01    -3.79198e-01
   -9.23896e-01    -3.28986e-01

   -9.27508e-01    -3.79198e-01
   -9.27508e-01    -3.79198e-01

   -9.23896e-01    -3.28986e-01
   -9.27508e-01    -3.79198e-01

   -9.27508e-01    -3.79198e-01
   -9.27508e-01    -3.79198e-01

   -9.23896e-01    -3.28986e-01
   -9.23896e-01    -3.28986e-01

   -9.23896e-01    -3.28986e-01
   -9.23896e-01    -3.28986e-01

   -9.23896e-01    -3.28986e-01
   -9.23896e-01    -3.28986e-01

   -9.23896e-01    -3.28986e-01
   -9.23896e-01    -3.28986e-01

   -9.28350e-01    -2.77931e-01
   -9.23896e-01    -3.28986e-01

   -9.23896e-01    -3.28986e-01
   -9.28350e-01    -2.77931e-01

    9.19842e-01     0.00000e+00
    9.18355e-01    -4.10589e-02

    9.19842e-01     0.00000e+00
    9.19842e-01     0.00000e+00

    9.19842e-01     0.00000e+00
    9.19842e-01     0.00000e+00

    9.19842e-01     0.00000e+00
    9.18355e-01     4.10589e-02

    9.18218e-01     5.50129e-02
    9.18083e-01     6.88746e-02

    9.18218e-01     5.50129e-02
    9.18355e-01     4.10589e-02

    0.00000e+00     9.19842e-01
   -4.10589e-02     9.18355e-01

    0.00000e+00     9.19842e-01
    0.00000e+00     9.19842e-01

    0.00000e+00     9.19842e-01
    0.00000e+00     9.19842e-01

    5.50129e-02     9.18218e-01
    6.88746e-02     9.18083e-01

    5.50129e-02     9.18218e-01
    4.10589e-02     9.18355e-01

    0.00000e+00     9.19842e-01
    4.10589e-02     9.18355e-01

   -2.71223e-01    -9.29195e-01
   -2.19324e-01    -9.24272e-01

   -2.19324e-01    -9.24272e-01
   -2.71223e-01    -9.29195e-01

   -2.19324e-01    -9.24272e-01
   -2.19324e-01    -9.24272e-01

   -2.77931e-01    -9.28350e-01
   -2.74605e-01    -9.28769e-01

   -2.77931e-01    -9.28350e-01
   -2.77931e-01    -9.28350e-01

   -2.71223e-01    -9.29195e-01
   -2.71223e-01    -9.29195e-01

   -2.71223e-01    -9.29195e-01
   -2.71223e-01    -9.29195e-01

   -2.71223e-01    -9.29195e-01
   -2.74605e-01    -9.28769e-01

   -2.19324e-01    -9.24272e-01
   -2.19324e-01    -9.24272e-01

   -2.19324e-01    -9.24272e-01
   -2.19324e-01    -9.24272e-01

   -2.19324e-01    -9.24272e-01
   -1.72902e-01    -9.23717e-01

   -9.28350e-01    -2.77931e-01
   -9.28769e-01    -2.74605e-01

   -9.28350e-01    -2.77931e-01
   -9.28350e-01    -2.77931e-01

   -9.29195e-01    -2.71223e-01
   -9.29195e-01    -2.71223e-01

   -9.29195e-01    -2.71223e-01
   -9.29195e-01    -2.71223e-01

   -9.29195e-01    -2.71223e-01
   -9.28769e-01    -2.74605e-01

   -9.29195e-01    -2.71223e-01
   -9.24272e-01    -2.19324e-01

   -9.29195e-01    -2.71223e-01
   -9.24272e-01    -2.19324e-01

   -9.24272e-01    -2.19324e-01
   -9.24272e-01    -2.19324e-01

   -9.24272e-01    -2.19324e-01
   -9.24272e-01    -2.19324e-01

   -9.24272e-01    -2.19324e-01
   -9.24272e-01    -2.19324e-01

   -9.24272e-01    -2.19324e-01
   -9.23717e-01    -1.72902e-01

    9.18083e-01     6.88746e-02
    9.21376e-01     1.09662e-01

    9.21376e-01     1.09662e-01
    9.21376e-01     1.09662e-01

    9.24455e-01     1.56821e-01
    9.21376e-01     1.09662e-01

    9.24083e-01     1.64925e-01
    9.23717e-01     1.72902e-01

    9.24083e-01     1.64925e-01
    9.24455e-01     1.56821e-01

    6.88746e-02     9.18083e-01
    1.09662e-01     9.21376e-01

    1.09662e-01     9.21376e-01
    1.09662e-01     9.21376e-01

    1.64925e-01     9.24083e-01
    1.72902e-01     9.23717e-01

    1.64925e-01     9.24083e-01
    1.56821e-01     9.24455e-01

    1.56821e-01     9.24455e-01
    1.09662e-01     9.21376e-01

