   -2.41613e-01    -7.89923e-01
   -2.19324e-01    -7.84925e-01

   -2.60219e-01    -7.95588e-01
   -2.41613e-01    -7.89923e-01

   -2.60219e-01    -7.95588e-01
   -2.91505e-01    -8.05115e-01

   -2.19324e-01    -7.84925e-01
   -2.19324e-01    -7.84925e-01

   -2.06563e-01    -7.80395e-01
   -2.19324e-01    -7.84925e-01

   -7.95588e-01    -2.60219e-01
   -7.89923e-01    -2.41613e-01

   -7.95588e-01    -2.60219e-01
   -8.05115e-01    -2.91505e-01

   -7.89923e-01    -2.41613e-01
   -7.84925e-01    -2.19324e-01

   -7.84925e-01    -2.19324e-01
   -7.84925e-01    -2.19324e-01

   -7.80395e-01    -2.06563e-01
   -7.84925e-01    -2.19324e-01

    8.16307e-01     3.28986e-01
    8.05115e-01     2.91505e-01

    8.16307e-01     3.28986e-01
    8.16307e-01     3.28986e-01

    7.64443e-01     4.35457e-01
    7.67634e-01     4.32082e-01

    7.63802e-01     4.38648e-01
    7.64443e-01     4.35457e-01

    7.63802e-01     4.38648e-01
    7.63802e-01     4.38648e-01

    8.16307e-01     3.28986e-01
    8.16307e-01     3.28986e-01

    7.67634e-01     4.32081e-01
    7.67634e-01     4.32081e-01

    7.67634e-01     4.32082e-01
    7.67634e-01     4.32081e-01

    8.16307e-01     3.28986e-01
    8.01077e-01     3.62429e-01

    8.01077e-01     3.62429e-01
    7.67634e-01     4.32081e-01

    7.63802e-01     4.38648e-01
    7.63802e-01     4.38648e-01

    7.63802e-01     4.38648e-01
    7.10886e-01     4.91562e-01

    7.07839e-01     4.96637e-01
    7.05123e-01     5.01158e-01

    7.07839e-01     4.96637e-01
    7.10886e-01     4.91562e-01

    4.38648e-01     7.63802e-01
    4.35457e-01     7.64443e-01

    4.38648e-01     7.63802e-01
    4.38648e-01     7.63802e-01

    4.35457e-01     7.64443e-01
    4.32082e-01     7.67634e-01

    4.38648e-01     7.63802e-01
    4.38648e-01     7.63802e-01

    4.96637e-01     7.07839e-01
    5.01159e-01     7.05123e-01

    4.96637e-01     7.07839e-01
    4.91562e-01     7.10886e-01

    4.38648e-01     7.63802e-01
    4.91562e-01     7.10886e-01

    3.28986e-01     8.16307e-01
    2.91505e-01     8.05115e-01

    3.28986e-01     8.16307e-01
    3.28986e-01     8.16307e-01

    4.32081e-01     7.67634e-01
    4.32081e-01     7.67634e-01

    4.32082e-01     7.67634e-01
    4.32081e-01     7.67634e-01

    3.28986e-01     8.16307e-01
    3.28986e-01     8.16307e-01

    3.62429e-01     8.01077e-01
    4.32081e-01     7.67634e-01

    3.28986e-01     8.16307e-01
    3.62429e-01     8.01077e-01

   -2.06563e-01    -7.80395e-01
   -1.66904e-01    -7.67634e-01

   -1.66904e-01    -7.67634e-01
   -1.66904e-01    -7.67634e-01

   -1.66904e-01    -7.67634e-01
   -1.66904e-01    -7.67634e-01

   -1.21504e-01    -7.55792e-01
   -1.66904e-01    -7.67634e-01

   -7.80395e-01    -2.06563e-01
   -7.67634e-01    -1.66904e-01

   -7.67634e-01    -1.66904e-01
   -7.67634e-01    -1.66904e-01

   -7.67634e-01    -1.66904e-01
   -7.67634e-01    -1.66904e-01

   -7.55792e-01    -1.21504e-01
   -7.67634e-01    -1.66904e-01

    6.85247e-01     5.48310e-01
    7.05123e-01     5.01158e-01

    6.85247e-01     5.48310e-01
    6.85247e-01     5.48310e-01

    6.57972e-01     5.79661e-01
    6.08497e-01     6.08497e-01

    6.57972e-01     5.79661e-01
    6.57972e-01     5.79661e-01

    5.79661e-01     6.57972e-01
    6.08497e-01     6.08497e-01

    5.79661e-01     6.57972e-01
    5.79661e-01     6.57972e-01

    6.85247e-01     5.48310e-01
    6.85247e-01     5.48310e-01

    6.57972e-01     5.79661e-01
    6.57972e-01     5.79661e-01

    6.85247e-01     5.48310e-01
    6.71685e-01     5.62023e-01

    6.57972e-01     5.79661e-01
    6.71685e-01     5.62023e-01

    5.48310e-01     6.85247e-01
    5.01159e-01     7.05123e-01

    5.48310e-01     6.85247e-01
    5.48310e-01     6.85247e-01

    5.79661e-01     6.57972e-01
    5.79661e-01     6.57972e-01

    5.48310e-01     6.85247e-01
    5.48310e-01     6.85247e-01

    5.79661e-01     6.57972e-01
    5.62023e-01     6.71685e-01

    5.48310e-01     6.85247e-01
    5.62023e-01     6.71685e-01

   -1.21504e-01    -7.55792e-01
   -1.09662e-01    -7.52366e-01

   -1.09662e-01    -7.52366e-01
   -1.09662e-01    -7.52366e-01

   -2.52393e-02    -7.42394e-01
   -6.31272e-02    -7.46213e-01

   -9.10566e-02    -7.49028e-01
   -6.31272e-02    -7.46213e-01

   -9.10566e-02    -7.49028e-01
   -1.09662e-01    -7.52366e-01

   -7.52366e-01    -1.09662e-01
   -7.55792e-01    -1.21504e-01

   -7.52366e-01    -1.09662e-01
   -7.52366e-01    -1.09662e-01

   -7.52366e-01    -1.09662e-01
   -7.52366e-01    -1.09662e-01

   -7.52366e-01    -1.09662e-01
   -7.49028e-01    -9.10566e-02

   -7.42394e-01    -2.52393e-02
   -7.46213e-01    -6.31272e-02

   -7.49028e-01    -9.10566e-02
   -7.46213e-01    -6.31272e-02

    0.00000e+00    -7.41000e-01
   -2.52393e-02    -7.42394e-01

    0.00000e+00    -7.41000e-01
    0.00000e+00    -7.41000e-01

    0.00000e+00    -7.41000e-01
    0.00000e+00    -7.41000e-01

    2.52393e-02    -7.42394e-01
    6.31272e-02    -7.46213e-01

    9.10566e-02    -7.49028e-01
    6.31272e-02    -7.46213e-01

    0.00000e+00    -7.41000e-01
    2.52393e-02    -7.42394e-01

   -7.41000e-01     0.00000e+00
   -7.42394e-01    -2.52393e-02

   -7.41000e-01     0.00000e+00
   -7.41000e-01     0.00000e+00

   -7.41000e-01     0.00000e+00
   -7.41000e-01     0.00000e+00

   -7.41000e-01     0.00000e+00
   -7.42394e-01     2.52393e-02

   -7.42394e-01     2.52393e-02
   -7.46213e-01     6.31272e-02

   -7.49028e-01     9.10566e-02
   -7.46213e-01     6.31272e-02

    2.06563e-01    -7.80395e-01
    2.19324e-01    -7.84925e-01

    1.66904e-01    -7.67634e-01
    2.06563e-01    -7.80395e-01

    1.66904e-01    -7.67634e-01
    1.66904e-01    -7.67634e-01

    1.66904e-01    -7.67634e-01
    1.66904e-01    -7.67634e-01

    2.19324e-01    -7.84925e-01
    2.19324e-01    -7.84925e-01

    2.41613e-01    -7.89923e-01
    2.19324e-01    -7.84925e-01

    1.09662e-01    -7.52366e-01
    9.10566e-02    -7.49028e-01

    1.09662e-01    -7.52366e-01
    1.09662e-01    -7.52366e-01

    1.66904e-01    -7.67634e-01
    1.21504e-01    -7.55792e-01

    1.09662e-01    -7.52366e-01
    1.21504e-01    -7.55792e-01

   -7.49028e-01     9.10566e-02
   -7.52366e-01     1.09662e-01

   -7.67634e-01     1.66904e-01
   -7.80395e-01     2.06563e-01

   -7.67634e-01     1.66904e-01
   -7.67634e-01     1.66904e-01

   -7.67634e-01     1.66904e-01
   -7.67634e-01     1.66904e-01

   -7.84925e-01     2.19324e-01
   -7.80395e-01     2.06563e-01

   -7.84925e-01     2.19324e-01
   -7.84925e-01     2.19324e-01

   -7.52366e-01     1.09662e-01
   -7.52366e-01     1.09662e-01

   -7.67634e-01     1.66904e-01
   -7.67634e-01     1.66904e-01

   -7.67634e-01     1.66904e-01
   -7.67634e-01     1.66904e-01

   -7.55792e-01     1.21504e-01
   -7.52366e-01     1.09662e-01

   -7.67634e-01     1.66904e-01
   -7.55792e-01     1.21504e-01

   -7.84925e-01     2.19324e-01
   -7.89923e-01     2.41613e-01

    3.28986e-01    -8.16307e-01
    2.91505e-01    -8.05115e-01

    3.28986e-01    -8.16307e-01
    3.28986e-01    -8.16308e-01

    2.60219e-01    -7.95588e-01
    2.41613e-01    -7.89923e-01

    2.60219e-01    -7.95588e-01
    2.91505e-01    -8.05115e-01

    3.28986e-01    -8.16308e-01
    3.62429e-01    -8.01077e-01

   -7.95588e-01     2.60219e-01
   -7.89923e-01     2.41613e-01

   -7.95588e-01     2.60219e-01
   -8.05115e-01     2.91505e-01

   -8.16307e-01     3.28986e-01
   -8.05115e-01     2.91505e-01

   -8.16307e-01     3.28986e-01
   -8.16307e-01     3.28986e-01

   -8.16307e-01     3.28986e-01
   -8.01077e-01     3.62429e-01

    4.32081e-01    -7.67634e-01
    3.62429e-01    -8.01077e-01

    4.32081e-01    -7.67634e-01
    4.32081e-01    -7.67634e-01

    4.32081e-01    -7.67634e-01
    4.32081e-01    -7.67634e-01

    4.32081e-01    -7.67634e-01
    4.32081e-01    -7.67634e-01

    4.32081e-01    -7.67634e-01
    4.32081e-01    -7.67634e-01

    4.32081e-01    -7.67634e-01
    4.35457e-01    -7.64443e-01

   -7.67634e-01     4.32081e-01
   -8.01077e-01     3.62429e-01

   -7.67634e-01     4.32081e-01
   -7.67634e-01     4.32081e-01

   -7.67634e-01     4.32081e-01
   -7.67634e-01     4.32081e-01

   -7.67634e-01     4.32081e-01
   -7.67634e-01     4.32081e-01

   -7.67634e-01     4.32081e-01
   -7.67634e-01     4.32081e-01

   -7.67634e-01     4.32081e-01
   -7.64443e-01     4.35457e-01

    4.35457e-01    -7.64443e-01
    4.38648e-01    -7.63802e-01

    4.38648e-01    -7.63802e-01
    4.38648e-01    -7.63802e-01

    4.91562e-01    -7.10886e-01
    4.38648e-01    -7.63802e-01

   -7.64443e-01     4.35457e-01
   -7.63802e-01     4.38648e-01

   -7.63802e-01     4.38648e-01
   -7.63802e-01     4.38648e-01

   -7.10886e-01     4.91562e-01
   -7.63802e-01     4.38648e-01

    5.01159e-01    -7.05123e-01
    5.48310e-01    -6.85247e-01

    4.96637e-01    -7.07839e-01
    5.01159e-01    -7.05123e-01

    4.96637e-01    -7.07839e-01
    4.91562e-01    -7.10886e-01

    5.48310e-01    -6.85247e-01
    5.48310e-01    -6.85247e-01

    5.62023e-01    -6.71685e-01
    5.48310e-01    -6.85247e-01

   -7.07839e-01     4.96637e-01
   -7.05123e-01     5.01159e-01

   -7.07839e-01     4.96637e-01
   -7.10886e-01     4.91562e-01

   -7.05123e-01     5.01159e-01
   -6.85247e-01     5.48310e-01

   -6.85247e-01     5.48310e-01
   -6.85247e-01     5.48310e-01

   -6.71685e-01     5.62023e-01
   -6.85247e-01     5.48310e-01

    5.62023e-01    -6.71685e-01
    5.79661e-01    -6.57972e-01

    5.79661e-01    -6.57972e-01
    5.79661e-01    -6.57972e-01

    6.08497e-01    -6.08497e-01
    5.79661e-01    -6.57972e-01

   -6.71685e-01     5.62023e-01
   -6.57972e-01     5.79661e-01

   -6.57972e-01     5.79661e-01
   -6.57972e-01     5.79661e-01

   -6.08497e-01     6.08497e-01
   -6.57972e-01     5.79661e-01

    6.57972e-01    -5.79661e-01
    6.08497e-01    -6.08497e-01

    6.57972e-01    -5.79661e-01
    6.57972e-01    -5.79661e-01

    6.57972e-01    -5.79661e-01
    6.71685e-01    -5.62023e-01

   -5.79661e-01     6.57972e-01
   -6.08497e-01     6.08497e-01

   -5.79661e-01     6.57972e-01
   -5.79661e-01     6.57972e-01

   -5.79661e-01     6.57972e-01
   -5.62023e-01     6.71685e-01

    6.85247e-01    -5.48310e-01
    6.71685e-01    -5.62023e-01

    6.85247e-01    -5.48310e-01
    6.85247e-01    -5.48310e-01

    6.85247e-01    -5.48310e-01
    7.05123e-01    -5.01159e-01

    7.07839e-01    -4.96637e-01
    7.05123e-01    -5.01159e-01

    7.07839e-01    -4.96637e-01
    7.10886e-01    -4.91562e-01

   -5.48310e-01     6.85247e-01
   -5.62023e-01     6.71685e-01

   -5.48310e-01     6.85247e-01
   -5.48310e-01     6.85247e-01

   -4.96637e-01     7.07839e-01
   -5.01159e-01     7.05123e-01

   -4.96637e-01     7.07839e-01
   -4.91562e-01     7.10886e-01

   -5.48310e-01     6.85247e-01
   -5.01159e-01     7.05123e-01

    7.63802e-01    -4.38648e-01
    7.10886e-01    -4.91562e-01

    7.63802e-01    -4.38648e-01
    7.63802e-01    -4.38648e-01

    7.63802e-01    -4.38648e-01
    7.64443e-01    -4.35457e-01

   -4.38648e-01     7.63802e-01
   -4.91562e-01     7.10886e-01

   -4.38648e-01     7.63802e-01
   -4.38648e-01     7.63802e-01

   -4.38648e-01     7.63802e-01
   -4.35457e-01     7.64443e-01

    7.67634e-01    -4.32081e-01
    7.64443e-01    -4.35457e-01

    7.67634e-01    -4.32081e-01
    7.67634e-01    -4.32081e-01

    7.67634e-01    -4.32081e-01
    7.67634e-01    -4.32081e-01

    7.67634e-01    -4.32081e-01
    7.67634e-01    -4.32081e-01

    7.67634e-01    -4.32081e-01
    7.67634e-01    -4.32081e-01

    7.67634e-01    -4.32081e-01
    8.01077e-01    -3.62429e-01

   -4.32081e-01     7.67634e-01
   -4.35457e-01     7.64443e-01

   -4.32081e-01     7.67634e-01
   -4.32081e-01     7.67634e-01

   -4.32081e-01     7.67634e-01
   -4.32081e-01     7.67634e-01

   -4.32081e-01     7.67634e-01
   -4.32081e-01     7.67634e-01

   -4.32081e-01     7.67634e-01
   -4.32081e-01     7.67634e-01

   -4.32081e-01     7.67634e-01
   -3.62429e-01     8.01077e-01

    8.01077e-01    -3.62429e-01
    8.16307e-01    -3.28986e-01

    8.16307e-01    -3.28986e-01
    8.16307e-01    -3.28986e-01

    8.05115e-01    -2.91505e-01
    8.16307e-01    -3.28986e-01

    7.95588e-01    -2.60219e-01
    7.89923e-01    -2.41613e-01

    7.95588e-01    -2.60219e-01
    8.05115e-01    -2.91505e-01

   -3.62429e-01     8.01077e-01
   -3.28986e-01     8.16308e-01

   -3.28986e-01     8.16308e-01
   -3.28986e-01     8.16307e-01

   -2.60219e-01     7.95588e-01
   -2.41613e-01     7.89923e-01

   -2.60219e-01     7.95588e-01
   -2.91505e-01     8.05115e-01

   -2.91505e-01     8.05115e-01
   -3.28986e-01     8.16307e-01

    7.89923e-01    -2.41613e-01
    7.84925e-01    -2.19324e-01

    7.67634e-01    -1.66904e-01
    7.55792e-01    -1.21504e-01

    7.67634e-01    -1.66904e-01
    7.67634e-01    -1.66904e-01

    7.67634e-01    -1.66904e-01
    7.67634e-01    -1.66904e-01

    7.52366e-01    -1.09662e-01
    7.55792e-01    -1.21504e-01

    7.52366e-01    -1.09662e-01
    7.52366e-01    -1.09662e-01

    7.84925e-01    -2.19324e-01
    7.84925e-01    -2.19324e-01

    7.67634e-01    -1.66904e-01
    7.67634e-01    -1.66904e-01

    7.67634e-01    -1.66904e-01
    7.67634e-01    -1.66904e-01

    7.80395e-01    -2.06563e-01
    7.84925e-01    -2.19324e-01

    7.67634e-01    -1.66904e-01
    7.80395e-01    -2.06563e-01

    7.52366e-01    -1.09662e-01
    7.49028e-01    -9.10566e-02

   -1.21504e-01     7.55792e-01
   -1.09662e-01     7.52366e-01

   -1.21504e-01     7.55792e-01
   -1.66904e-01     7.67634e-01

   -1.09662e-01     7.52366e-01
   -1.09662e-01     7.52366e-01

   -9.10566e-02     7.49028e-01
   -1.09662e-01     7.52366e-01

   -2.19324e-01     7.84925e-01
   -2.41613e-01     7.89923e-01

   -2.19324e-01     7.84925e-01
   -2.19324e-01     7.84925e-01

   -1.66904e-01     7.67634e-01
   -1.66904e-01     7.67634e-01

   -1.66904e-01     7.67634e-01
   -1.66904e-01     7.67634e-01

   -2.06563e-01     7.80395e-01
   -1.66904e-01     7.67634e-01

   -2.19324e-01     7.84925e-01
   -2.06563e-01     7.80395e-01

    7.46213e-01    -6.31272e-02
    7.42394e-01    -2.52393e-02

    7.46213e-01    -6.31272e-02
    7.49028e-01    -9.10566e-02

    7.41000e-01     0.00000e+00
    7.42394e-01    -2.52393e-02

    7.41000e-01     0.00000e+00
    7.41000e-01     0.00000e+00

    7.41000e-01     0.00000e+00
    7.41000e-01     0.00000e+00

    7.41000e-01     0.00000e+00
    7.42394e-01     2.52393e-02

    0.00000e+00     7.41000e-01
   -2.52393e-02     7.42394e-01

    0.00000e+00     7.41000e-01
    0.00000e+00     7.41000e-01

   -6.31272e-02     7.46213e-01
   -2.52393e-02     7.42394e-01

   -6.31272e-02     7.46213e-01
   -9.10566e-02     7.49028e-01

    0.00000e+00     7.41000e-01
    0.00000e+00     7.41000e-01

    0.00000e+00     7.41000e-01
    2.52393e-02     7.42394e-01

    7.46213e-01     6.31272e-02
    7.42394e-01     2.52393e-02

    7.46213e-01     6.31272e-02
    7.49028e-01     9.10566e-02

    7.52366e-01     1.09662e-01
    7.49028e-01     9.10566e-02

    7.52366e-01     1.09662e-01
    7.52366e-01     1.09662e-01

    7.52366e-01     1.09662e-01
    7.52366e-01     1.09662e-01

    7.52366e-01     1.09662e-01
    7.55792e-01     1.21504e-01

    1.09662e-01     7.52366e-01
    9.10566e-02     7.49028e-01

    1.09662e-01     7.52366e-01
    1.09662e-01     7.52366e-01

    6.31272e-02     7.46213e-01
    2.52393e-02     7.42394e-01

    6.31272e-02     7.46213e-01
    9.10566e-02     7.49028e-01

    1.09662e-01     7.52366e-01
    1.21504e-01     7.55792e-01

   -5.62023e-01    -6.71685e-01
   -5.48310e-01    -6.85247e-01

   -5.48310e-01    -6.85247e-01
   -5.62023e-01    -6.71685e-01

   -5.48310e-01    -6.85247e-01
   -5.48310e-01    -6.85247e-01

   -5.79661e-01    -6.57972e-01
   -5.62023e-01    -6.71685e-01

   -5.62023e-01    -6.71685e-01
   -5.79661e-01    -6.57972e-01

   -5.79661e-01    -6.57972e-01
   -5.79661e-01    -6.57972e-01

   -5.48310e-01    -6.85247e-01
   -5.48310e-01    -6.85247e-01

   -5.48310e-01    -6.85247e-01
   -5.01158e-01    -7.05123e-01

   -5.01158e-01    -7.05123e-01
   -5.48310e-01    -6.85247e-01

   -6.57972e-01    -5.79661e-01
   -6.71685e-01    -5.62023e-01

   -6.57972e-01    -5.79661e-01
   -6.71685e-01    -5.62023e-01

   -6.57972e-01    -5.79661e-01
   -6.57972e-01    -5.79661e-01

   -6.71685e-01    -5.62023e-01
   -6.85247e-01    -5.48310e-01

   -6.71685e-01    -5.62023e-01
   -6.85247e-01    -5.48310e-01

   -6.85247e-01    -5.48310e-01
   -6.85247e-01    -5.48310e-01

   -5.79661e-01    -6.57972e-01
   -5.79661e-01    -6.57972e-01

   -6.57972e-01    -5.79661e-01
   -6.57972e-01    -5.79661e-01

   -5.79661e-01    -6.57972e-01
   -6.08497e-01    -6.08497e-01

   -5.79661e-01    -6.57972e-01
   -6.08497e-01    -6.08497e-01

   -6.57972e-01    -5.79661e-01
   -6.08497e-01    -6.08497e-01

   -6.08497e-01    -6.08497e-01
   -6.57972e-01    -5.79661e-01

   -6.85247e-01    -5.48310e-01
   -6.85247e-01    -5.48310e-01

   -6.85247e-01    -5.48310e-01
   -7.05123e-01    -5.01158e-01

   -6.85247e-01    -5.48310e-01
   -7.05123e-01    -5.01158e-01

    7.67634e-01     1.66904e-01
    7.55792e-01     1.21504e-01

    7.67634e-01     1.66904e-01
    7.67634e-01     1.66904e-01

    7.67634e-01     1.66904e-01
    7.67634e-01     1.66904e-01

    7.67634e-01     1.66904e-01
    7.80395e-01     2.06563e-01

    1.66904e-01     7.67634e-01
    1.21504e-01     7.55792e-01

    1.66904e-01     7.67634e-01
    1.66904e-01     7.67634e-01

    1.66904e-01     7.67634e-01
    1.66904e-01     7.67634e-01

    1.66904e-01     7.67634e-01
    2.06563e-01     7.80395e-01

   -3.62429e-01    -8.01077e-01
   -3.28986e-01    -8.16307e-01

   -3.28986e-01    -8.16307e-01
   -3.62429e-01    -8.01077e-01

   -3.28986e-01    -8.16307e-01
   -3.28986e-01    -8.16307e-01

   -3.62429e-01    -8.01077e-01
   -3.62429e-01    -8.01077e-01

   -3.62429e-01    -8.01077e-01
   -3.62429e-01    -8.01077e-01

   -4.32081e-01    -7.67634e-01
   -4.32081e-01    -7.67634e-01

   -4.32081e-01    -7.67634e-01
   -4.32081e-01    -7.67634e-01

   -3.28986e-01    -8.16307e-01
   -3.28986e-01    -8.16307e-01

   -2.91505e-01    -8.05115e-01
   -3.28986e-01    -8.16307e-01

   -3.28986e-01    -8.16307e-01
   -2.91505e-01    -8.05115e-01

   -4.38648e-01    -7.63802e-01
   -4.91562e-01    -7.10886e-01

   -4.38648e-01    -7.63802e-01
   -4.91562e-01    -7.10886e-01

   -4.38648e-01    -7.63802e-01
   -4.38648e-01    -7.63802e-01

   -4.96637e-01    -7.07839e-01
   -5.01158e-01    -7.05123e-01

   -5.01158e-01    -7.05123e-01
   -4.96637e-01    -7.07839e-01

   -4.96637e-01    -7.07839e-01
   -4.96637e-01    -7.07839e-01

   -4.96637e-01    -7.07839e-01
   -4.91562e-01    -7.10886e-01

   -4.91562e-01    -7.10886e-01
   -4.91562e-01    -7.10886e-01

   -4.91562e-01    -7.10886e-01
   -4.96637e-01    -7.07839e-01

   -4.38648e-01    -7.63802e-01
   -4.38648e-01    -7.63802e-01

   -4.35457e-01    -7.64443e-01
   -4.35457e-01    -7.64443e-01

   -4.35457e-01    -7.64443e-01
   -4.35457e-01    -7.64443e-01

   -4.38648e-01    -7.63802e-01
   -4.35457e-01    -7.64443e-01

   -4.35457e-01    -7.64443e-01
   -4.38648e-01    -7.63802e-01

   -7.05123e-01    -5.01158e-01
   -7.07839e-01    -4.96637e-01

   -7.05123e-01    -5.01158e-01
   -7.07839e-01    -4.96637e-01

   -7.07839e-01    -4.96637e-01
   -7.07839e-01    -4.96637e-01

   -7.07839e-01    -4.96637e-01
   -7.10886e-01    -4.91562e-01

   -7.10886e-01    -4.91562e-01
   -7.10886e-01    -4.91562e-01

   -7.07839e-01    -4.96637e-01
   -7.10886e-01    -4.91562e-01

   -7.63802e-01    -4.38648e-01
   -7.10886e-01    -4.91562e-01

   -7.10886e-01    -4.91562e-01
   -7.63802e-01    -4.38648e-01

   -7.63802e-01    -4.38648e-01
   -7.63802e-01    -4.38648e-01

   -8.01077e-01    -3.62429e-01
   -8.01077e-01    -3.62429e-01

   -8.01077e-01    -3.62429e-01
   -8.01077e-01    -3.62429e-01

   -7.67634e-01    -4.32081e-01
   -7.67634e-01    -4.32081e-01

   -7.67634e-01    -4.32081e-01
   -7.67634e-01    -4.32081e-01

   -8.01077e-01    -3.62429e-01
   -8.16307e-01    -3.28986e-01

   -8.01077e-01    -3.62429e-01
   -8.16307e-01    -3.28986e-01

   -8.16307e-01    -3.28986e-01
   -8.16307e-01    -3.28986e-01

   -7.63802e-01    -4.38648e-01
   -7.63802e-01    -4.38648e-01

   -7.63802e-01    -4.38648e-01
   -7.64443e-01    -4.35457e-01

   -7.63802e-01    -4.38648e-01
   -7.64443e-01    -4.35457e-01

   -7.64443e-01    -4.35457e-01
   -7.64443e-01    -4.35457e-01

   -7.64443e-01    -4.35457e-01
   -7.64443e-01    -4.35457e-01

   -8.16307e-01    -3.28986e-01
   -8.16307e-01    -3.28986e-01

   -8.16307e-01    -3.28986e-01
   -8.05115e-01    -2.91505e-01

   -8.05115e-01    -2.91505e-01
   -8.16307e-01    -3.28986e-01

    7.84925e-01     2.19324e-01
    7.80395e-01     2.06563e-01

    7.84925e-01     2.19324e-01
    7.84925e-01     2.19324e-01

    7.84925e-01     2.19324e-01
    7.89923e-01     2.41613e-01

    7.95588e-01     2.60219e-01
    7.89923e-01     2.41613e-01

    7.95588e-01     2.60219e-01
    8.05115e-01     2.91505e-01

    2.19324e-01     7.84925e-01
    2.06563e-01     7.80395e-01

    2.19324e-01     7.84925e-01
    2.19324e-01     7.84925e-01

    2.60219e-01     7.95588e-01
    2.41613e-01     7.89923e-01

    2.60219e-01     7.95588e-01
    2.91505e-01     8.05115e-01

    2.19324e-01     7.84925e-01
    2.41613e-01     7.89923e-01

   -1.23379e-01    -8.91013e-01
   -1.09662e-01    -8.96019e-01

   -1.79619e-01    -8.77296e-01
   -1.23379e-01    -8.91013e-01

   -1.79619e-01    -8.77296e-01
   -1.79619e-01    -8.77296e-01

   -1.79619e-01    -8.77296e-01
   -1.79619e-01    -8.77296e-01

   -1.09662e-01    -8.96019e-01
   -1.09662e-01    -8.96019e-01

   -9.20279e-02    -8.94930e-01
   -1.09662e-01    -8.96019e-01

   -2.19324e-01    -8.68530e-01
   -2.40158e-01    -8.56462e-01

   -2.19324e-01    -8.68530e-01
   -2.19324e-01    -8.68529e-01

   -1.79619e-01    -8.77296e-01
   -2.10457e-01    -8.68429e-01

   -2.19324e-01    -8.68529e-01
   -2.10457e-01    -8.68429e-01

   -8.56462e-01    -2.40158e-01
   -8.68530e-01    -2.19324e-01

   -8.77296e-01    -1.79619e-01
   -8.91013e-01    -1.23379e-01

   -8.77296e-01    -1.79619e-01
   -8.77296e-01    -1.79619e-01

   -8.77296e-01    -1.79619e-01
   -8.77296e-01    -1.79619e-01

   -8.96019e-01    -1.09662e-01
   -8.91013e-01    -1.23379e-01

   -8.96019e-01    -1.09662e-01
   -8.96019e-01    -1.09662e-01

   -8.68530e-01    -2.19324e-01
   -8.68530e-01    -2.19324e-01

   -8.77296e-01    -1.79619e-01
   -8.77296e-01    -1.79619e-01

   -8.77296e-01    -1.79619e-01
   -8.77296e-01    -1.79619e-01

   -8.68429e-01    -2.10457e-01
   -8.68530e-01    -2.19324e-01

   -8.77296e-01    -1.79619e-01
   -8.68429e-01    -2.10457e-01

   -8.96019e-01    -1.09662e-01
   -8.94930e-01    -9.20279e-02

    8.49734e-01     2.56448e-01
    8.36588e-01     2.88278e-01

    8.49734e-01     2.56448e-01
    8.56462e-01     2.40158e-01

    8.35930e-01     3.28986e-01
    8.36588e-01     2.88278e-01

    8.35930e-01     3.28986e-01
    8.35930e-01     3.28986e-01

    8.35930e-01     3.28986e-01
    8.35930e-01     3.28986e-01

    8.35930e-01     3.28986e-01
    8.43221e-01     3.63061e-01

    3.28986e-01     8.35930e-01
    2.88278e-01     8.36588e-01

    3.28986e-01     8.35930e-01
    3.28986e-01     8.35930e-01

    2.56448e-01     8.49734e-01
    2.88278e-01     8.36588e-01

    2.56448e-01     8.49734e-01
    2.40158e-01     8.56462e-01

    3.28986e-01     8.35930e-01
    3.28986e-01     8.35930e-01

    3.28986e-01     8.35930e-01
    3.63061e-01     8.43221e-01

    0.00000e+00    -9.05838e-01
   -2.33443e-02    -9.00640e-01

    0.00000e+00    -9.05838e-01
    0.00000e+00    -9.05838e-01

   -6.24716e-02    -8.97387e-01
   -9.20279e-02    -8.94930e-01

   -6.24716e-02    -8.97387e-01
   -2.33443e-02    -9.00640e-01

    0.00000e+00    -9.05838e-01
    0.00000e+00    -9.05838e-01

    0.00000e+00    -9.05838e-01
    2.33443e-02    -9.00640e-01

   -8.97387e-01    -6.24716e-02
   -8.94930e-01    -9.20279e-02

   -8.97387e-01    -6.24716e-02
   -9.00640e-01    -2.33443e-02

   -9.05838e-01     0.00000e+00
   -9.00640e-01    -2.33443e-02

   -9.05838e-01     0.00000e+00
   -9.05838e-01     0.00000e+00

   -9.05838e-01     0.00000e+00
   -9.05838e-01     0.00000e+00

   -9.05838e-01     0.00000e+00
   -9.00640e-01     2.33443e-02

    8.46106e-01     3.88460e-01
    8.43221e-01     3.63061e-01

    8.46106e-01     3.88460e-01
    8.48541e-01     4.09893e-01

    8.43114e-01     4.38648e-01
    8.48541e-01     4.09893e-01

    8.43114e-01     4.38648e-01
    8.43114e-01     4.38648e-01

    8.43114e-01     4.38648e-01
    8.43114e-01     4.38648e-01

    8.43114e-01     4.38648e-01
    8.48480e-01     4.67464e-01

    4.38648e-01     8.43114e-01
    4.09893e-01     8.48541e-01

    4.38648e-01     8.43114e-01
    4.38648e-01     8.43114e-01

    3.88460e-01     8.46106e-01
    3.63061e-01     8.43221e-01

    3.88460e-01     8.46106e-01
    4.09893e-01     8.48541e-01

    4.38648e-01     8.43114e-01
    4.38648e-01     8.43114e-01

    4.38648e-01     8.43114e-01
    4.67464e-01     8.48480e-01

    1.09662e-01    -8.96019e-01
    9.20279e-02    -8.94930e-01

    1.09662e-01    -8.96019e-01
    1.09662e-01    -8.96019e-01

    6.24716e-02    -8.97387e-01
    9.20279e-02    -8.94930e-01

    6.24716e-02    -8.97387e-01
    2.33443e-02    -9.00640e-01

    1.09662e-01    -8.96019e-01
    1.23379e-01    -8.91013e-01

   -8.97387e-01     6.24716e-02
   -8.94930e-01     9.20279e-02

   -8.97387e-01     6.24716e-02
   -9.00640e-01     2.33443e-02

   -8.96019e-01     1.09662e-01
   -8.94930e-01     9.20279e-02

   -8.96019e-01     1.09662e-01
   -8.96019e-01     1.09662e-01

   -8.96019e-01     1.09662e-01
   -8.96019e-01     1.09662e-01

   -8.96019e-01     1.09662e-01
   -8.91013e-01     1.23379e-01

    8.52963e-01     5.02010e-01
    8.48480e-01     4.67464e-01

    8.52963e-01     5.02010e-01
    8.56240e-01     5.27254e-01

    8.36643e-01     5.48310e-01
    8.56240e-01     5.27254e-01

    8.36643e-01     5.48310e-01
    8.36643e-01     5.48310e-01

    8.36643e-01     5.48310e-01
    8.36643e-01     5.48310e-01

    7.67634e-01     6.29240e-01
    7.58680e-01     6.49018e-01

    7.67634e-01     6.29240e-01
    7.67634e-01     6.29240e-01

    7.43628e-01     6.57972e-01
    7.58680e-01     6.49018e-01

    7.43628e-01     6.57972e-01
    7.43628e-01     6.57972e-01

    8.36643e-01     5.48310e-01
    8.36643e-01     5.48310e-01

    8.36643e-01     5.48310e-01
    8.36643e-01     5.48310e-01

    7.67634e-01     6.29240e-01
    7.67634e-01     6.29240e-01

    8.36643e-01     5.48310e-01
    8.14876e-01     5.95552e-01

    7.67634e-01     6.29240e-01
    8.14876e-01     5.95552e-01

    6.57972e-01     7.43628e-01
    6.49018e-01     7.58680e-01

    6.57972e-01     7.43628e-01
    6.57972e-01     7.43628e-01

    6.29240e-01     7.67634e-01
    6.49018e-01     7.58680e-01

    6.29240e-01     7.67634e-01
    6.29240e-01     7.67634e-01

    7.43628e-01     6.57972e-01
    7.43628e-01     6.57972e-01

    6.57972e-01     7.43628e-01
    6.57972e-01     7.43628e-01

    7.43628e-01     6.57972e-01
    7.22071e-01     7.03534e-01

    6.57972e-01     7.43628e-01
    7.03534e-01     7.22071e-01

    5.48310e-01     8.36643e-01
    5.27254e-01     8.56240e-01

    5.48310e-01     8.36643e-01
    5.48310e-01     8.36643e-01

    5.48310e-01     8.36643e-01
    5.48310e-01     8.36643e-01

    5.02010e-01     8.52963e-01
    4.67464e-01     8.48480e-01

    5.02010e-01     8.52963e-01
    5.27254e-01     8.56240e-01

    6.29240e-01     7.67634e-01
    6.29240e-01     7.67634e-01

    5.48310e-01     8.36643e-01
    5.48310e-01     8.36643e-01

    5.48310e-01     8.36643e-01
    5.48310e-01     8.36643e-01

    6.29240e-01     7.67634e-01
    5.95552e-01     8.14876e-01

    5.48310e-01     8.36643e-01
    5.95552e-01     8.14876e-01

    1.79619e-01    -8.77296e-01
    1.23379e-01    -8.91013e-01

    1.79619e-01    -8.77296e-01
    1.79619e-01    -8.77296e-01

    1.79619e-01    -8.77296e-01
    1.79619e-01    -8.77296e-01

    1.79619e-01    -8.77296e-01
    2.10457e-01    -8.68429e-01

   -8.77296e-01     1.79619e-01
   -8.91013e-01     1.23379e-01

   -8.77296e-01     1.79619e-01
   -8.77296e-01     1.79619e-01

   -8.77296e-01     1.79619e-01
   -8.77296e-01     1.79619e-01

   -8.77296e-01     1.79619e-01
   -8.68429e-01     2.10457e-01

    7.18856e-01     7.08933e-01
    7.15152e-01     7.15152e-01

    7.18856e-01     7.08933e-01
    7.22071e-01     7.03534e-01

    7.08933e-01     7.18856e-01
    7.15152e-01     7.15152e-01

    7.08933e-01     7.18856e-01
    7.03534e-01     7.22071e-01

    2.19324e-01    -8.68529e-01
    2.10457e-01    -8.68429e-01

    2.19324e-01    -8.68530e-01
    2.19324e-01    -8.68529e-01

    2.88278e-01    -8.36588e-01
    2.56448e-01    -8.49734e-01

    2.40158e-01    -8.56462e-01
    2.56448e-01    -8.49734e-01

    2.19324e-01    -8.68530e-01
    2.40158e-01    -8.56462e-01

   -8.68530e-01     2.19324e-01
   -8.68429e-01     2.10457e-01

   -8.68530e-01     2.19324e-01
   -8.68530e-01     2.19324e-01

   -8.68530e-01     2.19324e-01
   -8.56462e-01     2.40158e-01

   -8.36588e-01     2.88278e-01
   -8.49734e-01     2.56448e-01

   -8.56462e-01     2.40158e-01
   -8.49734e-01     2.56448e-01

    3.28986e-01    -8.35930e-01
    2.88278e-01    -8.36588e-01

    3.28986e-01    -8.35930e-01
    3.28986e-01    -8.35930e-01

    3.63061e-01    -8.43221e-01
    3.88460e-01    -8.46106e-01

    4.09893e-01    -8.48541e-01
    3.88460e-01    -8.46106e-01

    3.28986e-01    -8.35930e-01
    3.63061e-01    -8.43221e-01

   -8.35930e-01     3.28986e-01
   -8.36588e-01     2.88278e-01

   -8.35930e-01     3.28986e-01
   -8.35930e-01     3.28986e-01

   -8.35930e-01     3.28986e-01
   -8.43221e-01     3.63061e-01

   -8.43221e-01     3.63061e-01
   -8.46106e-01     3.88460e-01

   -8.48541e-01     4.09893e-01
   -8.46106e-01     3.88460e-01

    4.38648e-01    -8.43114e-01
    4.09893e-01    -8.48541e-01

    4.38648e-01    -8.43114e-01
    4.38648e-01    -8.43114e-01

    4.38648e-01    -8.43114e-01
    4.38648e-01    -8.43114e-01

    4.67464e-01    -8.48480e-01
    5.02010e-01    -8.52963e-01

    5.27254e-01    -8.56240e-01
    5.02010e-01    -8.52963e-01

    4.38648e-01    -8.43114e-01
    4.67464e-01    -8.48480e-01

   -8.43114e-01     4.38648e-01
   -8.48541e-01     4.09893e-01

   -8.43114e-01     4.38648e-01
   -8.43114e-01     4.38648e-01

   -8.43114e-01     4.38648e-01
   -8.43114e-01     4.38648e-01

   -8.43114e-01     4.38648e-01
   -8.48480e-01     4.67464e-01

   -8.48480e-01     4.67464e-01
   -8.52963e-01     5.02010e-01

   -8.56240e-01     5.27254e-01
   -8.52963e-01     5.02010e-01

    5.48310e-01    -8.36643e-01
    5.27254e-01    -8.56240e-01

    5.48310e-01    -8.36643e-01
    5.48310e-01    -8.36643e-01

    5.48310e-01    -8.36643e-01
    5.48310e-01    -8.36643e-01

    5.48310e-01    -8.36643e-01
    5.48310e-01    -8.36643e-01

    5.48310e-01    -8.36643e-01
    5.48310e-01    -8.36643e-01

    5.48310e-01    -8.36643e-01
    5.95552e-01    -8.14876e-01

   -8.36643e-01     5.48310e-01
   -8.56240e-01     5.27254e-01

   -8.36643e-01     5.48310e-01
   -8.36643e-01     5.48310e-01

   -8.36643e-01     5.48310e-01
   -8.36643e-01     5.48310e-01

   -8.36643e-01     5.48310e-01
   -8.14876e-01     5.95552e-01

    6.29240e-01    -7.67634e-01
    5.95552e-01    -8.14876e-01

    6.29240e-01    -7.67634e-01
    6.29240e-01    -7.67634e-01

    6.29240e-01    -7.67634e-01
    6.29240e-01    -7.67634e-01

    6.29240e-01    -7.67634e-01
    6.49018e-01    -7.58680e-01

   -7.67634e-01     6.29240e-01
   -8.14876e-01     5.95552e-01

   -7.67634e-01     6.29240e-01
   -7.67634e-01     6.29240e-01

   -7.67634e-01     6.29240e-01
   -7.67634e-01     6.29240e-01

   -7.67634e-01     6.29240e-01
   -7.58680e-01     6.49018e-01

    6.57972e-01    -7.43628e-01
    6.49018e-01    -7.58680e-01

    6.57972e-01    -7.43628e-01
    6.57972e-01    -7.43628e-01

    6.57972e-01    -7.43628e-01
    6.57972e-01    -7.43628e-01

    7.15152e-01    -7.15152e-01
    7.08933e-01    -7.18856e-01

    7.03534e-01    -7.22071e-01
    7.08933e-01    -7.18856e-01

    6.57972e-01    -7.43628e-01
    7.03534e-01    -7.22071e-01

   -7.43628e-01     6.57972e-01
   -7.58680e-01     6.49018e-01

   -7.43628e-01     6.57972e-01
   -7.43628e-01     6.57972e-01

   -7.43628e-01     6.57972e-01
   -7.43628e-01     6.57972e-01

   -7.43628e-01     6.57972e-01
   -7.22071e-01     7.03534e-01

   -7.15152e-01     7.15152e-01
   -7.18856e-01     7.08933e-01

   -7.22071e-01     7.03534e-01
   -7.18856e-01     7.08933e-01

    7.18856e-01    -7.08933e-01
    7.15152e-01    -7.15152e-01

    7.18856e-01    -7.08933e-01
    7.22071e-01    -7.03534e-01

    7.43628e-01    -6.57972e-01
    7.22071e-01    -7.03534e-01

    7.43628e-01    -6.57972e-01
    7.43628e-01    -6.57972e-01

    7.43628e-01    -6.57972e-01
    7.43628e-01    -6.57972e-01

    7.43628e-01    -6.57972e-01
    7.58680e-01    -6.49018e-01

   -6.57972e-01     7.43628e-01
   -7.03534e-01     7.22071e-01

   -6.57972e-01     7.43628e-01
   -6.57972e-01     7.43628e-01

   -7.08933e-01     7.18856e-01
   -7.15152e-01     7.15152e-01

   -7.08933e-01     7.18856e-01
   -7.03534e-01     7.22071e-01

   -6.57972e-01     7.43628e-01
   -6.57972e-01     7.43628e-01

   -6.57972e-01     7.43628e-01
   -6.49018e-01     7.58680e-01

    7.67634e-01    -6.29240e-01
    7.58680e-01    -6.49018e-01

    7.67634e-01    -6.29240e-01
    7.67634e-01    -6.29240e-01

    7.67634e-01    -6.29240e-01
    7.67634e-01    -6.29240e-01

    7.67634e-01    -6.29240e-01
    8.14876e-01    -5.95552e-01

   -6.29240e-01     7.67634e-01
   -6.49018e-01     7.58680e-01

   -6.29240e-01     7.67634e-01
   -6.29240e-01     7.67634e-01

   -6.29240e-01     7.67634e-01
   -6.29240e-01     7.67634e-01

   -6.29240e-01     7.67634e-01
   -5.95552e-01     8.14876e-01

    8.14876e-01    -5.95552e-01
    8.36643e-01    -5.48310e-01

    8.36643e-01    -5.48310e-01
    8.36643e-01    -5.48310e-01

    8.36643e-01    -5.48310e-01
    8.36643e-01    -5.48310e-01

    8.56240e-01    -5.27254e-01
    8.36643e-01    -5.48310e-01

   -5.48310e-01     8.36643e-01
   -5.95552e-01     8.14876e-01

   -5.48310e-01     8.36643e-01
   -5.48310e-01     8.36643e-01

   -5.48310e-01     8.36643e-01
   -5.48310e-01     8.36643e-01

   -5.48310e-01     8.36643e-01
   -5.48310e-01     8.36643e-01

   -5.48310e-01     8.36643e-01
   -5.48310e-01     8.36643e-01

   -5.48310e-01     8.36643e-01
   -5.27254e-01     8.56240e-01

    8.52963e-01    -5.02010e-01
    8.48480e-01    -4.67464e-01

    8.52963e-01    -5.02010e-01
    8.56240e-01    -5.27254e-01

    8.43114e-01    -4.38648e-01
    8.48480e-01    -4.67464e-01

    8.43114e-01    -4.38648e-01
    8.43114e-01    -4.38648e-01

    8.43114e-01    -4.38648e-01
    8.43114e-01    -4.38648e-01

    8.43114e-01    -4.38648e-01
    8.48541e-01    -4.09893e-01

   -4.38648e-01     8.43114e-01
   -4.67464e-01     8.48480e-01

   -4.38648e-01     8.43114e-01
   -4.38648e-01     8.43114e-01

   -5.02010e-01     8.52963e-01
   -4.67464e-01     8.48480e-01

   -5.02010e-01     8.52963e-01
   -5.27254e-01     8.56240e-01

   -4.38648e-01     8.43114e-01
   -4.38648e-01     8.43114e-01

   -4.38648e-01     8.43114e-01
   -4.09893e-01     8.48541e-01

    8.46106e-01    -3.88460e-01
    8.43221e-01    -3.63061e-01

    8.46106e-01    -3.88460e-01
    8.48541e-01    -4.09893e-01

    8.43221e-01    -3.63061e-01
    8.35930e-01    -3.28986e-01

    8.35930e-01    -3.28986e-01
    8.35930e-01    -3.28986e-01

    8.36588e-01    -2.88278e-01
    8.35930e-01    -3.28986e-01

   -3.63061e-01     8.43221e-01
   -3.28986e-01     8.35930e-01

   -3.88460e-01     8.46106e-01
   -3.63061e-01     8.43221e-01

   -3.88460e-01     8.46106e-01
   -4.09893e-01     8.48541e-01

   -3.28986e-01     8.35930e-01
   -3.28986e-01     8.35930e-01

   -2.88278e-01     8.36588e-01
   -3.28986e-01     8.35930e-01

    8.49734e-01    -2.56448e-01
    8.36588e-01    -2.88278e-01

    8.49734e-01    -2.56448e-01
    8.56462e-01    -2.40158e-01

    8.56462e-01    -2.40158e-01
    8.68530e-01    -2.19324e-01

    8.68530e-01    -2.19324e-01
    8.68530e-01    -2.19324e-01

    8.68429e-01    -2.10457e-01
    8.68530e-01    -2.19324e-01

   -2.40158e-01     8.56462e-01
   -2.19324e-01     8.68530e-01

   -2.56448e-01     8.49734e-01
   -2.88278e-01     8.36588e-01

   -2.56448e-01     8.49734e-01
   -2.40158e-01     8.56462e-01

   -2.19324e-01     8.68529e-01
   -2.19324e-01     8.68530e-01

   -2.10457e-01     8.68429e-01
   -2.19324e-01     8.68529e-01

   -7.08933e-01    -7.18856e-01
   -7.15152e-01    -7.15152e-01

   -7.15152e-01    -7.15152e-01
   -7.08933e-01    -7.18856e-01

   -7.15152e-01    -7.15152e-01
   -7.15152e-01    -7.15152e-01

   -7.08933e-01    -7.18856e-01
   -7.03534e-01    -7.22071e-01

   -7.08933e-01    -7.18856e-01
   -7.08933e-01    -7.18856e-01

   -7.03534e-01    -7.22071e-01
   -7.08933e-01    -7.18856e-01

   -7.15152e-01    -7.15152e-01
   -7.18856e-01    -7.08933e-01

   -7.15152e-01    -7.15152e-01
   -7.18856e-01    -7.08933e-01

   -7.15152e-01    -7.15152e-01
   -7.15152e-01    -7.15152e-01

   -7.18856e-01    -7.08933e-01
   -7.22071e-01    -7.03534e-01

   -7.18856e-01    -7.08933e-01
   -7.18856e-01    -7.08933e-01

   -7.18856e-01    -7.08933e-01
   -7.22071e-01    -7.03534e-01

    8.68429e-01    -2.10457e-01
    8.77296e-01    -1.79619e-01

    8.77296e-01    -1.79619e-01
    8.77296e-01    -1.79619e-01

    8.77296e-01    -1.79619e-01
    8.77296e-01    -1.79619e-01

    8.91013e-01    -1.23379e-01
    8.77296e-01    -1.79619e-01

   -2.10457e-01     8.68429e-01
   -1.79619e-01     8.77296e-01

   -1.79619e-01     8.77296e-01
   -1.79619e-01     8.77296e-01

   -1.79619e-01     8.77296e-01
   -1.79619e-01     8.77296e-01

   -1.23379e-01     8.91013e-01
   -1.79619e-01     8.77296e-01

   -5.95552e-01    -8.14876e-01
   -5.48310e-01    -8.36643e-01

   -5.48310e-01    -8.36643e-01
   -5.95552e-01    -8.14876e-01

   -5.48310e-01    -8.36643e-01
   -5.48310e-01    -8.36643e-01

   -5.48310e-01    -8.36643e-01
   -5.48310e-01    -8.36643e-01

   -5.95552e-01    -8.14876e-01
   -6.29240e-01    -7.67634e-01

   -5.95552e-01    -8.14876e-01
   -6.29240e-01    -7.67634e-01

   -6.29240e-01    -7.67634e-01
   -6.29240e-01    -7.67634e-01

   -5.48310e-01    -8.36643e-01
   -5.48310e-01    -8.36643e-01

   -5.48310e-01    -8.36643e-01
   -5.48310e-01    -8.36643e-01

   -5.02010e-01    -8.52963e-01
   -4.67464e-01    -8.48480e-01

   -5.02010e-01    -8.52963e-01
   -4.67464e-01    -8.48480e-01

   -4.67464e-01    -8.48480e-01
   -4.67464e-01    -8.48480e-01

   -5.27254e-01    -8.56240e-01
   -5.02010e-01    -8.52963e-01

   -5.02010e-01    -8.52963e-01
   -5.02010e-01    -8.52963e-01

   -5.02010e-01    -8.52963e-01
   -5.27254e-01    -8.56240e-01

   -5.48310e-01    -8.36643e-01
   -5.27254e-01    -8.56240e-01

   -5.27254e-01    -8.56240e-01
   -5.48310e-01    -8.36643e-01

   -7.03534e-01    -7.22071e-01
   -6.57972e-01    -7.43628e-01

   -6.57972e-01    -7.43628e-01
   -7.03534e-01    -7.22071e-01

   -6.57972e-01    -7.43628e-01
   -6.57972e-01    -7.43628e-01

   -7.22071e-01    -7.03534e-01
   -7.43628e-01    -6.57972e-01

   -7.22071e-01    -7.03534e-01
   -7.43628e-01    -6.57972e-01

   -7.43628e-01    -6.57972e-01
   -7.43628e-01    -6.57972e-01

   -6.29240e-01    -7.67634e-01
   -6.29240e-01    -7.67634e-01

   -6.57972e-01    -7.43628e-01
   -6.57972e-01    -7.43628e-01

   -6.49018e-01    -7.58680e-01
   -6.29240e-01    -7.67634e-01

   -6.29240e-01    -7.67634e-01
   -6.49018e-01    -7.58680e-01

   -6.49018e-01    -7.58680e-01
   -6.57972e-01    -7.43628e-01

   -6.49018e-01    -7.58680e-01
   -6.57972e-01    -7.43628e-01

   -8.14876e-01    -5.95552e-01
   -7.67634e-01    -6.29240e-01

   -7.67634e-01    -6.29240e-01
   -8.14876e-01    -5.95552e-01

   -7.67634e-01    -6.29240e-01
   -7.67634e-01    -6.29240e-01

   -8.14876e-01    -5.95552e-01
   -8.36643e-01    -5.48310e-01

   -8.14876e-01    -5.95552e-01
   -8.36643e-01    -5.48310e-01

   -8.36643e-01    -5.48310e-01
   -8.36643e-01    -5.48310e-01

   -8.36643e-01    -5.48310e-01
   -8.36643e-01    -5.48310e-01

   -7.43628e-01    -6.57972e-01
   -7.43628e-01    -6.57972e-01

   -7.67634e-01    -6.29240e-01
   -7.67634e-01    -6.29240e-01

   -7.58680e-01    -6.49018e-01
   -7.43628e-01    -6.57972e-01

   -7.43628e-01    -6.57972e-01
   -7.58680e-01    -6.49018e-01

   -7.58680e-01    -6.49018e-01
   -7.67634e-01    -6.29240e-01

   -7.58680e-01    -6.49018e-01
   -7.67634e-01    -6.29240e-01

   -8.36643e-01    -5.48310e-01
   -8.36643e-01    -5.48310e-01

   -8.36643e-01    -5.48310e-01
   -8.36643e-01    -5.48310e-01

   -8.36643e-01    -5.48310e-01
   -8.56240e-01    -5.27254e-01

   -8.36643e-01    -5.48310e-01
   -8.56240e-01    -5.27254e-01

   -8.48480e-01    -4.67464e-01
   -8.52963e-01    -5.02010e-01

   -8.52963e-01    -5.02010e-01
   -8.48480e-01    -4.67464e-01

   -8.48480e-01    -4.67464e-01
   -8.48480e-01    -4.67464e-01

   -8.56240e-01    -5.27254e-01
   -8.52963e-01    -5.02010e-01

   -8.52963e-01    -5.02010e-01
   -8.52963e-01    -5.02010e-01

   -8.56240e-01    -5.27254e-01
   -8.52963e-01    -5.02010e-01

    8.96019e-01    -1.09662e-01
    8.91013e-01    -1.23379e-01

    8.96019e-01    -1.09662e-01
    8.96019e-01    -1.09662e-01

    8.96019e-01    -1.09662e-01
    8.96019e-01    -1.09662e-01

    8.96019e-01    -1.09662e-01
    8.94930e-01    -9.20279e-02

    8.97387e-01    -6.24716e-02
    8.94930e-01    -9.20279e-02

    8.97387e-01    -6.24716e-02
    9.00640e-01    -2.33443e-02

   -1.23379e-01     8.91013e-01
   -1.09662e-01     8.96019e-01

   -1.09662e-01     8.96019e-01
   -1.09662e-01     8.96019e-01

   -6.24716e-02     8.97387e-01
   -9.20279e-02     8.94930e-01

   -6.24716e-02     8.97387e-01
   -2.33443e-02     9.00640e-01

   -9.20279e-02     8.94930e-01
   -1.09662e-01     8.96019e-01

   -4.67464e-01    -8.48480e-01
   -4.38648e-01    -8.43114e-01

   -4.38648e-01    -8.43114e-01
   -4.67464e-01    -8.48480e-01

   -4.38648e-01    -8.43114e-01
   -4.38648e-01    -8.43114e-01

   -4.38648e-01    -8.43114e-01
   -4.38648e-01    -8.43114e-01

   -3.63061e-01    -8.43221e-01
   -3.88460e-01    -8.46106e-01

   -3.88460e-01    -8.46106e-01
   -3.63061e-01    -8.43221e-01

   -3.63061e-01    -8.43221e-01
   -3.63061e-01    -8.43221e-01

   -4.09893e-01    -8.48541e-01
   -3.88460e-01    -8.46106e-01

   -3.88460e-01    -8.46106e-01
   -3.88460e-01    -8.46106e-01

   -3.88460e-01    -8.46106e-01
   -4.09893e-01    -8.48541e-01

   -4.38648e-01    -8.43114e-01
   -4.09893e-01    -8.48541e-01

   -4.09893e-01    -8.48541e-01
   -4.38648e-01    -8.43114e-01

   -8.48480e-01    -4.67464e-01
   -8.43114e-01    -4.38648e-01

   -8.48480e-01    -4.67464e-01
   -8.43114e-01    -4.38648e-01

   -8.43114e-01    -4.38648e-01
   -8.43114e-01    -4.38648e-01

   -8.43114e-01    -4.38648e-01
   -8.43114e-01    -4.38648e-01

   -8.43114e-01    -4.38648e-01
   -8.48541e-01    -4.09893e-01

   -8.43114e-01    -4.38648e-01
   -8.48541e-01    -4.09893e-01

   -8.46106e-01    -3.88460e-01
   -8.43221e-01    -3.63061e-01

   -8.46106e-01    -3.88460e-01
   -8.43221e-01    -3.63061e-01

   -8.43221e-01    -3.63061e-01
   -8.43221e-01    -3.63061e-01

   -8.48541e-01    -4.09893e-01
   -8.46106e-01    -3.88460e-01

   -8.46106e-01    -3.88460e-01
   -8.46106e-01    -3.88460e-01

   -8.48541e-01    -4.09893e-01
   -8.46106e-01    -3.88460e-01

    9.05838e-01     0.00000e+00
    9.00640e-01    -2.33443e-02

    9.05838e-01     0.00000e+00
    9.05838e-01     0.00000e+00

    9.05838e-01     0.00000e+00
    9.05838e-01     0.00000e+00

    9.05838e-01     0.00000e+00
    9.00640e-01     2.33443e-02

    8.97387e-01     6.24716e-02
    8.94930e-01     9.20279e-02

    8.97387e-01     6.24716e-02
    9.00640e-01     2.33443e-02

    0.00000e+00     9.05838e-01
   -2.33443e-02     9.00640e-01

    0.00000e+00     9.05838e-01
    0.00000e+00     9.05838e-01

    0.00000e+00     9.05838e-01
    0.00000e+00     9.05838e-01

    6.24716e-02     8.97387e-01
    9.20279e-02     8.94930e-01

    6.24716e-02     8.97387e-01
    2.33443e-02     9.00640e-01

    0.00000e+00     9.05838e-01
    2.33443e-02     9.00640e-01

   -3.63061e-01    -8.43221e-01
   -3.28986e-01    -8.35930e-01

   -3.28986e-01    -8.35930e-01
   -3.63061e-01    -8.43221e-01

   -3.28986e-01    -8.35930e-01
   -3.28986e-01    -8.35930e-01

   -3.28986e-01    -8.35930e-01
   -3.28986e-01    -8.35930e-01

   -2.88278e-01    -8.36588e-01
   -2.56448e-01    -8.49734e-01

   -2.88278e-01    -8.36588e-01
   -2.88278e-01    -8.36588e-01

   -2.88278e-01    -8.36588e-01
   -2.88278e-01    -8.36588e-01

   -2.88278e-01    -8.36588e-01
   -2.88278e-01    -8.36588e-01

   -2.88278e-01    -8.36588e-01
   -2.88278e-01    -8.36588e-01

   -2.40158e-01    -8.56462e-01
   -2.40158e-01    -8.56462e-01

   -2.56448e-01    -8.49734e-01
   -2.56448e-01    -8.49734e-01

   -2.56448e-01    -8.49734e-01
   -2.56448e-01    -8.49734e-01

   -2.40158e-01    -8.56462e-01
   -2.56448e-01    -8.49734e-01

   -3.28986e-01    -8.35930e-01
   -2.88278e-01    -8.36588e-01

   -2.88278e-01    -8.36588e-01
   -3.28986e-01    -8.35930e-01

   -8.43221e-01    -3.63061e-01
   -8.35930e-01    -3.28986e-01

   -8.43221e-01    -3.63061e-01
   -8.35930e-01    -3.28986e-01

   -8.35930e-01    -3.28986e-01
   -8.35930e-01    -3.28986e-01

   -8.35930e-01    -3.28986e-01
   -8.35930e-01    -3.28986e-01

   -8.35930e-01    -3.28986e-01
   -8.36588e-01    -2.88278e-01

   -8.35930e-01    -3.28986e-01
   -8.36588e-01    -2.88278e-01

   -8.36588e-01    -2.88278e-01
   -8.49734e-01    -2.56448e-01

   -8.36588e-01    -2.88278e-01
   -8.36588e-01    -2.88278e-01

   -8.36588e-01    -2.88278e-01
   -8.36588e-01    -2.88278e-01

   -8.36588e-01    -2.88278e-01
   -8.36588e-01    -2.88278e-01

   -8.36588e-01    -2.88278e-01
   -8.36588e-01    -2.88278e-01

   -8.56462e-01    -2.40158e-01
   -8.56462e-01    -2.40158e-01

   -8.49734e-01    -2.56448e-01
   -8.49734e-01    -2.56448e-01

   -8.49734e-01    -2.56448e-01
   -8.49734e-01    -2.56448e-01

   -8.56462e-01    -2.40158e-01
   -8.49734e-01    -2.56448e-01

    8.94930e-01     9.20279e-02
    8.96019e-01     1.09662e-01

    8.77296e-01     1.79619e-01
    8.68429e-01     2.10457e-01

    8.77296e-01     1.79619e-01
    8.77296e-01     1.79619e-01

    8.77296e-01     1.79619e-01
    8.77296e-01     1.79619e-01

    8.68530e-01     2.19324e-01
    8.68429e-01     2.10457e-01

    8.68530e-01     2.19324e-01
    8.68530e-01     2.19324e-01

    8.96019e-01     1.09662e-01
    8.96019e-01     1.09662e-01

    8.77296e-01     1.79619e-01
    8.77296e-01     1.79619e-01

    8.77296e-01     1.79619e-01
    8.77296e-01     1.79619e-01

    8.91013e-01     1.23379e-01
    8.96019e-01     1.09662e-01

    8.77296e-01     1.79619e-01
    8.91013e-01     1.23379e-01

    8.68530e-01     2.19324e-01
    8.56462e-01     2.40158e-01

    2.10457e-01     8.68429e-01
    2.19324e-01     8.68529e-01

    2.10457e-01     8.68429e-01
    1.79619e-01     8.77296e-01

    2.19324e-01     8.68529e-01
    2.19324e-01     8.68530e-01

    2.40158e-01     8.56462e-01
    2.19324e-01     8.68530e-01

    1.09662e-01     8.96019e-01
    9.20279e-02     8.94930e-01

    1.09662e-01     8.96019e-01
    1.09662e-01     8.96019e-01

    1.79619e-01     8.77296e-01
    1.79619e-01     8.77296e-01

    1.79619e-01     8.77296e-01
    1.79619e-01     8.77296e-01

    1.23379e-01     8.91013e-01
    1.79619e-01     8.77296e-01

    1.09662e-01     8.96019e-01
    1.23379e-01     8.91013e-01

   -1.40777e-01    -9.08410e-01
   -1.09662e-01    -9.06612e-01

   -1.66437e-01    -9.07307e-01
   -1.90340e-01    -9.06279e-01

   -1.66437e-01    -9.07307e-01
   -1.40777e-01    -9.08410e-01

   -1.09662e-01    -9.06612e-01
   -1.09662e-01    -9.06612e-01

   -8.27128e-02    -9.04245e-01
   -1.09662e-01    -9.06612e-01

   -9.07307e-01    -1.66437e-01
   -9.06279e-01    -1.90340e-01

   -9.07307e-01    -1.66437e-01
   -9.08410e-01    -1.40777e-01

   -9.06612e-01    -1.09662e-01
   -9.08410e-01    -1.40777e-01

   -9.06612e-01    -1.09662e-01
   -9.06612e-01    -1.09662e-01

   -9.06612e-01    -1.09662e-01
   -9.04245e-01    -8.27128e-02

    9.07134e-01     2.19324e-01
    9.06279e-01     1.90340e-01

    9.07134e-01     2.19324e-01
    9.07134e-01     2.19324e-01

    9.07134e-01     2.19324e-01
    9.07134e-01     2.19324e-01

    9.07134e-01     2.19324e-01
    9.09942e-01     2.51970e-01

    9.06582e-01     2.79798e-01
    9.03849e-01     3.02432e-01

    9.06582e-01     2.79798e-01
    9.09942e-01     2.51970e-01

    2.19324e-01     9.07134e-01
    1.90340e-01     9.06279e-01

    2.19324e-01     9.07134e-01
    2.19324e-01     9.07134e-01

    2.19324e-01     9.07134e-01
    2.19324e-01     9.07134e-01

    2.79798e-01     9.06582e-01
    3.02433e-01     9.03849e-01

    2.79798e-01     9.06582e-01
    2.51970e-01     9.09942e-01

    2.19324e-01     9.07134e-01
    2.51970e-01     9.09942e-01

    0.00000e+00    -9.05838e-01
   -2.74423e-02    -9.04738e-01

    0.00000e+00    -9.05838e-01
    0.00000e+00    -9.05838e-01

   -5.53281e-02    -9.04489e-01
   -8.27128e-02    -9.04245e-01

   -5.53281e-02    -9.04489e-01
   -2.74423e-02    -9.04738e-01

    0.00000e+00    -9.05838e-01
    0.00000e+00    -9.05838e-01

    0.00000e+00    -9.05838e-01
    2.74423e-02    -9.04738e-01

   -9.04489e-01    -5.53281e-02
   -9.04245e-01    -8.27128e-02

   -9.04489e-01    -5.53281e-02
   -9.04738e-01    -2.74423e-02

   -9.05838e-01     0.00000e+00
   -9.04738e-01    -2.74423e-02

   -9.05838e-01     0.00000e+00
   -9.05838e-01     0.00000e+00

   -9.05838e-01     0.00000e+00
   -9.05838e-01     0.00000e+00

   -9.05838e-01     0.00000e+00
   -9.04738e-01     2.74423e-02

    9.02180e-01     3.28986e-01
    9.03849e-01     3.02432e-01

    9.02180e-01     3.28986e-01
    9.02180e-01     3.28986e-01

    9.02180e-01     3.28986e-01
    9.02180e-01     3.28986e-01

    9.02180e-01     3.28986e-01
    9.03813e-01     3.55504e-01

    8.83567e-01     4.25681e-01
    8.80852e-01     4.35092e-01

    8.83567e-01     4.25681e-01
    9.03813e-01     3.55504e-01

    3.28986e-01     9.02180e-01
    3.02433e-01     9.03849e-01

    3.28986e-01     9.02180e-01
    3.28986e-01     9.02180e-01

    3.28986e-01     9.02180e-01
    3.28986e-01     9.02180e-01

    4.25681e-01     8.83567e-01
    4.35092e-01     8.80852e-01

    4.25681e-01     8.83567e-01
    3.55504e-01     9.03813e-01

    3.28986e-01     9.02180e-01
    3.55504e-01     9.03813e-01

    1.09662e-01    -9.06612e-01
    8.27128e-02    -9.04245e-01

    1.09662e-01    -9.06612e-01
    1.09662e-01    -9.06612e-01

    5.53281e-02    -9.04489e-01
    8.27128e-02    -9.04245e-01

    5.53281e-02    -9.04489e-01
    2.74423e-02    -9.04738e-01

    1.09662e-01    -9.06612e-01
    1.40777e-01    -9.08411e-01

   -9.04489e-01     5.53281e-02
   -9.04245e-01     8.27128e-02

   -9.04489e-01     5.53281e-02
   -9.04738e-01     2.74423e-02

   -9.06612e-01     1.09662e-01
   -9.04245e-01     8.27128e-02

   -9.06612e-01     1.09662e-01
   -9.06612e-01     1.09662e-01

   -9.06612e-01     1.09662e-01
   -9.06612e-01     1.09662e-01

   -9.06612e-01     1.09662e-01
   -9.08410e-01     1.40777e-01

    8.79942e-01     4.38648e-01
    8.80852e-01     4.35092e-01

    8.79942e-01     4.38648e-01
    8.79942e-01     4.38648e-01

    8.77296e-01     4.56005e-01
    8.73572e-01     5.44586e-01

    8.77296e-01     4.56005e-01
    8.77296e-01     4.56005e-01

    8.77296e-01     4.56005e-01
    8.77296e-01     4.56005e-01

    8.73955e-01     5.48310e-01
    8.73572e-01     5.44586e-01

    8.73955e-01     5.48310e-01
    8.73955e-01     5.48310e-01

    8.79942e-01     4.38648e-01
    8.79942e-01     4.38648e-01

    8.77296e-01     4.56005e-01
    8.77296e-01     4.56005e-01

    8.77296e-01     4.56005e-01
    8.77296e-01     4.56005e-01

    8.79942e-01     4.38648e-01
    8.80043e-01     4.41395e-01

    8.77296e-01     4.56005e-01
    8.80043e-01     4.41395e-01

    8.73955e-01     5.48310e-01
    8.74326e-01     5.51279e-01

    5.48310e-01     8.73955e-01
    5.44586e-01     8.73572e-01

    5.48310e-01     8.73955e-01
    5.48310e-01     8.73955e-01

    4.56005e-01     8.77296e-01
    5.44586e-01     8.73572e-01

    4.56005e-01     8.77296e-01
    4.56005e-01     8.77296e-01

    4.56005e-01     8.77296e-01
    4.56005e-01     8.77296e-01

    5.48310e-01     8.73955e-01
    5.51279e-01     8.74326e-01

    4.38648e-01     8.79942e-01
    4.35092e-01     8.80852e-01

    4.38648e-01     8.79942e-01
    4.38648e-01     8.79942e-01

    4.56005e-01     8.77296e-01
    4.56005e-01     8.77296e-01

    4.56005e-01     8.77296e-01
    4.56005e-01     8.77296e-01

    4.38648e-01     8.79942e-01
    4.38648e-01     8.79942e-01

    4.56005e-01     8.77296e-01
    4.41395e-01     8.80043e-01

    4.38648e-01     8.79942e-01
    4.41395e-01     8.80043e-01

    2.19324e-01    -9.07134e-01
    1.90340e-01    -9.06279e-01

    2.19324e-01    -9.07134e-01
    2.19324e-01    -9.07134e-01

    1.66437e-01    -9.07307e-01
    1.90340e-01    -9.06279e-01

    1.66437e-01    -9.07307e-01
    1.40777e-01    -9.08411e-01

    2.19324e-01    -9.07134e-01
    2.51970e-01    -9.09942e-01

   -9.07307e-01     1.66437e-01
   -9.06279e-01     1.90340e-01

   -9.07307e-01     1.66437e-01
   -9.08410e-01     1.40777e-01

   -9.07134e-01     2.19324e-01
   -9.06279e-01     1.90340e-01

   -9.07134e-01     2.19324e-01
   -9.07134e-01     2.19324e-01

   -9.07134e-01     2.19324e-01
   -9.09942e-01     2.51970e-01

    8.74725e-01     6.10496e-01
    8.74326e-01     5.51279e-01

    8.74725e-01     6.10496e-01
    8.75029e-01     6.55705e-01

    8.74624e-01     6.57972e-01
    8.75029e-01     6.55705e-01

    8.74624e-01     6.57972e-01
    8.74624e-01     6.57972e-01

    8.74624e-01     6.57972e-01
    8.74624e-01     6.57972e-01

    8.74624e-01     6.57972e-01
    8.74359e-01     6.60909e-01

    6.57972e-01     8.74624e-01
    6.55705e-01     8.75029e-01

    6.57972e-01     8.74624e-01
    6.57972e-01     8.74624e-01

    6.10496e-01     8.74725e-01
    5.51279e-01     8.74326e-01

    6.10496e-01     8.74725e-01
    6.55705e-01     8.75029e-01

    6.57972e-01     8.74624e-01
    6.57972e-01     8.74624e-01

    6.57972e-01     8.74624e-01
    6.60909e-01     8.74359e-01

    3.28986e-01    -9.02180e-01
    3.02432e-01    -9.03849e-01

    3.28986e-01    -9.02180e-01
    3.28986e-01    -9.02180e-01

    2.79798e-01    -9.06582e-01
    3.02432e-01    -9.03849e-01

    2.79798e-01    -9.06582e-01
    2.51970e-01    -9.09942e-01

    3.28986e-01    -9.02180e-01
    3.55504e-01    -9.03813e-01

   -9.06582e-01     2.79798e-01
   -9.03849e-01     3.02432e-01

   -9.06582e-01     2.79798e-01
   -9.09942e-01     2.51970e-01

   -9.02180e-01     3.28986e-01
   -9.03849e-01     3.02432e-01

   -9.02180e-01     3.28986e-01
   -9.02180e-01     3.28986e-01

   -9.02180e-01     3.28986e-01
   -9.03813e-01     3.55504e-01

    8.72172e-01     6.71983e-01
    8.57247e-01     7.47585e-01

    8.72172e-01     6.71983e-01
    8.74359e-01     6.60909e-01

    8.40802e-01     7.67634e-01
    8.57247e-01     7.47585e-01

    8.40802e-01     7.67634e-01
    8.40802e-01     7.67634e-01

    7.67634e-01     8.40802e-01
    7.47585e-01     8.57247e-01

    7.67634e-01     8.40802e-01
    7.67634e-01     8.40802e-01

    6.71983e-01     8.72172e-01
    7.47585e-01     8.57247e-01

    6.71983e-01     8.72172e-01
    6.60909e-01     8.74359e-01

    8.40802e-01     7.67634e-01
    8.40802e-01     7.67634e-01

    7.67634e-01     8.40802e-01
    7.67634e-01     8.40802e-01

    8.40802e-01     7.67634e-01
    8.22665e-01     8.22264e-01

    8.22665e-01     8.22264e-01
    8.40802e-01     7.67634e-01

    7.67634e-01     8.40802e-01
    8.22264e-01     8.22665e-01

    7.67634e-01     8.40802e-01
    8.22264e-01     8.22665e-01

    4.38648e-01    -8.79942e-01
    4.35092e-01    -8.80852e-01

    4.38648e-01    -8.79942e-01
    4.38648e-01    -8.79942e-01

    4.25681e-01    -8.83567e-01
    4.35092e-01    -8.80852e-01

    4.25681e-01    -8.83567e-01
    3.55504e-01    -9.03813e-01

    4.38648e-01    -8.79942e-01
    4.41395e-01    -8.80043e-01

   -8.83567e-01     4.25681e-01
   -8.80852e-01     4.35092e-01

   -8.83567e-01     4.25681e-01
   -9.03813e-01     3.55504e-01

   -8.79942e-01     4.38648e-01
   -8.80852e-01     4.35092e-01

   -8.79942e-01     4.38648e-01
   -8.79942e-01     4.38648e-01

   -8.79942e-01     4.38648e-01
   -8.80043e-01     4.41395e-01

    4.56005e-01    -8.77296e-01
    4.41395e-01    -8.80043e-01

    4.56005e-01    -8.77296e-01
    4.56005e-01    -8.77296e-01

    4.56005e-01    -8.77296e-01
    4.56005e-01    -8.77296e-01

    4.56005e-01    -8.77296e-01
    4.56005e-01    -8.77296e-01

    4.56005e-01    -8.77296e-01
    4.56005e-01    -8.77296e-01

    4.56005e-01    -8.77296e-01
    5.44586e-01    -8.73572e-01

   -8.77296e-01     4.56005e-01
   -8.80043e-01     4.41395e-01

   -8.77296e-01     4.56005e-01
   -8.77296e-01     4.56005e-01

   -8.77296e-01     4.56005e-01
   -8.77296e-01     4.56005e-01

   -8.77296e-01     4.56005e-01
   -8.73572e-01     5.44586e-01

    5.48310e-01    -8.73955e-01
    5.44586e-01    -8.73572e-01

    5.48310e-01    -8.73955e-01
    5.48310e-01    -8.73955e-01

    5.48310e-01    -8.73955e-01
    5.48310e-01    -8.73955e-01

    5.51279e-01    -8.74326e-01
    6.10495e-01    -8.74725e-01

    6.55705e-01    -8.75029e-01
    6.10495e-01    -8.74725e-01

    5.48310e-01    -8.73955e-01
    5.51279e-01    -8.74326e-01

   -8.73955e-01     5.48310e-01
   -8.73572e-01     5.44586e-01

   -8.73955e-01     5.48310e-01
   -8.73955e-01     5.48310e-01

   -8.73955e-01     5.48310e-01
   -8.74327e-01     5.51279e-01

   -8.74327e-01     5.51279e-01
   -8.74725e-01     6.10495e-01

   -8.75029e-01     6.55705e-01
   -8.74725e-01     6.10495e-01

    6.57972e-01    -8.74624e-01
    6.55705e-01    -8.75029e-01

    6.57972e-01    -8.74624e-01
    6.57972e-01    -8.74624e-01

    7.47585e-01    -8.57247e-01
    6.71983e-01    -8.72172e-01

    6.60909e-01    -8.74359e-01
    6.71983e-01    -8.72172e-01

    6.57972e-01    -8.74624e-01
    6.60909e-01    -8.74359e-01

   -8.74624e-01     6.57972e-01
   -8.75029e-01     6.55705e-01

   -8.74624e-01     6.57972e-01
   -8.74624e-01     6.57972e-01

   -8.74624e-01     6.57972e-01
   -8.74359e-01     6.60909e-01

   -8.57247e-01     7.47585e-01
   -8.72172e-01     6.71983e-01

   -8.74359e-01     6.60909e-01
   -8.72172e-01     6.71983e-01

    7.67634e-01    -8.40802e-01
    7.47585e-01    -8.57247e-01

    7.67634e-01    -8.40802e-01
    7.67634e-01    -8.40802e-01

    7.67634e-01    -8.40802e-01
    7.67634e-01    -8.40802e-01

    7.67634e-01    -8.40802e-01
    8.22264e-01    -8.22665e-01

    7.67634e-01    -8.40802e-01
    7.67634e-01    -8.40802e-01

   -8.40802e-01     7.67634e-01
   -8.57247e-01     7.47585e-01

   -8.40802e-01     7.67634e-01
   -8.40802e-01     7.67634e-01

   -8.40802e-01     7.67634e-01
   -8.40802e-01     7.67634e-01

   -8.40802e-01     7.67634e-01
   -8.22665e-01     8.22264e-01

   -8.40802e-01     7.67634e-01
   -8.40802e-01     7.67634e-01

    8.40802e-01    -7.67634e-01
    8.22665e-01    -8.22264e-01

    8.40802e-01    -7.67634e-01
    8.40802e-01    -7.67634e-01

    8.40802e-01    -7.67634e-01
    8.40802e-01    -7.67634e-01

    8.40802e-01    -7.67634e-01
    8.40802e-01    -7.67634e-01

    8.40802e-01    -7.67634e-01
    8.57247e-01    -7.47585e-01

   -7.67634e-01     8.40802e-01
   -8.22264e-01     8.22665e-01

   -7.67634e-01     8.40802e-01
   -7.67634e-01     8.40802e-01

   -7.67634e-01     8.40802e-01
   -7.67634e-01     8.40802e-01

   -7.67634e-01     8.40802e-01
   -7.67634e-01     8.40802e-01

   -7.67634e-01     8.40802e-01
   -7.47585e-01     8.57247e-01

    8.72172e-01    -6.71983e-01
    8.57247e-01    -7.47585e-01

    8.72172e-01    -6.71983e-01
    8.74359e-01    -6.60909e-01

    8.74359e-01    -6.60909e-01
    8.74624e-01    -6.57972e-01

    8.74624e-01    -6.57972e-01
    8.74624e-01    -6.57972e-01

    8.75029e-01    -6.55705e-01
    8.74624e-01    -6.57972e-01

   -6.60909e-01     8.74359e-01
   -6.57972e-01     8.74624e-01

   -6.71983e-01     8.72172e-01
   -7.47585e-01     8.57247e-01

   -6.71983e-01     8.72172e-01
   -6.60909e-01     8.74359e-01

   -6.57972e-01     8.74624e-01
   -6.57972e-01     8.74624e-01

   -6.55705e-01     8.75029e-01
   -6.57972e-01     8.74624e-01

    8.74725e-01    -6.10495e-01
    8.74327e-01    -5.51279e-01

    8.74725e-01    -6.10495e-01
    8.75029e-01    -6.55705e-01

    8.74327e-01    -5.51279e-01
    8.73955e-01    -5.48310e-01

    8.73955e-01    -5.48310e-01
    8.73955e-01    -5.48310e-01

    8.73572e-01    -5.44586e-01
    8.73955e-01    -5.48310e-01

   -5.48310e-01     8.73955e-01
   -5.51279e-01     8.74326e-01

   -5.48310e-01     8.73955e-01
   -5.48310e-01     8.73955e-01

   -6.10495e-01     8.74725e-01
   -5.51279e-01     8.74326e-01

   -6.10495e-01     8.74725e-01
   -6.55705e-01     8.75029e-01

   -5.48310e-01     8.73955e-01
   -5.48310e-01     8.73955e-01

   -5.48310e-01     8.73955e-01
   -5.44586e-01     8.73572e-01

    8.73572e-01    -5.44586e-01
    8.77296e-01    -4.56005e-01

    8.77296e-01    -4.56005e-01
    8.77296e-01    -4.56005e-01

    8.77296e-01    -4.56005e-01
    8.77296e-01    -4.56005e-01

    8.80043e-01    -4.41395e-01
    8.77296e-01    -4.56005e-01

   -4.56005e-01     8.77296e-01
   -5.44586e-01     8.73572e-01

   -4.56005e-01     8.77296e-01
   -4.56005e-01     8.77296e-01

   -4.56005e-01     8.77296e-01
   -4.56005e-01     8.77296e-01

   -4.56005e-01     8.77296e-01
   -4.56005e-01     8.77296e-01

   -4.56005e-01     8.77296e-01
   -4.56005e-01     8.77296e-01

   -4.56005e-01     8.77296e-01
   -4.41395e-01     8.80043e-01

    8.80043e-01    -4.41395e-01
    8.79942e-01    -4.38648e-01

    8.79942e-01    -4.38648e-01
    8.79942e-01    -4.38648e-01

    8.80852e-01    -4.35092e-01
    8.79942e-01    -4.38648e-01

    8.83567e-01    -4.25681e-01
    8.80852e-01    -4.35092e-01

    8.83567e-01    -4.25681e-01
    9.03813e-01    -3.55504e-01

   -4.41395e-01     8.80043e-01
   -4.38648e-01     8.79942e-01

   -4.38648e-01     8.79942e-01
   -4.38648e-01     8.79942e-01

   -4.25681e-01     8.83567e-01
   -4.35092e-01     8.80852e-01

   -4.25681e-01     8.83567e-01
   -3.55504e-01     9.03813e-01

   -4.35092e-01     8.80852e-01
   -4.38648e-01     8.79942e-01

   -8.22265e-01    -8.22665e-01
   -7.67634e-01    -8.40802e-01

   -7.67634e-01    -8.40802e-01
   -8.22265e-01    -8.22665e-01

   -7.67634e-01    -8.40802e-01
   -7.67634e-01    -8.40802e-01

   -8.22665e-01    -8.22265e-01
   -8.40802e-01    -7.67634e-01

   -8.22665e-01    -8.22265e-01
   -8.40802e-01    -7.67634e-01

   -8.40802e-01    -7.67634e-01
   -8.40802e-01    -7.67634e-01

   -7.67634e-01    -8.40802e-01
   -7.67634e-01    -8.40802e-01

   -6.71983e-01    -8.72172e-01
   -7.47585e-01    -8.57247e-01

   -6.60909e-01    -8.74359e-01
   -6.60909e-01    -8.74359e-01

   -6.71983e-01    -8.72173e-01
   -6.71983e-01    -8.72172e-01

   -6.60909e-01    -8.74359e-01
   -6.71983e-01    -8.72173e-01

   -7.67634e-01    -8.40802e-01
   -7.67634e-01    -8.40802e-01

   -7.67634e-01    -8.40802e-01
   -7.47585e-01    -8.57247e-01

   -8.40802e-01    -7.67634e-01
   -8.40802e-01    -7.67634e-01

   -8.40802e-01    -7.67634e-01
   -8.40802e-01    -7.67634e-01

   -8.40802e-01    -7.67634e-01
   -8.57247e-01    -7.47585e-01

   -8.57247e-01    -7.47585e-01
   -8.72172e-01    -6.71983e-01

   -8.74359e-01    -6.60909e-01
   -8.74359e-01    -6.60909e-01

   -8.72173e-01    -6.71983e-01
   -8.72172e-01    -6.71983e-01

   -8.74359e-01    -6.60909e-01
   -8.72173e-01    -6.71983e-01

    9.03813e-01    -3.55504e-01
    9.02180e-01    -3.28986e-01

    9.02180e-01    -3.28986e-01
    9.02180e-01    -3.28986e-01

    9.03849e-01    -3.02432e-01
    9.02180e-01    -3.28986e-01

    9.06582e-01    -2.79798e-01
    9.03849e-01    -3.02432e-01

    9.06582e-01    -2.79798e-01
    9.09942e-01    -2.51970e-01

   -3.55504e-01     9.03813e-01
   -3.28986e-01     9.02180e-01

   -3.28986e-01     9.02180e-01
   -3.28986e-01     9.02180e-01

   -2.79798e-01     9.06582e-01
   -3.02432e-01     9.03849e-01

   -2.79798e-01     9.06582e-01
   -2.51970e-01     9.09942e-01

   -3.02432e-01     9.03849e-01
   -3.28986e-01     9.02180e-01

   -6.60909e-01    -8.74359e-01
   -6.57972e-01    -8.74624e-01

   -6.57972e-01    -8.74624e-01
   -6.60909e-01    -8.74359e-01

   -6.57972e-01    -8.74624e-01
   -6.57972e-01    -8.74624e-01

   -6.57972e-01    -8.74624e-01
   -6.57972e-01    -8.74624e-01

   -5.51279e-01    -8.74326e-01
   -6.10494e-01    -8.74725e-01

   -5.51279e-01    -8.74326e-01
   -5.51279e-01    -8.74326e-01

   -5.51279e-01    -8.74326e-01
   -5.51279e-01    -8.74326e-01

   -6.55705e-01    -8.75029e-01
   -6.55705e-01    -8.75029e-01

   -6.10499e-01    -8.74725e-01
   -6.10494e-01    -8.74725e-01

   -6.55705e-01    -8.75029e-01
   -6.10499e-01    -8.74725e-01

   -6.57972e-01    -8.74624e-01
   -6.55705e-01    -8.75029e-01

   -6.55705e-01    -8.75029e-01
   -6.57972e-01    -8.74624e-01

   -8.74359e-01    -6.60909e-01
   -8.74624e-01    -6.57972e-01

   -8.74359e-01    -6.60909e-01
   -8.74624e-01    -6.57972e-01

   -8.74624e-01    -6.57972e-01
   -8.74624e-01    -6.57972e-01

   -8.74624e-01    -6.57972e-01
   -8.74624e-01    -6.57972e-01

   -8.74624e-01    -6.57972e-01
   -8.75029e-01    -6.55705e-01

   -8.74624e-01    -6.57972e-01
   -8.75029e-01    -6.55705e-01

   -8.74326e-01    -5.51279e-01
   -8.74725e-01    -6.10494e-01

   -8.74326e-01    -5.51279e-01
   -8.74326e-01    -5.51279e-01

   -8.74326e-01    -5.51279e-01
   -8.74326e-01    -5.51279e-01

   -8.75029e-01    -6.55705e-01
   -8.75029e-01    -6.55705e-01

   -8.74725e-01    -6.10499e-01
   -8.74725e-01    -6.10494e-01

   -8.75029e-01    -6.55705e-01
   -8.74725e-01    -6.10499e-01

    9.09942e-01    -2.51970e-01
    9.07134e-01    -2.19324e-01

    9.07134e-01    -2.19324e-01
    9.07134e-01    -2.19324e-01

    9.06279e-01    -1.90340e-01
    9.07134e-01    -2.19324e-01

    9.07307e-01    -1.66437e-01
    9.06279e-01    -1.90340e-01

    9.07307e-01    -1.66437e-01
    9.08410e-01    -1.40777e-01

   -2.51970e-01     9.09942e-01
   -2.19324e-01     9.07134e-01

   -2.19324e-01     9.07134e-01
   -2.19324e-01     9.07134e-01

   -1.66437e-01     9.07307e-01
   -1.90340e-01     9.06279e-01

   -1.66437e-01     9.07307e-01
   -1.40777e-01     9.08411e-01

   -1.90340e-01     9.06279e-01
   -2.19324e-01     9.07134e-01

   -4.41395e-01    -8.80043e-01
   -4.38648e-01    -8.79942e-01

   -4.38648e-01    -8.79942e-01
   -4.41395e-01    -8.80043e-01

   -4.38648e-01    -8.79942e-01
   -4.38648e-01    -8.79942e-01

   -4.41395e-01    -8.80043e-01
   -4.56005e-01    -8.77296e-01

   -4.56005e-01    -8.77296e-01
   -4.41395e-01    -8.80043e-01

   -4.56005e-01    -8.77296e-01
   -4.56005e-01    -8.77296e-01

   -4.56005e-01    -8.77296e-01
   -4.56005e-01    -8.77296e-01

   -4.38648e-01    -8.79942e-01
   -4.38648e-01    -8.79942e-01

   -4.38648e-01    -8.79942e-01
   -4.35092e-01    -8.80852e-01

   -4.35092e-01    -8.80852e-01
   -4.38648e-01    -8.79942e-01

   -5.48310e-01    -8.73955e-01
   -5.51279e-01    -8.74326e-01

   -5.51279e-01    -8.74326e-01
   -5.51279e-01    -8.74326e-01

   -4.56005e-01    -8.77296e-01
   -4.56005e-01    -8.77296e-01

   -4.56005e-01    -8.77296e-01
   -4.56005e-01    -8.77296e-01

   -5.48310e-01    -8.73955e-01
   -5.48310e-01    -8.73955e-01

   -5.44586e-01    -8.73572e-01
   -4.56005e-01    -8.77296e-01

   -4.56005e-01    -8.77296e-01
   -5.44586e-01    -8.73572e-01

   -5.48310e-01    -8.73955e-01
   -5.44586e-01    -8.73572e-01

   -5.44586e-01    -8.73572e-01
   -5.44586e-01    -8.73572e-01

   -8.74326e-01    -5.51279e-01
   -8.73955e-01    -5.48310e-01

   -8.74326e-01    -5.51279e-01
   -8.74326e-01    -5.51279e-01

   -8.77296e-01    -4.56005e-01
   -8.80043e-01    -4.41395e-01

   -8.80043e-01    -4.41395e-01
   -8.77296e-01    -4.56005e-01

   -8.77296e-01    -4.56005e-01
   -8.77296e-01    -4.56005e-01

   -8.77296e-01    -4.56005e-01
   -8.77296e-01    -4.56005e-01

   -8.80043e-01    -4.41395e-01
   -8.79942e-01    -4.38648e-01

   -8.80043e-01    -4.41395e-01
   -8.79942e-01    -4.38648e-01

   -8.79942e-01    -4.38648e-01
   -8.79942e-01    -4.38648e-01

   -8.73955e-01    -5.48310e-01
   -8.73955e-01    -5.48310e-01

   -8.77296e-01    -4.56005e-01
   -8.77296e-01    -4.56005e-01

   -8.77296e-01    -4.56005e-01
   -8.77296e-01    -4.56005e-01

   -8.73572e-01    -5.44586e-01
   -8.73955e-01    -5.48310e-01

   -8.73572e-01    -5.44586e-01
   -8.73572e-01    -5.44586e-01

   -8.73572e-01    -5.44586e-01
   -8.77296e-01    -4.56005e-01

   -8.73572e-01    -5.44586e-01
   -8.77296e-01    -4.56005e-01

   -8.79942e-01    -4.38648e-01
   -8.79942e-01    -4.38648e-01

   -8.79942e-01    -4.38648e-01
   -8.80852e-01    -4.35092e-01

   -8.79942e-01    -4.38648e-01
   -8.80852e-01    -4.35092e-01

    9.06612e-01    -1.09662e-01
    9.08410e-01    -1.40777e-01

    9.06612e-01    -1.09662e-01
    9.06612e-01    -1.09662e-01

    9.06612e-01    -1.09662e-01
    9.06612e-01    -1.09662e-01

    9.06612e-01    -1.09662e-01
    9.04245e-01    -8.27128e-02

    9.04489e-01    -5.53281e-02
    9.04245e-01    -8.27128e-02

    9.04489e-01    -5.53281e-02
    9.04738e-01    -2.74423e-02

   -1.40777e-01     9.08411e-01
   -1.09662e-01     9.06612e-01

   -1.09662e-01     9.06612e-01
   -1.09662e-01     9.06612e-01

   -5.53281e-02     9.04489e-01
   -8.27128e-02     9.04245e-01

   -5.53281e-02     9.04489e-01
   -2.74423e-02     9.04738e-01

   -8.27128e-02     9.04245e-01
   -1.09662e-01     9.06612e-01

   -3.28986e-01    -9.02180e-01
   -3.55504e-01    -9.03813e-01

   -3.55504e-01    -9.03813e-01
   -3.55504e-01    -9.03813e-01

   -3.55504e-01    -9.03813e-01
   -3.28986e-01    -9.02180e-01

   -3.55504e-01    -9.03813e-01
   -3.55504e-01    -9.03813e-01

   -3.28986e-01    -9.02180e-01
   -3.28986e-01    -9.02180e-01

   -3.28986e-01    -9.02180e-01
   -3.28986e-01    -9.02180e-01

   -4.25681e-01    -8.83567e-01
   -4.35092e-01    -8.80852e-01

   -4.35092e-01    -8.80852e-01
   -4.25681e-01    -8.83567e-01

   -4.25681e-01    -8.83567e-01
   -4.25681e-01    -8.83567e-01

   -3.55504e-01    -9.03813e-01
   -4.25681e-01    -8.83567e-01

   -3.55504e-01    -9.03813e-01
   -3.55504e-01    -9.03813e-01

   -3.55504e-01    -9.03813e-01
   -4.25681e-01    -8.83567e-01

   -3.28986e-01    -9.02180e-01
   -3.28986e-01    -9.02180e-01

   -3.28986e-01    -9.02180e-01
   -3.28986e-01    -9.02180e-01

   -3.02432e-01    -9.03849e-01
   -3.28986e-01    -9.02180e-01

   -3.02432e-01    -9.03849e-01
   -3.28986e-01    -9.02180e-01

   -8.80852e-01    -4.35092e-01
   -8.83567e-01    -4.25681e-01

   -8.80852e-01    -4.35092e-01
   -8.83567e-01    -4.25681e-01

   -8.83567e-01    -4.25681e-01
   -8.83567e-01    -4.25681e-01

   -8.83567e-01    -4.25681e-01
   -9.03813e-01    -3.55504e-01

   -9.03813e-01    -3.55504e-01
   -9.03813e-01    -3.55504e-01

   -8.83567e-01    -4.25681e-01
   -9.03813e-01    -3.55504e-01

   -9.03813e-01    -3.55504e-01
   -9.02180e-01    -3.28986e-01

   -9.03813e-01    -3.55504e-01
   -9.03813e-01    -3.55504e-01

   -9.02180e-01    -3.28986e-01
   -9.03813e-01    -3.55504e-01

   -9.03813e-01    -3.55504e-01
   -9.03813e-01    -3.55504e-01

   -9.02180e-01    -3.28986e-01
   -9.02180e-01    -3.28986e-01

   -9.02180e-01    -3.28986e-01
   -9.02180e-01    -3.28986e-01

   -9.02180e-01    -3.28986e-01
   -9.02180e-01    -3.28986e-01

   -9.02180e-01    -3.28986e-01
   -9.02180e-01    -3.28986e-01

   -9.03849e-01    -3.02432e-01
   -9.02180e-01    -3.28986e-01

   -9.02180e-01    -3.28986e-01
   -9.03849e-01    -3.02432e-01

    9.05838e-01     0.00000e+00
    9.04738e-01    -2.74423e-02

    9.05838e-01     0.00000e+00
    9.05838e-01     0.00000e+00

    9.05838e-01     0.00000e+00
    9.05838e-01     0.00000e+00

    9.05838e-01     0.00000e+00
    9.04738e-01     2.74423e-02

    9.04489e-01     5.53281e-02
    9.04245e-01     8.27128e-02

    9.04489e-01     5.53281e-02
    9.04738e-01     2.74423e-02

    0.00000e+00     9.05838e-01
   -2.74423e-02     9.04738e-01

    0.00000e+00     9.05838e-01
    0.00000e+00     9.05838e-01

    0.00000e+00     9.05838e-01
    0.00000e+00     9.05838e-01

    5.53281e-02     9.04489e-01
    8.27128e-02     9.04245e-01

    5.53281e-02     9.04489e-01
    2.74423e-02     9.04738e-01

    0.00000e+00     9.05838e-01
    2.74423e-02     9.04738e-01

   -2.51970e-01    -9.09942e-01
   -2.19324e-01    -9.07134e-01

   -2.19324e-01    -9.07134e-01
   -2.51970e-01    -9.09942e-01

   -2.19324e-01    -9.07134e-01
   -2.19324e-01    -9.07134e-01

   -3.02432e-01    -9.03849e-01
   -2.79798e-01    -9.06582e-01

   -3.02432e-01    -9.03849e-01
   -3.02432e-01    -9.03849e-01

   -2.51970e-01    -9.09942e-01
   -2.51970e-01    -9.09942e-01

   -2.51970e-01    -9.09942e-01
   -2.51970e-01    -9.09942e-01

   -2.51970e-01    -9.09942e-01
   -2.79798e-01    -9.06582e-01

   -2.19324e-01    -9.07134e-01
   -2.19324e-01    -9.07134e-01

   -1.90340e-01    -9.06279e-01
   -2.19324e-01    -9.07134e-01

   -2.19324e-01    -9.07134e-01
   -1.90340e-01    -9.06279e-01

   -9.03849e-01    -3.02432e-01
   -9.06582e-01    -2.79798e-01

   -9.03849e-01    -3.02432e-01
   -9.03849e-01    -3.02432e-01

   -9.09942e-01    -2.51970e-01
   -9.09942e-01    -2.51970e-01

   -9.09942e-01    -2.51970e-01
   -9.09942e-01    -2.51970e-01

   -9.09942e-01    -2.51970e-01
   -9.06582e-01    -2.79798e-01

   -9.09942e-01    -2.51970e-01
   -9.07134e-01    -2.19324e-01

   -9.09942e-01    -2.51970e-01
   -9.07134e-01    -2.19324e-01

   -9.07134e-01    -2.19324e-01
   -9.07134e-01    -2.19324e-01

   -9.07134e-01    -2.19324e-01
   -9.07134e-01    -2.19324e-01

   -9.07134e-01    -2.19324e-01
   -9.06279e-01    -1.90340e-01

   -9.06279e-01    -1.90340e-01
   -9.07134e-01    -2.19324e-01

    9.04245e-01     8.27128e-02
    9.06612e-01     1.09662e-01

    9.06612e-01     1.09662e-01
    9.06612e-01     1.09662e-01

    9.08410e-01     1.40777e-01
    9.06612e-01     1.09662e-01

    9.07307e-01     1.66437e-01
    9.06279e-01     1.90340e-01

    9.07307e-01     1.66437e-01
    9.08410e-01     1.40777e-01

    1.09662e-01     9.06612e-01
    8.27128e-02     9.04245e-01

    1.09662e-01     9.06612e-01
    1.09662e-01     9.06612e-01

    1.66437e-01     9.07307e-01
    1.90340e-01     9.06279e-01

    1.66437e-01     9.07307e-01
    1.40777e-01     9.08410e-01

    1.09662e-01     9.06612e-01
    1.40777e-01     9.08410e-01

