   -2.19324e-01    -8.65563e-01
   -2.30674e-01    -8.65946e-01

   -2.19324e-01    -8.65563e-01
   -2.19324e-01    -8.65563e-01

   -1.37582e-01    -8.49376e-01
   -1.77647e-01    -8.56074e-01

   -2.02208e-01    -8.60180e-01
   -1.77647e-01    -8.56074e-01

   -2.19324e-01    -8.65563e-01
   -2.02208e-01    -8.60180e-01

   -8.65946e-01    -2.30674e-01
   -8.65563e-01    -2.19324e-01

   -8.65563e-01    -2.19324e-01
   -8.65563e-01    -2.19324e-01

   -8.60180e-01    -2.02208e-01
   -8.65563e-01    -2.19324e-01

   -8.49376e-01    -1.37582e-01
   -8.56074e-01    -1.77647e-01

   -8.60180e-01    -2.02208e-01
   -8.56074e-01    -1.77647e-01

    8.75188e-01     3.18802e-01
    8.65946e-01     2.30674e-01

    8.75188e-01     3.18802e-01
    8.76134e-01     3.27824e-01

    8.76208e-01     3.28986e-01
    8.76134e-01     3.27824e-01

    8.76208e-01     3.28986e-01
    8.76208e-01     3.28986e-01

    8.76208e-01     3.28986e-01
    8.76208e-01     3.28986e-01

    8.76208e-01     3.28986e-01
    8.74374e-01     3.31908e-01

    3.28986e-01     8.76207e-01
    3.27824e-01     8.76134e-01

    3.28986e-01     8.76207e-01
    3.28986e-01     8.76207e-01

    3.18802e-01     8.75188e-01
    2.30674e-01     8.65946e-01

    3.18802e-01     8.75188e-01
    3.27824e-01     8.76134e-01

    3.28986e-01     8.76207e-01
    3.28986e-01     8.76207e-01

    3.28986e-01     8.76207e-01
    3.31908e-01     8.74374e-01

   -1.37582e-01    -8.49376e-01
   -1.09662e-01    -8.45994e-01

   -1.09662e-01    -8.45994e-01
   -1.09662e-01    -8.45994e-01

   -4.15452e-02    -8.35750e-01
   -5.60834e-02    -8.36699e-01

   -6.99723e-02    -8.37606e-01
   -5.60834e-02    -8.36699e-01

   -6.99723e-02    -8.37606e-01
   -1.09662e-01    -8.45994e-01

   -8.45994e-01    -1.09662e-01
   -8.49376e-01    -1.37582e-01

   -8.45994e-01    -1.09662e-01
   -8.45994e-01    -1.09662e-01

   -8.45994e-01    -1.09662e-01
   -8.45994e-01    -1.09662e-01

   -8.45994e-01    -1.09662e-01
   -8.37606e-01    -6.99723e-02

   -8.35751e-01    -4.15452e-02
   -8.36699e-01    -5.60834e-02

   -8.37606e-01    -6.99723e-02
   -8.36699e-01    -5.60834e-02

    8.71888e-01     3.37172e-01
    8.41074e-01     4.02426e-01

    8.71888e-01     3.37172e-01
    8.74374e-01     3.31908e-01

    8.31655e-01     4.38648e-01
    8.41074e-01     4.02426e-01

    8.31655e-01     4.38648e-01
    8.31655e-01     4.38648e-01

    8.31655e-01     4.38648e-01
    8.31655e-01     4.38648e-01

    7.67634e-01     5.37599e-01
    7.62092e-01     5.42768e-01

    7.67634e-01     5.37599e-01
    7.67634e-01     5.37599e-01

    7.60132e-01     5.48310e-01
    7.62092e-01     5.42768e-01

    7.60132e-01     5.48310e-01
    7.60132e-01     5.48310e-01

    8.31655e-01     4.38648e-01
    8.31655e-01     4.38648e-01

    8.31655e-01     4.38648e-01
    8.31655e-01     4.38648e-01

    7.67634e-01     5.37599e-01
    7.67634e-01     5.37599e-01

    8.31655e-01     4.38648e-01
    8.06129e-01     4.77143e-01

    7.67634e-01     5.37599e-01
    8.06129e-01     4.77143e-01

    7.60132e-01     5.48310e-01
    7.60132e-01     5.48310e-01

    7.60132e-01     5.48310e-01
    7.08171e-01     5.98509e-01

    6.90383e-01     6.22570e-01
    6.81903e-01     6.34041e-01

    6.90383e-01     6.22570e-01
    7.08171e-01     5.98509e-01

    5.48310e-01     7.60132e-01
    5.42768e-01     7.62092e-01

    5.48310e-01     7.60132e-01
    5.48310e-01     7.60132e-01

    5.37599e-01     7.67634e-01
    5.42768e-01     7.62092e-01

    5.37599e-01     7.67634e-01
    5.37599e-01     7.67634e-01

    5.48310e-01     7.60132e-01
    5.48310e-01     7.60132e-01

    6.22570e-01     6.90383e-01
    6.34041e-01     6.81903e-01

    6.22570e-01     6.90383e-01
    5.98509e-01     7.08171e-01

    5.48310e-01     7.60132e-01
    5.98509e-01     7.08171e-01

    4.38648e-01     8.31655e-01
    4.02426e-01     8.41074e-01

    4.38648e-01     8.31655e-01
    4.38648e-01     8.31655e-01

    4.38648e-01     8.31655e-01
    4.38648e-01     8.31655e-01

    3.37172e-01     8.71888e-01
    4.02426e-01     8.41074e-01

    3.37172e-01     8.71888e-01
    3.31908e-01     8.74374e-01

    5.37599e-01     7.67634e-01
    5.37599e-01     7.67634e-01

    4.38648e-01     8.31655e-01
    4.38648e-01     8.31655e-01

    4.38648e-01     8.31655e-01
    4.38648e-01     8.31655e-01

    5.37599e-01     7.67634e-01
    4.77143e-01     8.06129e-01

    4.38648e-01     8.31655e-01
    4.77143e-01     8.06129e-01

    0.00000e+00    -8.37548e-01
   -4.15452e-02    -8.35750e-01

    0.00000e+00    -8.37548e-01
    0.00000e+00    -8.37548e-01

    0.00000e+00    -8.37548e-01
    0.00000e+00    -8.37548e-01

    4.15452e-02    -8.35750e-01
    5.60834e-02    -8.36699e-01

    6.99723e-02    -8.37606e-01
    5.60834e-02    -8.36699e-01

    0.00000e+00    -8.37548e-01
    4.15452e-02    -8.35750e-01

   -8.37548e-01     0.00000e+00
   -8.35751e-01    -4.15452e-02

   -8.37548e-01     0.00000e+00
   -8.37548e-01     0.00000e+00

   -8.37548e-01     0.00000e+00
   -8.37548e-01     0.00000e+00

   -8.37548e-01     0.00000e+00
   -8.35751e-01     4.15452e-02

   -8.35751e-01     4.15452e-02
   -8.36699e-01     5.60834e-02

   -8.37606e-01     6.99723e-02
   -8.36699e-01     5.60834e-02

    6.81903e-01     6.34041e-01
    6.66903e-01     6.57972e-01

    6.34041e-01     6.81903e-01
    6.57972e-01     6.66903e-01

    6.66903e-01     6.57972e-01
    6.66903e-01     6.57972e-01

    6.57972e-01     6.66903e-01
    6.57972e-01     6.66903e-01

    6.62446e-01     6.62446e-01
    6.66903e-01     6.57972e-01

    6.62446e-01     6.62446e-01
    6.57972e-01     6.66903e-01

    1.09662e-01    -8.45994e-01
    6.99723e-02    -8.37606e-01

    1.09662e-01    -8.45994e-01
    1.09662e-01    -8.45994e-01

    1.37582e-01    -8.49376e-01
    1.77647e-01    -8.56074e-01

    2.02208e-01    -8.60180e-01
    1.77647e-01    -8.56074e-01

    1.09662e-01    -8.45994e-01
    1.37582e-01    -8.49376e-01

   -8.45994e-01     1.09662e-01
   -8.37606e-01     6.99723e-02

   -8.45994e-01     1.09662e-01
   -8.45994e-01     1.09662e-01

   -8.45994e-01     1.09662e-01
   -8.45994e-01     1.09662e-01

   -8.45994e-01     1.09662e-01
   -8.49376e-01     1.37582e-01

   -8.49376e-01     1.37582e-01
   -8.56074e-01     1.77647e-01

   -8.60180e-01     2.02208e-01
   -8.56074e-01     1.77647e-01

    2.19324e-01    -8.65563e-01
    2.02208e-01    -8.60180e-01

    2.19324e-01    -8.65563e-01
    2.19324e-01    -8.65563e-01

    2.30674e-01    -8.65946e-01
    3.18802e-01    -8.75188e-01

    3.27824e-01    -8.76134e-01
    3.18802e-01    -8.75188e-01

    2.19324e-01    -8.65563e-01
    2.30674e-01    -8.65946e-01

   -8.65563e-01     2.19324e-01
   -8.60180e-01     2.02208e-01

   -8.65563e-01     2.19324e-01
   -8.65563e-01     2.19324e-01

   -8.65563e-01     2.19324e-01
   -8.65946e-01     2.30674e-01

   -8.65946e-01     2.30674e-01
   -8.75188e-01     3.18802e-01

   -8.76134e-01     3.27824e-01
   -8.75188e-01     3.18802e-01

    3.28986e-01    -8.76208e-01
    3.27824e-01    -8.76134e-01

    3.28986e-01    -8.76208e-01
    3.28986e-01    -8.76208e-01

    4.02426e-01    -8.41074e-01
    3.37172e-01    -8.71888e-01

    3.31908e-01    -8.74374e-01
    3.37172e-01    -8.71888e-01

    3.28986e-01    -8.76208e-01
    3.31908e-01    -8.74374e-01

   -8.76208e-01     3.28986e-01
   -8.76134e-01     3.27824e-01

   -8.76208e-01     3.28986e-01
   -8.76208e-01     3.28986e-01

   -8.76208e-01     3.28986e-01
   -8.74374e-01     3.31908e-01

   -8.41074e-01     4.02426e-01
   -8.71888e-01     3.37172e-01

   -8.74374e-01     3.31908e-01
   -8.71888e-01     3.37172e-01

    4.38648e-01    -8.31655e-01
    4.02426e-01    -8.41074e-01

    4.38648e-01    -8.31655e-01
    4.38648e-01    -8.31655e-01

    4.38648e-01    -8.31655e-01
    4.38648e-01    -8.31655e-01

    4.38648e-01    -8.31655e-01
    4.38648e-01    -8.31655e-01

    4.38648e-01    -8.31655e-01
    4.38648e-01    -8.31655e-01

    4.38648e-01    -8.31655e-01
    4.77143e-01    -8.06129e-01

   -8.31655e-01     4.38648e-01
   -8.41074e-01     4.02426e-01

   -8.31655e-01     4.38648e-01
   -8.31655e-01     4.38648e-01

   -8.31655e-01     4.38648e-01
   -8.31655e-01     4.38648e-01

   -8.31655e-01     4.38648e-01
   -8.31655e-01     4.38648e-01

   -8.31655e-01     4.38648e-01
   -8.31655e-01     4.38648e-01

   -8.31655e-01     4.38648e-01
   -8.06129e-01     4.77143e-01

    5.37599e-01    -7.67634e-01
    4.77143e-01    -8.06129e-01

    5.37599e-01    -7.67634e-01
    5.37599e-01    -7.67634e-01

    5.37599e-01    -7.67634e-01
    5.37599e-01    -7.67634e-01

    5.37599e-01    -7.67634e-01
    5.42768e-01    -7.62092e-01

   -7.67634e-01     5.37599e-01
   -8.06129e-01     4.77143e-01

   -7.67634e-01     5.37599e-01
   -7.67634e-01     5.37599e-01

   -7.67634e-01     5.37599e-01
   -7.67634e-01     5.37599e-01

   -7.67634e-01     5.37599e-01
   -7.62092e-01     5.42768e-01

    5.42768e-01    -7.62092e-01
    5.48310e-01    -7.60132e-01

    5.48310e-01    -7.60132e-01
    5.48310e-01    -7.60132e-01

    5.98509e-01    -7.08171e-01
    5.48310e-01    -7.60132e-01

   -7.62092e-01     5.42768e-01
   -7.60132e-01     5.48310e-01

   -7.60132e-01     5.48310e-01
   -7.60132e-01     5.48310e-01

   -7.08171e-01     5.98509e-01
   -7.60132e-01     5.48310e-01

    6.57972e-01    -6.66903e-01
    6.34041e-01    -6.81903e-01

    6.57972e-01    -6.66903e-01
    6.57972e-01    -6.66903e-01

    6.22570e-01    -6.90383e-01
    6.34041e-01    -6.81903e-01

    6.22570e-01    -6.90383e-01
    5.98509e-01    -7.08171e-01

    6.57972e-01    -6.66903e-01
    6.57972e-01    -6.66903e-01

    6.57972e-01    -6.66903e-01
    6.62446e-01    -6.62446e-01

   -6.90383e-01     6.22570e-01
   -6.81903e-01     6.34041e-01

   -6.90383e-01     6.22570e-01
   -7.08171e-01     5.98509e-01

   -6.66903e-01     6.57972e-01
   -6.81903e-01     6.34041e-01

   -6.66903e-01     6.57972e-01
   -6.66903e-01     6.57972e-01

   -6.66903e-01     6.57972e-01
   -6.66903e-01     6.57972e-01

   -6.66903e-01     6.57972e-01
   -6.62446e-01     6.62446e-01

    6.66903e-01    -6.57972e-01
    6.62446e-01    -6.62446e-01

    6.66903e-01    -6.57972e-01
    6.66903e-01    -6.57972e-01

    6.66903e-01    -6.57972e-01
    6.66903e-01    -6.57972e-01

    6.66903e-01    -6.57972e-01
    6.81903e-01    -6.34041e-01

    6.90383e-01    -6.22570e-01
    6.81903e-01    -6.34041e-01

    6.90383e-01    -6.22570e-01
    7.08171e-01    -5.98509e-01

   -6.57972e-01     6.66903e-01
   -6.62446e-01     6.62446e-01

   -6.57972e-01     6.66903e-01
   -6.57972e-01     6.66903e-01

   -6.57972e-01     6.66903e-01
   -6.57972e-01     6.66903e-01

   -6.22570e-01     6.90383e-01
   -6.34041e-01     6.81903e-01

   -6.22570e-01     6.90383e-01
   -5.98509e-01     7.08171e-01

   -6.57972e-01     6.66903e-01
   -6.34041e-01     6.81903e-01

    7.60132e-01    -5.48310e-01
    7.08171e-01    -5.98509e-01

    7.60132e-01    -5.48310e-01
    7.60132e-01    -5.48310e-01

    7.60132e-01    -5.48310e-01
    7.62092e-01    -5.42768e-01

   -5.48310e-01     7.60132e-01
   -5.98509e-01     7.08171e-01

   -5.48310e-01     7.60132e-01
   -5.48310e-01     7.60132e-01

   -5.48310e-01     7.60132e-01
   -5.42768e-01     7.62092e-01

    7.67634e-01    -5.37599e-01
    7.62092e-01    -5.42768e-01

    7.67634e-01    -5.37599e-01
    7.67634e-01    -5.37599e-01

    7.67634e-01    -5.37599e-01
    7.67634e-01    -5.37599e-01

    7.67634e-01    -5.37599e-01
    8.06129e-01    -4.77143e-01

   -5.37599e-01     7.67634e-01
   -5.42768e-01     7.62092e-01

   -5.37599e-01     7.67634e-01
   -5.37599e-01     7.67634e-01

   -5.37599e-01     7.67634e-01
   -5.37599e-01     7.67634e-01

   -5.37599e-01     7.67634e-01
   -4.77143e-01     8.06129e-01

    8.31655e-01    -4.38648e-01
    8.06129e-01    -4.77143e-01

    8.31655e-01    -4.38648e-01
    8.31655e-01    -4.38648e-01

    8.31655e-01    -4.38648e-01
    8.31655e-01    -4.38648e-01

    8.31655e-01    -4.38648e-01
    8.31655e-01    -4.38648e-01

    8.31655e-01    -4.38648e-01
    8.31655e-01    -4.38648e-01

    8.31655e-01    -4.38648e-01
    8.41074e-01    -4.02426e-01

   -4.38648e-01     8.31655e-01
   -4.77143e-01     8.06129e-01

   -4.38648e-01     8.31655e-01
   -4.38648e-01     8.31655e-01

   -4.38648e-01     8.31655e-01
   -4.38648e-01     8.31655e-01

   -4.38648e-01     8.31655e-01
   -4.38648e-01     8.31655e-01

   -4.38648e-01     8.31655e-01
   -4.38648e-01     8.31655e-01

   -4.38648e-01     8.31655e-01
   -4.02426e-01     8.41074e-01

    8.71888e-01    -3.37172e-01
    8.41074e-01    -4.02426e-01

    8.71888e-01    -3.37172e-01
    8.74374e-01    -3.31908e-01

    8.74374e-01    -3.31908e-01
    8.76208e-01    -3.28986e-01

    8.76208e-01    -3.28986e-01
    8.76208e-01    -3.28986e-01

    8.76134e-01    -3.27824e-01
    8.76208e-01    -3.28986e-01

   -3.31908e-01     8.74374e-01
   -3.28986e-01     8.76208e-01

   -3.37172e-01     8.71888e-01
   -4.02426e-01     8.41074e-01

   -3.37172e-01     8.71888e-01
   -3.31908e-01     8.74374e-01

   -3.28986e-01     8.76208e-01
   -3.28986e-01     8.76208e-01

   -3.27824e-01     8.76134e-01
   -3.28986e-01     8.76208e-01

    8.75188e-01    -3.18802e-01
    8.65946e-01    -2.30674e-01

    8.75188e-01    -3.18802e-01
    8.76134e-01    -3.27824e-01

    8.65946e-01    -2.30674e-01
    8.65563e-01    -2.19324e-01

    8.65563e-01    -2.19324e-01
    8.65563e-01    -2.19324e-01

    8.60180e-01    -2.02208e-01
    8.65563e-01    -2.19324e-01

   -2.30674e-01     8.65946e-01
   -2.19324e-01     8.65563e-01

   -3.18802e-01     8.75188e-01
   -2.30674e-01     8.65946e-01

   -3.18802e-01     8.75188e-01
   -3.27824e-01     8.76134e-01

   -2.19324e-01     8.65563e-01
   -2.19324e-01     8.65563e-01

   -2.02208e-01     8.60180e-01
   -2.19324e-01     8.65563e-01

    8.56074e-01    -1.77647e-01
    8.49376e-01    -1.37582e-01

    8.56074e-01    -1.77647e-01
    8.60180e-01    -2.02208e-01

    8.45994e-01    -1.09662e-01
    8.49376e-01    -1.37582e-01

    8.45994e-01    -1.09662e-01
    8.45994e-01    -1.09662e-01

    8.45994e-01    -1.09662e-01
    8.45994e-01    -1.09662e-01

    8.45994e-01    -1.09662e-01
    8.37606e-01    -6.99723e-02

   -1.37582e-01     8.49376e-01
   -1.09662e-01     8.45994e-01

   -1.77647e-01     8.56074e-01
   -1.37582e-01     8.49376e-01

   -1.77647e-01     8.56074e-01
   -2.02208e-01     8.60180e-01

   -1.09662e-01     8.45994e-01
   -1.09662e-01     8.45994e-01

   -6.99723e-02     8.37606e-01
   -1.09662e-01     8.45994e-01

   -6.62446e-01    -6.62446e-01
   -6.62446e-01    -6.62446e-01

   -6.62446e-01    -6.62446e-01
   -6.62446e-01    -6.62446e-01

   -6.62446e-01    -6.62446e-01
   -6.62446e-01    -6.62446e-01

   -6.62446e-01    -6.62446e-01
   -6.62446e-01    -6.62446e-01

   -6.34041e-01    -6.81903e-01
   -6.34041e-01    -6.81903e-01

   -6.34041e-01    -6.81903e-01
   -6.34041e-01    -6.81903e-01

   -6.81903e-01    -6.34041e-01
   -6.81903e-01    -6.34041e-01

   -6.81903e-01    -6.34041e-01
   -6.81903e-01    -6.34041e-01

    8.36699e-01    -5.60834e-02
    8.35751e-01    -4.15452e-02

    8.36699e-01    -5.60834e-02
    8.37606e-01    -6.99723e-02

    8.37548e-01     0.00000e+00
    8.35751e-01    -4.15452e-02

    8.37548e-01     0.00000e+00
    8.37548e-01     0.00000e+00

    8.37548e-01     0.00000e+00
    8.37548e-01     0.00000e+00

    8.37548e-01     0.00000e+00
    8.35751e-01     4.15452e-02

    0.00000e+00     8.37548e-01
   -4.15452e-02     8.35750e-01

    0.00000e+00     8.37548e-01
    0.00000e+00     8.37548e-01

   -5.60834e-02     8.36699e-01
   -4.15452e-02     8.35750e-01

   -5.60834e-02     8.36699e-01
   -6.99723e-02     8.37606e-01

    0.00000e+00     8.37548e-01
    0.00000e+00     8.37548e-01

    0.00000e+00     8.37548e-01
    4.15452e-02     8.35750e-01

   -4.77143e-01    -8.06129e-01
   -4.38648e-01    -8.31655e-01

   -4.38648e-01    -8.31655e-01
   -4.77143e-01    -8.06129e-01

   -4.38648e-01    -8.31655e-01
   -4.38648e-01    -8.31655e-01

   -4.38648e-01    -8.31655e-01
   -4.38648e-01    -8.31655e-01

   -5.37599e-01    -7.67634e-01
   -4.77143e-01    -8.06129e-01

   -4.77143e-01    -8.06129e-01
   -5.37599e-01    -7.67634e-01

   -5.37599e-01    -7.67634e-01
   -5.37599e-01    -7.67634e-01

   -4.38648e-01    -8.31655e-01
   -4.38648e-01    -8.31655e-01

   -4.38648e-01    -8.31655e-01
   -4.38648e-01    -8.31655e-01

   -3.37172e-01    -8.71888e-01
   -4.02426e-01    -8.41074e-01

   -3.37172e-01    -8.71888e-01
   -4.02426e-01    -8.41074e-01

   -4.02426e-01    -8.41074e-01
   -4.02426e-01    -8.41074e-01

   -3.37172e-01    -8.71888e-01
   -3.31908e-01    -8.74374e-01

   -3.37172e-01    -8.71888e-01
   -3.37172e-01    -8.71888e-01

   -3.31908e-01    -8.74374e-01
   -3.37172e-01    -8.71888e-01

   -4.38648e-01    -8.31655e-01
   -4.02426e-01    -8.41074e-01

   -4.02426e-01    -8.41074e-01
   -4.38648e-01    -8.31655e-01

   -5.48310e-01    -7.60132e-01
   -5.98509e-01    -7.08171e-01

   -5.48310e-01    -7.60132e-01
   -5.98509e-01    -7.08171e-01

   -5.48310e-01    -7.60132e-01
   -5.48310e-01    -7.60132e-01

   -6.34041e-01    -6.81903e-01
   -6.22570e-01    -6.90383e-01

   -6.34041e-01    -6.81903e-01
   -6.34041e-01    -6.81903e-01

   -5.98509e-01    -7.08171e-01
   -5.98509e-01    -7.08171e-01

   -5.98509e-01    -7.08171e-01
   -5.98509e-01    -7.08171e-01

   -5.98509e-01    -7.08171e-01
   -6.22570e-01    -6.90383e-01

   -5.37599e-01    -7.67634e-01
   -5.37599e-01    -7.67634e-01

   -5.48310e-01    -7.60132e-01
   -5.48310e-01    -7.60132e-01

   -5.37599e-01    -7.67634e-01
   -5.42768e-01    -7.62092e-01

   -5.37599e-01    -7.67634e-01
   -5.42768e-01    -7.62092e-01

   -5.48310e-01    -7.60132e-01
   -5.42768e-01    -7.62092e-01

   -5.42768e-01    -7.62092e-01
   -5.48310e-01    -7.60132e-01

   -6.81903e-01    -6.34041e-01
   -6.90383e-01    -6.22570e-01

   -6.81903e-01    -6.34041e-01
   -6.90383e-01    -6.22570e-01

   -6.90383e-01    -6.22570e-01
   -6.90383e-01    -6.22570e-01

   -6.90383e-01    -6.22570e-01
   -7.08171e-01    -5.98509e-01

   -7.08171e-01    -5.98509e-01
   -7.08171e-01    -5.98509e-01

   -6.90383e-01    -6.22570e-01
   -7.08171e-01    -5.98509e-01

   -7.60132e-01    -5.48310e-01
   -7.08171e-01    -5.98509e-01

   -7.08171e-01    -5.98509e-01
   -7.60132e-01    -5.48310e-01

   -7.60132e-01    -5.48310e-01
   -7.60132e-01    -5.48310e-01

   -7.67634e-01    -5.37599e-01
   -8.06129e-01    -4.77143e-01

   -7.67634e-01    -5.37599e-01
   -8.06129e-01    -4.77143e-01

   -7.67634e-01    -5.37599e-01
   -7.67634e-01    -5.37599e-01

   -8.06129e-01    -4.77143e-01
   -8.31655e-01    -4.38648e-01

   -8.06129e-01    -4.77143e-01
   -8.31655e-01    -4.38648e-01

   -8.31655e-01    -4.38648e-01
   -8.31655e-01    -4.38648e-01

   -8.31655e-01    -4.38648e-01
   -8.31655e-01    -4.38648e-01

   -7.60132e-01    -5.48310e-01
   -7.60132e-01    -5.48310e-01

   -7.67634e-01    -5.37599e-01
   -7.67634e-01    -5.37599e-01

   -7.60132e-01    -5.48310e-01
   -7.62092e-01    -5.42768e-01

   -7.60132e-01    -5.48310e-01
   -7.62092e-01    -5.42768e-01

   -7.67634e-01    -5.37599e-01
   -7.62092e-01    -5.42768e-01

   -7.62092e-01    -5.42768e-01
   -7.67634e-01    -5.37599e-01

   -8.31655e-01    -4.38648e-01
   -8.31655e-01    -4.38648e-01

   -8.31655e-01    -4.38648e-01
   -8.31655e-01    -4.38648e-01

   -8.31655e-01    -4.38648e-01
   -8.41074e-01    -4.02426e-01

   -8.31655e-01    -4.38648e-01
   -8.41074e-01    -4.02426e-01

   -8.41074e-01    -4.02426e-01
   -8.71888e-01    -3.37172e-01

   -8.41074e-01    -4.02426e-01
   -8.71888e-01    -3.37172e-01

   -8.41074e-01    -4.02426e-01
   -8.41074e-01    -4.02426e-01

   -8.71888e-01    -3.37172e-01
   -8.74374e-01    -3.31908e-01

   -8.71888e-01    -3.37172e-01
   -8.71888e-01    -3.37172e-01

   -8.71888e-01    -3.37172e-01
   -8.74374e-01    -3.31908e-01

    8.36699e-01     5.60834e-02
    8.35751e-01     4.15452e-02

    8.36699e-01     5.60834e-02
    8.37606e-01     6.99723e-02

    8.45994e-01     1.09662e-01
    8.37606e-01     6.99723e-02

    8.45994e-01     1.09662e-01
    8.45994e-01     1.09662e-01

    8.45994e-01     1.09662e-01
    8.45994e-01     1.09662e-01

    8.45994e-01     1.09662e-01
    8.49376e-01     1.37582e-01

    1.09662e-01     8.45994e-01
    6.99723e-02     8.37606e-01

    1.09662e-01     8.45994e-01
    1.09662e-01     8.45994e-01

    5.60834e-02     8.36699e-01
    4.15452e-02     8.35750e-01

    5.60834e-02     8.36699e-01
    6.99723e-02     8.37606e-01

    1.09662e-01     8.45994e-01
    1.37582e-01     8.49376e-01

   -3.31908e-01    -8.74374e-01
   -3.28986e-01    -8.76207e-01

   -3.28986e-01    -8.76207e-01
   -3.31908e-01    -8.74374e-01

   -3.28986e-01    -8.76207e-01
   -3.28986e-01    -8.76207e-01

   -3.28986e-01    -8.76207e-01
   -3.28986e-01    -8.76207e-01

   -3.18803e-01    -8.75188e-01
   -2.30674e-01    -8.65946e-01

   -3.18803e-01    -8.75188e-01
   -3.18803e-01    -8.75188e-01

   -3.18803e-01    -8.75188e-01
   -2.30674e-01    -8.65946e-01

   -2.30674e-01    -8.65946e-01
   -2.30674e-01    -8.65946e-01

   -3.18803e-01    -8.75188e-01
   -3.27824e-01    -8.76134e-01

   -3.27824e-01    -8.76134e-01
   -3.27824e-01    -8.76134e-01

   -3.18803e-01    -8.75188e-01
   -3.18803e-01    -8.75188e-01

   -3.18803e-01    -8.75188e-01
   -3.18803e-01    -8.75188e-01

   -3.27824e-01    -8.76134e-01
   -3.18803e-01    -8.75188e-01

   -3.27824e-01    -8.76134e-01
   -3.27824e-01    -8.76134e-01

   -3.27824e-01    -8.76134e-01
   -3.28986e-01    -8.76207e-01

   -3.28986e-01    -8.76207e-01
   -3.27824e-01    -8.76134e-01

   -8.74374e-01    -3.31908e-01
   -8.76208e-01    -3.28986e-01

   -8.74374e-01    -3.31908e-01
   -8.76208e-01    -3.28986e-01

   -8.76208e-01    -3.28986e-01
   -8.76208e-01    -3.28986e-01

   -8.76208e-01    -3.28986e-01
   -8.76208e-01    -3.28986e-01

   -8.76208e-01    -3.28986e-01
   -8.76134e-01    -3.27824e-01

   -8.76134e-01    -3.27824e-01
   -8.76208e-01    -3.28986e-01

   -8.65946e-01    -2.30674e-01
   -8.75188e-01    -3.18803e-01

   -8.75188e-01    -3.18803e-01
   -8.75188e-01    -3.18803e-01

   -8.75188e-01    -3.18803e-01
   -8.65946e-01    -2.30674e-01

   -8.65946e-01    -2.30674e-01
   -8.65946e-01    -2.30674e-01

   -8.76134e-01    -3.27824e-01
   -8.75188e-01    -3.18803e-01

   -8.76134e-01    -3.27824e-01
   -8.76134e-01    -3.27824e-01

   -8.75188e-01    -3.18803e-01
   -8.75188e-01    -3.18803e-01

   -8.75188e-01    -3.18803e-01
   -8.75188e-01    -3.18803e-01

   -8.75188e-01    -3.18803e-01
   -8.76134e-01    -3.27824e-01

   -8.76134e-01    -3.27824e-01
   -8.76134e-01    -3.27824e-01

    8.56074e-01     1.77647e-01
    8.49376e-01     1.37582e-01

    8.56074e-01     1.77647e-01
    8.60180e-01     2.02208e-01

    8.65563e-01     2.19324e-01
    8.60180e-01     2.02208e-01

    8.65563e-01     2.19324e-01
    8.65563e-01     2.19324e-01

    8.65563e-01     2.19324e-01
    8.65946e-01     2.30674e-01

    2.02208e-01     8.60180e-01
    2.19324e-01     8.65563e-01

    1.77647e-01     8.56074e-01
    1.37582e-01     8.49376e-01

    1.77647e-01     8.56074e-01
    2.02208e-01     8.60180e-01

    2.19324e-01     8.65563e-01
    2.19324e-01     8.65563e-01

    2.30674e-01     8.65946e-01
    2.19324e-01     8.65563e-01

   -1.09662e-01    -9.55879e-01
   -1.58393e-01    -9.38227e-01

   -1.09662e-01    -9.55879e-01
   -1.09662e-01    -9.55879e-01

   -7.59468e-02    -9.53242e-01
   -5.21187e-02    -9.54910e-01

   -3.05369e-02    -9.56421e-01
   -5.21187e-02    -9.54910e-01

   -1.09662e-01    -9.55879e-01
   -7.59468e-02    -9.53242e-01

   -9.55879e-01    -1.09662e-01
   -9.38227e-01    -1.58393e-01

   -9.55879e-01    -1.09662e-01
   -9.55879e-01    -1.09662e-01

   -9.55879e-01    -1.09662e-01
   -9.53243e-01    -7.59469e-02

   -9.53243e-01    -7.59469e-02
   -9.54910e-01    -5.21188e-02

   -9.56421e-01    -3.05369e-02
   -9.54910e-01    -5.21188e-02

    9.37206e-01     1.63344e-01
    9.36140e-01     1.68507e-01

    9.37206e-01     1.63344e-01
    9.38227e-01     1.58393e-01

    9.33564e-01     2.19324e-01
    9.36140e-01     1.68507e-01

    9.33564e-01     2.19324e-01
    9.33564e-01     2.19324e-01

    9.33564e-01     2.19324e-01
    9.33564e-01     2.19324e-01

    9.33564e-01     2.19324e-01
    9.33564e-01     2.19324e-01

    9.33564e-01     2.19324e-01
    9.33564e-01     2.19324e-01

    9.33564e-01     2.19324e-01
    9.20047e-01     2.62076e-01

    9.16681e-01     2.78472e-01
    9.13807e-01     2.92475e-01

    9.16681e-01     2.78472e-01
    9.20047e-01     2.62076e-01

    2.19324e-01     9.33564e-01
    1.68507e-01     9.36140e-01

    2.19324e-01     9.33564e-01
    2.19324e-01     9.33564e-01

    2.19324e-01     9.33564e-01
    2.19324e-01     9.33564e-01

    1.63344e-01     9.37205e-01
    1.68507e-01     9.36140e-01

    1.63344e-01     9.37205e-01
    1.58393e-01     9.38227e-01

    2.19324e-01     9.33564e-01
    2.19324e-01     9.33564e-01

    2.19324e-01     9.33564e-01
    2.19324e-01     9.33564e-01

    2.78472e-01     9.16681e-01
    2.92475e-01     9.13807e-01

    2.78472e-01     9.16681e-01
    2.62076e-01     9.20047e-01

    2.19324e-01     9.33564e-01
    2.62076e-01     9.20047e-01

    0.00000e+00    -9.63183e-01
   -3.05369e-02    -9.56421e-01

    0.00000e+00    -9.63183e-01
    0.00000e+00    -9.63183e-01

    0.00000e+00    -9.63183e-01
    0.00000e+00    -9.63183e-01

    7.59468e-02    -9.53242e-01
    5.21187e-02    -9.54910e-01

    3.05369e-02    -9.56421e-01
    5.21187e-02    -9.54910e-01

    0.00000e+00    -9.63183e-01
    3.05369e-02    -9.56421e-01

   -9.63183e-01     0.00000e+00
   -9.56421e-01    -3.05369e-02

   -9.63183e-01     0.00000e+00
   -9.63183e-01     0.00000e+00

   -9.63183e-01     0.00000e+00
   -9.63183e-01     0.00000e+00

   -9.63183e-01     0.00000e+00
   -9.56421e-01     3.05369e-02

   -9.53242e-01     7.59468e-02
   -9.54910e-01     5.21187e-02

   -9.56421e-01     3.05369e-02
   -9.54910e-01     5.21187e-02

    9.10592e-01     3.28986e-01
    9.13807e-01     2.92475e-01

    9.10592e-01     3.28986e-01
    9.10592e-01     3.28986e-01

    9.10592e-01     3.28986e-01
    9.10592e-01     3.28986e-01

    9.10592e-01     3.28986e-01
    9.14211e-01     3.65901e-01

    9.17371e-01     3.79124e-01
    9.14211e-01     3.65901e-01

    9.17371e-01     3.79124e-01
    9.21122e-01     3.94821e-01

    3.28986e-01     9.10592e-01
    2.92475e-01     9.13807e-01

    3.28986e-01     9.10592e-01
    3.28986e-01     9.10592e-01

    3.28986e-01     9.10592e-01
    3.28986e-01     9.10592e-01

    3.79124e-01     9.17371e-01
    3.65901e-01     9.14211e-01

    3.79124e-01     9.17371e-01
    3.94821e-01     9.21122e-01

    3.28986e-01     9.10592e-01
    3.65901e-01     9.14211e-01

    1.09662e-01    -9.55879e-01
    7.59468e-02    -9.53242e-01

    1.09662e-01    -9.55879e-01
    1.09662e-01    -9.55879e-01

    1.68507e-01    -9.36140e-01
    1.63344e-01    -9.37205e-01

    1.58393e-01    -9.38227e-01
    1.63344e-01    -9.37205e-01

    1.09662e-01    -9.55879e-01
    1.58393e-01    -9.38227e-01

   -9.55879e-01     1.09662e-01
   -9.53242e-01     7.59468e-02

   -9.55879e-01     1.09662e-01
   -9.55879e-01     1.09662e-01

   -9.55879e-01     1.09662e-01
   -9.55879e-01     1.09662e-01

   -9.55879e-01     1.09662e-01
   -9.38227e-01     1.58393e-01

   -9.36140e-01     1.68507e-01
   -9.37205e-01     1.63344e-01

   -9.38227e-01     1.58393e-01
   -9.37205e-01     1.63344e-01

    9.29070e-01     4.38648e-01
    9.21122e-01     3.94821e-01

    9.29070e-01     4.38648e-01
    9.29070e-01     4.38648e-01

    9.29070e-01     4.38648e-01
    9.29070e-01     4.38648e-01

    9.29070e-01     4.38648e-01
    9.29070e-01     4.38648e-01

    9.29070e-01     4.38648e-01
    9.29070e-01     4.38648e-01

    9.29070e-01     4.38648e-01
    9.32162e-01     4.93444e-01

    4.38648e-01     9.29070e-01
    3.94821e-01     9.21122e-01

    4.38648e-01     9.29070e-01
    4.38648e-01     9.29070e-01

    4.38648e-01     9.29070e-01
    4.38648e-01     9.29070e-01

    4.38648e-01     9.29070e-01
    4.38648e-01     9.29070e-01

    4.38648e-01     9.29070e-01
    4.38648e-01     9.29070e-01

    4.38648e-01     9.29070e-01
    4.93444e-01     9.32162e-01

    2.19324e-01    -9.33564e-01
    1.68507e-01    -9.36140e-01

    2.19324e-01    -9.33564e-01
    2.19324e-01    -9.33564e-01

    2.19324e-01    -9.33564e-01
    2.19324e-01    -9.33564e-01

    2.19324e-01    -9.33564e-01
    2.62076e-01    -9.20047e-01

   -9.33564e-01     2.19324e-01
   -9.36140e-01     1.68507e-01

   -9.33564e-01     2.19324e-01
   -9.33564e-01     2.19324e-01

   -9.33564e-01     2.19324e-01
   -9.33564e-01     2.19324e-01

   -9.33564e-01     2.19324e-01
   -9.20047e-01     2.62076e-01

    9.32164e-01     4.93481e-01
    9.32162e-01     4.93444e-01

    9.32164e-01     4.93481e-01
    9.32166e-01     4.93518e-01

    9.19949e-01     5.48310e-01
    9.32166e-01     4.93518e-01

    9.19949e-01     5.48310e-01
    9.19949e-01     5.48310e-01

    9.19949e-01     5.48310e-01
    9.19949e-01     5.48310e-01

    9.19949e-01     5.48310e-01
    9.19949e-01     5.48310e-01

    9.19949e-01     5.48310e-01
    9.19949e-01     5.48310e-01

    9.19949e-01     5.48310e-01
    9.29764e-01     6.00778e-01

    9.27362e-01     6.05651e-01
    9.25170e-01     6.10097e-01

    9.27362e-01     6.05651e-01
    9.29764e-01     6.00778e-01

    5.48310e-01     9.19949e-01
    4.93518e-01     9.32166e-01

    5.48310e-01     9.19949e-01
    5.48310e-01     9.19949e-01

    5.48310e-01     9.19949e-01
    5.48310e-01     9.19949e-01

    4.93481e-01     9.32164e-01
    4.93444e-01     9.32162e-01

    4.93481e-01     9.32164e-01
    4.93518e-01     9.32166e-01

    5.48310e-01     9.19949e-01
    5.48310e-01     9.19949e-01

    5.48310e-01     9.19949e-01
    5.48310e-01     9.19949e-01

    6.05651e-01     9.27362e-01
    6.10097e-01     9.25170e-01

    6.05651e-01     9.27362e-01
    6.00778e-01     9.29764e-01

    5.48310e-01     9.19949e-01
    6.00778e-01     9.29764e-01

    3.28986e-01    -9.10592e-01
    2.92475e-01    -9.13807e-01

    3.28986e-01    -9.10592e-01
    3.28986e-01    -9.10592e-01

    2.78472e-01    -9.16681e-01
    2.92475e-01    -9.13807e-01

    2.78472e-01    -9.16681e-01
    2.62076e-01    -9.20047e-01

    3.28986e-01    -9.10592e-01
    3.65901e-01    -9.14211e-01

   -9.16681e-01     2.78472e-01
   -9.13807e-01     2.92475e-01

   -9.16681e-01     2.78472e-01
   -9.20047e-01     2.62076e-01

   -9.10592e-01     3.28986e-01
   -9.13807e-01     2.92475e-01

   -9.10592e-01     3.28986e-01
   -9.10592e-01     3.28986e-01

   -9.10592e-01     3.28986e-01
   -9.14211e-01     3.65901e-01

    8.94322e-01     6.57972e-01
    9.25170e-01     6.10097e-01

    8.94322e-01     6.57972e-01
    8.94322e-01     6.57972e-01

    8.77296e-01     7.01536e-01
    8.51794e-01     7.42132e-01

    8.77296e-01     7.01536e-01
    8.77296e-01     7.01536e-01

    8.77296e-01     7.01536e-01
    8.77296e-01     7.01536e-01

    8.08919e-01     7.67634e-01
    8.51794e-01     7.42132e-01

    8.08919e-01     7.67634e-01
    8.08919e-01     7.67634e-01

    8.94322e-01     6.57972e-01
    8.94322e-01     6.57972e-01

    8.77296e-01     7.01536e-01
    8.77296e-01     7.01536e-01

    8.77296e-01     7.01536e-01
    8.77296e-01     7.01536e-01

    8.94322e-01     6.57972e-01
    8.97132e-01     6.77808e-01

    8.77296e-01     7.01536e-01
    8.97132e-01     6.77808e-01

    7.67634e-01     8.08919e-01
    7.42132e-01     8.51794e-01

    7.67634e-01     8.08919e-01
    7.67634e-01     8.08919e-01

    7.01536e-01     8.77296e-01
    7.42132e-01     8.51794e-01

    7.01536e-01     8.77296e-01
    7.01536e-01     8.77296e-01

    7.01536e-01     8.77296e-01
    7.01536e-01     8.77296e-01

    8.08919e-01     7.67634e-01
    8.08919e-01     7.67634e-01

    7.67634e-01     8.08919e-01
    7.67634e-01     8.08919e-01

    8.08919e-01     7.67634e-01
    7.91560e-01     7.91560e-01

    7.67634e-01     8.08919e-01
    7.91560e-01     7.91560e-01

    6.57972e-01     8.94322e-01
    6.10097e-01     9.25170e-01

    6.57972e-01     8.94322e-01
    6.57972e-01     8.94322e-01

    7.01536e-01     8.77296e-01
    7.01536e-01     8.77296e-01

    7.01536e-01     8.77296e-01
    7.01536e-01     8.77296e-01

    6.57972e-01     8.94322e-01
    6.57972e-01     8.94322e-01

    7.01536e-01     8.77296e-01
    6.77808e-01     8.97132e-01

    6.57972e-01     8.94322e-01
    6.77808e-01     8.97132e-01

    4.38648e-01    -9.29070e-01
    3.94821e-01    -9.21122e-01

    4.38648e-01    -9.29070e-01
    4.38648e-01    -9.29070e-01

    4.38648e-01    -9.29070e-01
    4.38648e-01    -9.29070e-01

    3.79124e-01    -9.17371e-01
    3.65901e-01    -9.14211e-01

    3.79124e-01    -9.17371e-01
    3.94821e-01    -9.21122e-01

    4.93444e-01    -9.32162e-01
    4.93481e-01    -9.32164e-01

    4.93518e-01    -9.32166e-01
    4.93481e-01    -9.32164e-01

    4.38648e-01    -9.29070e-01
    4.93444e-01    -9.32162e-01

   -9.17371e-01     3.79124e-01
   -9.14211e-01     3.65901e-01

   -9.17371e-01     3.79124e-01
   -9.21122e-01     3.94821e-01

   -9.29070e-01     4.38648e-01
   -9.21122e-01     3.94821e-01

   -9.29070e-01     4.38648e-01
   -9.29070e-01     4.38648e-01

   -9.29070e-01     4.38648e-01
   -9.29070e-01     4.38648e-01

   -9.29070e-01     4.38648e-01
   -9.32162e-01     4.93444e-01

   -9.32162e-01     4.93444e-01
   -9.32164e-01     4.93481e-01

   -9.32166e-01     4.93518e-01
   -9.32164e-01     4.93481e-01

    5.48310e-01    -9.19949e-01
    4.93518e-01    -9.32166e-01

    5.48310e-01    -9.19949e-01
    5.48310e-01    -9.19949e-01

    5.48310e-01    -9.19949e-01
    5.48310e-01    -9.19949e-01

    5.48310e-01    -9.19949e-01
    5.48310e-01    -9.19949e-01

    5.48310e-01    -9.19949e-01
    5.48310e-01    -9.19949e-01

    5.48310e-01    -9.19949e-01
    6.00778e-01    -9.29764e-01

   -9.19949e-01     5.48310e-01
   -9.32166e-01     4.93518e-01

   -9.19949e-01     5.48310e-01
   -9.19949e-01     5.48310e-01

   -9.19949e-01     5.48310e-01
   -9.19949e-01     5.48310e-01

   -9.19949e-01     5.48310e-01
   -9.29764e-01     6.00778e-01

    6.57972e-01    -8.94322e-01
    6.10097e-01    -9.25170e-01

    6.57972e-01    -8.94322e-01
    6.57972e-01    -8.94322e-01

    6.05651e-01    -9.27362e-01
    6.10097e-01    -9.25170e-01

    6.05651e-01    -9.27362e-01
    6.00778e-01    -9.29764e-01

    6.57972e-01    -8.94322e-01
    6.77808e-01    -8.97132e-01

   -9.27362e-01     6.05651e-01
   -9.25170e-01     6.10097e-01

   -9.27362e-01     6.05651e-01
   -9.29764e-01     6.00778e-01

   -8.94322e-01     6.57972e-01
   -9.25170e-01     6.10097e-01

   -8.94322e-01     6.57972e-01
   -8.94322e-01     6.57972e-01

   -8.94322e-01     6.57972e-01
   -8.97132e-01     6.77808e-01

    7.01536e-01    -8.77296e-01
    6.77808e-01    -8.97132e-01

    7.01536e-01    -8.77296e-01
    7.01536e-01    -8.77296e-01

    7.01536e-01    -8.77296e-01
    7.01536e-01    -8.77296e-01

    7.01536e-01    -8.77296e-01
    7.42132e-01    -8.51794e-01

   -8.77296e-01     7.01536e-01
   -8.97132e-01     6.77808e-01

   -8.77296e-01     7.01536e-01
   -8.77296e-01     7.01536e-01

   -8.77296e-01     7.01536e-01
   -8.77296e-01     7.01536e-01

   -8.77296e-01     7.01536e-01
   -8.51794e-01     7.42132e-01

    7.67634e-01    -8.08919e-01
    7.42132e-01    -8.51794e-01

    7.67634e-01    -8.08919e-01
    7.67634e-01    -8.08919e-01

    7.67634e-01    -8.08919e-01
    7.67634e-01    -8.08919e-01

    7.67634e-01    -8.08919e-01
    7.91560e-01    -7.91560e-01

   -8.08919e-01     7.67634e-01
   -8.51794e-01     7.42132e-01

   -8.08919e-01     7.67634e-01
   -8.08919e-01     7.67634e-01

   -8.08919e-01     7.67634e-01
   -8.08919e-01     7.67634e-01

   -8.08919e-01     7.67634e-01
   -7.91560e-01     7.91560e-01

    8.08919e-01    -7.67634e-01
    7.91560e-01    -7.91560e-01

    8.08919e-01    -7.67634e-01
    8.08919e-01    -7.67634e-01

    8.08919e-01    -7.67634e-01
    8.08919e-01    -7.67634e-01

    8.08919e-01    -7.67634e-01
    8.51794e-01    -7.42132e-01

   -7.67634e-01     8.08919e-01
   -7.91560e-01     7.91560e-01

   -7.67634e-01     8.08919e-01
   -7.67634e-01     8.08919e-01

   -7.67634e-01     8.08919e-01
   -7.67634e-01     8.08919e-01

   -7.67634e-01     8.08919e-01
   -7.42132e-01     8.51794e-01

    8.51794e-01    -7.42132e-01
    8.77296e-01    -7.01536e-01

    8.77296e-01    -7.01536e-01
    8.77296e-01    -7.01536e-01

    8.77296e-01    -7.01536e-01
    8.77296e-01    -7.01536e-01

    8.97132e-01    -6.77808e-01
    8.77296e-01    -7.01536e-01

   -7.42132e-01     8.51794e-01
   -7.01536e-01     8.77296e-01

   -7.01536e-01     8.77296e-01
   -7.01536e-01     8.77296e-01

   -7.01536e-01     8.77296e-01
   -7.01536e-01     8.77296e-01

   -6.77808e-01     8.97132e-01
   -7.01536e-01     8.77296e-01

    8.97132e-01    -6.77808e-01
    8.94322e-01    -6.57972e-01

    8.94322e-01    -6.57972e-01
    8.94322e-01    -6.57972e-01

    9.25170e-01    -6.10097e-01
    8.94322e-01    -6.57972e-01

    9.27362e-01    -6.05651e-01
    9.25170e-01    -6.10097e-01

    9.27362e-01    -6.05651e-01
    9.29764e-01    -6.00778e-01

   -6.77808e-01     8.97132e-01
   -6.57972e-01     8.94322e-01

   -6.57972e-01     8.94322e-01
   -6.57972e-01     8.94322e-01

   -6.05651e-01     9.27362e-01
   -6.10097e-01     9.25170e-01

   -6.05651e-01     9.27362e-01
   -6.00778e-01     9.29764e-01

   -6.10097e-01     9.25170e-01
   -6.57972e-01     8.94322e-01

    9.29764e-01    -6.00778e-01
    9.19949e-01    -5.48310e-01

    9.19949e-01    -5.48310e-01
    9.19949e-01    -5.48310e-01

    9.19949e-01    -5.48310e-01
    9.19949e-01    -5.48310e-01

    9.32166e-01    -4.93518e-01
    9.19949e-01    -5.48310e-01

   -5.48310e-01     9.19949e-01
   -6.00778e-01     9.29764e-01

   -5.48310e-01     9.19949e-01
   -5.48310e-01     9.19949e-01

   -5.48310e-01     9.19949e-01
   -5.48310e-01     9.19949e-01

   -5.48310e-01     9.19949e-01
   -5.48310e-01     9.19949e-01

   -5.48310e-01     9.19949e-01
   -5.48310e-01     9.19949e-01

   -5.48310e-01     9.19949e-01
   -4.93518e-01     9.32166e-01

    9.32164e-01    -4.93481e-01
    9.32162e-01    -4.93444e-01

    9.32164e-01    -4.93481e-01
    9.32166e-01    -4.93518e-01

    9.32162e-01    -4.93444e-01
    9.29070e-01    -4.38648e-01

    9.29070e-01    -4.38648e-01
    9.29070e-01    -4.38648e-01

    9.29070e-01    -4.38648e-01
    9.29070e-01    -4.38648e-01

    9.21122e-01    -3.94821e-01
    9.29070e-01    -4.38648e-01

    9.17371e-01    -3.79124e-01
    9.14211e-01    -3.65901e-01

    9.17371e-01    -3.79124e-01
    9.21122e-01    -3.94821e-01

   -4.93444e-01     9.32162e-01
   -4.38648e-01     9.29070e-01

   -4.93481e-01     9.32164e-01
   -4.93444e-01     9.32162e-01

   -4.93481e-01     9.32164e-01
   -4.93518e-01     9.32166e-01

   -4.38648e-01     9.29070e-01
   -4.38648e-01     9.29070e-01

   -4.38648e-01     9.29070e-01
   -4.38648e-01     9.29070e-01

   -3.79124e-01     9.17371e-01
   -3.65901e-01     9.14211e-01

   -3.79124e-01     9.17371e-01
   -3.94821e-01     9.21122e-01

   -3.94821e-01     9.21122e-01
   -4.38648e-01     9.29070e-01

   -6.77808e-01    -8.97132e-01
   -6.57972e-01    -8.94322e-01

   -6.57972e-01    -8.94322e-01
   -6.77808e-01    -8.97132e-01

   -6.57972e-01    -8.94322e-01
   -6.57972e-01    -8.94322e-01

   -7.01536e-01    -8.77296e-01
   -6.77808e-01    -8.97132e-01

   -6.77808e-01    -8.97132e-01
   -7.01536e-01    -8.77296e-01

   -7.01536e-01    -8.77296e-01
   -7.01536e-01    -8.77296e-01

   -7.01536e-01    -8.77296e-01
   -7.01536e-01    -8.77296e-01

   -6.57972e-01    -8.94322e-01
   -6.57972e-01    -8.94322e-01

   -6.57972e-01    -8.94322e-01
   -6.10097e-01    -9.25170e-01

   -6.10097e-01    -9.25170e-01
   -6.57972e-01    -8.94322e-01

   -7.91560e-01    -7.91560e-01
   -7.67634e-01    -8.08919e-01

   -7.67634e-01    -8.08919e-01
   -7.91560e-01    -7.91560e-01

   -7.67634e-01    -8.08919e-01
   -7.67634e-01    -8.08919e-01

   -7.91560e-01    -7.91560e-01
   -8.08919e-01    -7.67634e-01

   -7.91560e-01    -7.91560e-01
   -8.08919e-01    -7.67634e-01

   -8.08919e-01    -7.67634e-01
   -8.08919e-01    -7.67634e-01

   -7.01536e-01    -8.77296e-01
   -7.01536e-01    -8.77296e-01

   -7.01536e-01    -8.77296e-01
   -7.01536e-01    -8.77296e-01

   -7.67634e-01    -8.08919e-01
   -7.67634e-01    -8.08919e-01

   -7.42132e-01    -8.51794e-01
   -7.01536e-01    -8.77296e-01

   -7.01536e-01    -8.77296e-01
   -7.42132e-01    -8.51794e-01

   -7.42132e-01    -8.51794e-01
   -7.67634e-01    -8.08919e-01

   -7.42132e-01    -8.51794e-01
   -7.67634e-01    -8.08919e-01

   -8.77296e-01    -7.01536e-01
   -8.97132e-01    -6.77808e-01

   -8.77296e-01    -7.01536e-01
   -8.97132e-01    -6.77808e-01

   -8.77296e-01    -7.01536e-01
   -8.77296e-01    -7.01536e-01

   -8.77296e-01    -7.01536e-01
   -8.77296e-01    -7.01536e-01

   -8.97132e-01    -6.77808e-01
   -8.94322e-01    -6.57972e-01

   -8.97132e-01    -6.77808e-01
   -8.94322e-01    -6.57972e-01

   -8.94322e-01    -6.57972e-01
   -8.94322e-01    -6.57972e-01

   -8.08919e-01    -7.67634e-01
   -8.08919e-01    -7.67634e-01

   -8.77296e-01    -7.01536e-01
   -8.77296e-01    -7.01536e-01

   -8.77296e-01    -7.01536e-01
   -8.77296e-01    -7.01536e-01

   -8.51794e-01    -7.42132e-01
   -8.08919e-01    -7.67634e-01

   -8.08919e-01    -7.67634e-01
   -8.51794e-01    -7.42132e-01

   -8.51794e-01    -7.42132e-01
   -8.77296e-01    -7.01536e-01

   -8.51794e-01    -7.42132e-01
   -8.77296e-01    -7.01536e-01

   -8.94322e-01    -6.57972e-01
   -8.94322e-01    -6.57972e-01

   -8.94322e-01    -6.57972e-01
   -9.25170e-01    -6.10097e-01

   -8.94322e-01    -6.57972e-01
   -9.25170e-01    -6.10097e-01

    9.14211e-01    -3.65901e-01
    9.10592e-01    -3.28986e-01

    9.10592e-01    -3.28986e-01
    9.10592e-01    -3.28986e-01

    9.13807e-01    -2.92475e-01
    9.10592e-01    -3.28986e-01

    9.16681e-01    -2.78472e-01
    9.13807e-01    -2.92475e-01

    9.16681e-01    -2.78472e-01
    9.20047e-01    -2.62076e-01

   -3.65901e-01     9.14211e-01
   -3.28986e-01     9.10592e-01

   -3.28986e-01     9.10592e-01
   -3.28986e-01     9.10592e-01

   -2.78472e-01     9.16681e-01
   -2.92475e-01     9.13807e-01

   -2.78472e-01     9.16681e-01
   -2.62076e-01     9.20047e-01

   -2.92475e-01     9.13807e-01
   -3.28986e-01     9.10592e-01

   -6.00778e-01    -9.29764e-01
   -5.48310e-01    -9.19949e-01

   -5.48310e-01    -9.19949e-01
   -6.00778e-01    -9.29764e-01

   -5.48310e-01    -9.19949e-01
   -5.48310e-01    -9.19949e-01

   -5.48310e-01    -9.19949e-01
   -5.48310e-01    -9.19949e-01

   -6.05651e-01    -9.27362e-01
   -6.10097e-01    -9.25170e-01

   -6.10097e-01    -9.25170e-01
   -6.05651e-01    -9.27362e-01

   -6.05651e-01    -9.27362e-01
   -6.05651e-01    -9.27362e-01

   -6.05651e-01    -9.27362e-01
   -6.00778e-01    -9.29764e-01

   -6.00778e-01    -9.29764e-01
   -6.00778e-01    -9.29764e-01

   -6.00778e-01    -9.29764e-01
   -6.05651e-01    -9.27362e-01

   -5.48310e-01    -9.19949e-01
   -5.48310e-01    -9.19949e-01

   -5.48310e-01    -9.19949e-01
   -5.48310e-01    -9.19949e-01

   -4.93481e-01    -9.32164e-01
   -4.93444e-01    -9.32162e-01

   -4.93481e-01    -9.32164e-01
   -4.93481e-01    -9.32164e-01

   -4.93518e-01    -9.32166e-01
   -4.93481e-01    -9.32164e-01

   -4.93481e-01    -9.32164e-01
   -4.93481e-01    -9.32164e-01

   -4.93481e-01    -9.32164e-01
   -4.93518e-01    -9.32166e-01

   -5.48310e-01    -9.19949e-01
   -4.93518e-01    -9.32166e-01

   -4.93518e-01    -9.32166e-01
   -5.48310e-01    -9.19949e-01

   -9.25170e-01    -6.10097e-01
   -9.27362e-01    -6.05651e-01

   -9.25170e-01    -6.10097e-01
   -9.27362e-01    -6.05651e-01

   -9.27362e-01    -6.05651e-01
   -9.27362e-01    -6.05651e-01

   -9.27362e-01    -6.05651e-01
   -9.29764e-01    -6.00778e-01

   -9.29764e-01    -6.00778e-01
   -9.29764e-01    -6.00778e-01

   -9.27362e-01    -6.05651e-01
   -9.29764e-01    -6.00778e-01

   -9.29764e-01    -6.00778e-01
   -9.19949e-01    -5.48310e-01

   -9.29764e-01    -6.00778e-01
   -9.19949e-01    -5.48310e-01

   -9.19949e-01    -5.48310e-01
   -9.19949e-01    -5.48310e-01

   -9.19949e-01    -5.48310e-01
   -9.19949e-01    -5.48310e-01

   -9.19949e-01    -5.48310e-01
   -9.19949e-01    -5.48310e-01

   -9.19949e-01    -5.48310e-01
   -9.19949e-01    -5.48310e-01

   -9.19949e-01    -5.48310e-01
   -9.32166e-01    -4.93518e-01

   -9.19949e-01    -5.48310e-01
   -9.32166e-01    -4.93518e-01

   -9.32164e-01    -4.93481e-01
   -9.32162e-01    -4.93444e-01

   -9.32164e-01    -4.93481e-01
   -9.32162e-01    -4.93444e-01

   -9.32162e-01    -4.93444e-01
   -9.32162e-01    -4.93444e-01

   -9.32166e-01    -4.93518e-01
   -9.32164e-01    -4.93481e-01

   -9.32164e-01    -4.93481e-01
   -9.32164e-01    -4.93481e-01

   -9.32166e-01    -4.93518e-01
   -9.32164e-01    -4.93481e-01

    9.20047e-01    -2.62076e-01
    9.33564e-01    -2.19324e-01

    9.33564e-01    -2.19324e-01
    9.33564e-01    -2.19324e-01

    9.33564e-01    -2.19324e-01
    9.33564e-01    -2.19324e-01

    9.36140e-01    -1.68507e-01
    9.33564e-01    -2.19324e-01

   -2.62076e-01     9.20047e-01
   -2.19324e-01     9.33564e-01

   -2.19324e-01     9.33564e-01
   -2.19324e-01     9.33564e-01

   -2.19324e-01     9.33564e-01
   -2.19324e-01     9.33564e-01

   -1.68507e-01     9.36140e-01
   -2.19324e-01     9.33564e-01

   -4.38648e-01    -9.29070e-01
   -4.38648e-01    -9.29070e-01

   -4.38648e-01    -9.29070e-01
   -4.93444e-01    -9.32162e-01

   -4.38648e-01    -9.29070e-01
   -4.38648e-01    -9.29070e-01

   -4.38648e-01    -9.29070e-01
   -4.38648e-01    -9.29070e-01

   -4.38648e-01    -9.29070e-01
   -4.38648e-01    -9.29070e-01

   -4.38648e-01    -9.29070e-01
   -4.38648e-01    -9.29070e-01

   -3.94821e-01    -9.21122e-01
   -4.38648e-01    -9.29070e-01

   -4.38648e-01    -9.29070e-01
   -3.94821e-01    -9.21122e-01

   -9.32162e-01    -4.93444e-01
   -9.29070e-01    -4.38648e-01

   -9.32162e-01    -4.93444e-01
   -9.29070e-01    -4.38648e-01

   -9.29070e-01    -4.38648e-01
   -9.29070e-01    -4.38648e-01

   -9.29070e-01    -4.38648e-01
   -9.29070e-01    -4.38648e-01

   -9.29070e-01    -4.38648e-01
   -9.29070e-01    -4.38648e-01

   -9.29070e-01    -4.38648e-01
   -9.29070e-01    -4.38648e-01

   -9.29070e-01    -4.38648e-01
   -9.21122e-01    -3.94821e-01

   -9.21122e-01    -3.94821e-01
   -9.29070e-01    -4.38648e-01

    9.37205e-01    -1.63344e-01
    9.36140e-01    -1.68507e-01

    9.37205e-01    -1.63344e-01
    9.38227e-01    -1.58393e-01

    9.55879e-01    -1.09662e-01
    9.38227e-01    -1.58393e-01

    9.55879e-01    -1.09662e-01
    9.55879e-01    -1.09662e-01

    9.55879e-01    -1.09662e-01
    9.55879e-01    -1.09662e-01

    9.55879e-01    -1.09662e-01
    9.53242e-01    -7.59468e-02

   -1.58393e-01     9.38227e-01
   -1.09662e-01     9.55879e-01

   -1.63344e-01     9.37205e-01
   -1.68507e-01     9.36140e-01

   -1.63344e-01     9.37205e-01
   -1.58393e-01     9.38227e-01

   -1.09662e-01     9.55879e-01
   -1.09662e-01     9.55879e-01

   -7.59468e-02     9.53242e-01
   -1.09662e-01     9.55879e-01

   -3.28986e-01    -9.10592e-01
   -3.65901e-01    -9.14211e-01

   -3.65901e-01    -9.14211e-01
   -3.65901e-01    -9.14211e-01

   -3.65901e-01    -9.14211e-01
   -3.28986e-01    -9.10592e-01

   -3.65901e-01    -9.14211e-01
   -3.65901e-01    -9.14211e-01

   -3.28986e-01    -9.10592e-01
   -3.28986e-01    -9.10592e-01

   -3.28986e-01    -9.10592e-01
   -3.28986e-01    -9.10592e-01

   -3.65901e-01    -9.14211e-01
   -3.79124e-01    -9.17371e-01

   -3.65901e-01    -9.14211e-01
   -3.65901e-01    -9.14211e-01

   -3.94821e-01    -9.21122e-01
   -3.94821e-01    -9.21122e-01

   -3.94821e-01    -9.21122e-01
   -3.94821e-01    -9.21122e-01

   -3.94821e-01    -9.21122e-01
   -3.79124e-01    -9.17371e-01

   -3.28986e-01    -9.10592e-01
   -3.28986e-01    -9.10592e-01

   -3.28986e-01    -9.10592e-01
   -3.28986e-01    -9.10592e-01

   -2.92475e-01    -9.13807e-01
   -3.28986e-01    -9.10592e-01

   -2.92475e-01    -9.13807e-01
   -3.28986e-01    -9.10592e-01

   -9.14211e-01    -3.65901e-01
   -9.17371e-01    -3.79124e-01

   -9.14211e-01    -3.65901e-01
   -9.14211e-01    -3.65901e-01

   -9.21122e-01    -3.94821e-01
   -9.21122e-01    -3.94821e-01

   -9.21122e-01    -3.94821e-01
   -9.21122e-01    -3.94821e-01

   -9.21122e-01    -3.94821e-01
   -9.17371e-01    -3.79124e-01

   -9.14211e-01    -3.65901e-01
   -9.10592e-01    -3.28986e-01

   -9.10592e-01    -3.28986e-01
   -9.14211e-01    -3.65901e-01

   -9.10592e-01    -3.28986e-01
   -9.10592e-01    -3.28986e-01

   -9.10592e-01    -3.28986e-01
   -9.10592e-01    -3.28986e-01

   -9.10592e-01    -3.28986e-01
   -9.10592e-01    -3.28986e-01

   -9.10592e-01    -3.28986e-01
   -9.10592e-01    -3.28986e-01

   -9.13807e-01    -2.92475e-01
   -9.10592e-01    -3.28986e-01

   -9.10592e-01    -3.28986e-01
   -9.13807e-01    -2.92475e-01

    9.54910e-01    -5.21187e-02
    9.53242e-01    -7.59468e-02

    9.54910e-01    -5.21187e-02
    9.56421e-01    -3.05369e-02

    9.63183e-01     0.00000e+00
    9.56421e-01    -3.05369e-02

    9.63183e-01     0.00000e+00
    9.63183e-01     0.00000e+00

    9.63183e-01     0.00000e+00
    9.63183e-01     0.00000e+00

    9.63183e-01     0.00000e+00
    9.56421e-01     3.05369e-02

    0.00000e+00     9.63183e-01
   -3.05369e-02     9.56421e-01

    0.00000e+00     9.63183e-01
    0.00000e+00     9.63183e-01

   -5.21187e-02     9.54910e-01
   -7.59468e-02     9.53242e-01

   -5.21187e-02     9.54910e-01
   -3.05369e-02     9.56421e-01

    0.00000e+00     9.63183e-01
    0.00000e+00     9.63183e-01

    0.00000e+00     9.63183e-01
    3.05369e-02     9.56421e-01

   -2.19324e-01    -9.33564e-01
   -2.19324e-01    -9.33564e-01

   -2.19324e-01    -9.33564e-01
   -2.62076e-01    -9.20047e-01

   -2.19324e-01    -9.33564e-01
   -2.19324e-01    -9.33564e-01

   -2.19324e-01    -9.33564e-01
   -2.19324e-01    -9.33564e-01

   -2.78472e-01    -9.16681e-01
   -2.92475e-01    -9.13807e-01

   -2.92475e-01    -9.13807e-01
   -2.78472e-01    -9.16681e-01

   -2.78472e-01    -9.16681e-01
   -2.78472e-01    -9.16681e-01

   -2.78472e-01    -9.16681e-01
   -2.78472e-01    -9.16681e-01

   -2.62076e-01    -9.20047e-01
   -2.62076e-01    -9.20047e-01

   -2.78472e-01    -9.16681e-01
   -2.62076e-01    -9.20047e-01

   -2.19324e-01    -9.33564e-01
   -2.19324e-01    -9.33564e-01

   -2.19324e-01    -9.33564e-01
   -2.19324e-01    -9.33564e-01

   -1.63344e-01    -9.37206e-01
   -1.68507e-01    -9.36140e-01

   -1.63344e-01    -9.37206e-01
   -1.68507e-01    -9.36140e-01

   -1.68507e-01    -9.36140e-01
   -1.68507e-01    -9.36140e-01

   -1.58393e-01    -9.38227e-01
   -1.63344e-01    -9.37206e-01

   -1.63344e-01    -9.37206e-01
   -1.63344e-01    -9.37206e-01

   -1.58393e-01    -9.38227e-01
   -1.63344e-01    -9.37206e-01

   -1.68507e-01    -9.36140e-01
   -2.19324e-01    -9.33564e-01

   -1.68507e-01    -9.36140e-01
   -2.19324e-01    -9.33564e-01

   -9.13807e-01    -2.92475e-01
   -9.16681e-01    -2.78472e-01

   -9.13807e-01    -2.92475e-01
   -9.16681e-01    -2.78472e-01

   -9.16681e-01    -2.78472e-01
   -9.16681e-01    -2.78472e-01

   -9.16681e-01    -2.78472e-01
   -9.16681e-01    -2.78472e-01

   -9.20047e-01    -2.62076e-01
   -9.20047e-01    -2.62076e-01

   -9.16681e-01    -2.78472e-01
   -9.20047e-01    -2.62076e-01

   -9.33564e-01    -2.19324e-01
   -9.33564e-01    -2.19324e-01

   -9.33564e-01    -2.19324e-01
   -9.20047e-01    -2.62076e-01

   -9.33564e-01    -2.19324e-01
   -9.33564e-01    -2.19324e-01

   -9.33564e-01    -2.19324e-01
   -9.33564e-01    -2.19324e-01

   -9.33564e-01    -2.19324e-01
   -9.33564e-01    -2.19324e-01

   -9.33564e-01    -2.19324e-01
   -9.33564e-01    -2.19324e-01

   -9.36140e-01    -1.68507e-01
   -9.33564e-01    -2.19324e-01

   -9.33564e-01    -2.19324e-01
   -9.36140e-01    -1.68507e-01

   -9.36140e-01    -1.68507e-01
   -9.37206e-01    -1.63344e-01

   -9.37206e-01    -1.63344e-01
   -9.36140e-01    -1.68507e-01

   -9.36140e-01    -1.68507e-01
   -9.36140e-01    -1.68507e-01

   -9.38227e-01    -1.58393e-01
   -9.37206e-01    -1.63344e-01

   -9.37206e-01    -1.63344e-01
   -9.37206e-01    -1.63344e-01

   -9.37206e-01    -1.63344e-01
   -9.38227e-01    -1.58393e-01

    9.54910e-01     5.21188e-02
    9.53243e-01     7.59469e-02

    9.54910e-01     5.21188e-02
    9.56421e-01     3.05369e-02

    9.53243e-01     7.59469e-02
    9.55879e-01     1.09662e-01

    9.55879e-01     1.09662e-01
    9.55879e-01     1.09662e-01

    9.38227e-01     1.58393e-01
    9.55879e-01     1.09662e-01

    7.59468e-02     9.53242e-01
    1.09662e-01     9.55879e-01

    5.21187e-02     9.54910e-01
    7.59468e-02     9.53242e-01

    5.21187e-02     9.54910e-01
    3.05369e-02     9.56421e-01

    1.09662e-01     9.55879e-01
    1.09662e-01     9.55879e-01

    1.58393e-01     9.38227e-01
    1.09662e-01     9.55879e-01

   -1.09662e-01    -9.66831e-01
   -1.28061e-01    -9.68558e-01

   -1.09662e-01    -9.66831e-01
   -1.09662e-01    -9.66831e-01

   -2.43050e-02    -9.62653e-01
   -5.84255e-02    -9.64246e-01

   -8.83476e-02    -9.65643e-01
   -5.84255e-02    -9.64246e-01

   -1.09662e-01    -9.66831e-01
   -8.83476e-02    -9.65643e-01

   -9.66831e-01    -1.09662e-01
   -9.68558e-01    -1.28061e-01

   -9.66831e-01    -1.09662e-01
   -9.66831e-01    -1.09662e-01

   -9.66831e-01    -1.09662e-01
   -9.65643e-01    -8.83476e-02

   -9.62653e-01    -2.43050e-02
   -9.64246e-01    -5.84255e-02

   -9.65643e-01    -8.83476e-02
   -9.64246e-01    -5.84255e-02

    9.73819e-01     1.80171e-01
    9.68558e-01     1.28061e-01

    9.73819e-01     1.80171e-01
    9.76741e-01     2.09107e-01

    9.76236e-01     2.19324e-01
    9.76741e-01     2.09107e-01

    9.76236e-01     2.19324e-01
    9.76236e-01     2.19324e-01

    9.76236e-01     2.19324e-01
    9.76236e-01     2.19324e-01

    9.76236e-01     2.19324e-01
    9.77473e-01     2.28809e-01

    2.19324e-01     9.76236e-01
    2.09107e-01     9.76741e-01

    2.19324e-01     9.76236e-01
    2.19324e-01     9.76236e-01

    1.80171e-01     9.73819e-01
    1.28061e-01     9.68558e-01

    1.80171e-01     9.73819e-01
    2.09107e-01     9.76741e-01

    2.19324e-01     9.76236e-01
    2.19324e-01     9.76236e-01

    2.19324e-01     9.76236e-01
    2.28809e-01     9.77473e-01

    0.00000e+00    -9.63183e-01
   -2.43050e-02    -9.62653e-01

    0.00000e+00    -9.63183e-01
    0.00000e+00    -9.63183e-01

    0.00000e+00    -9.63183e-01
    0.00000e+00    -9.63183e-01

    2.43050e-02    -9.62653e-01
    5.84255e-02    -9.64246e-01

    8.83476e-02    -9.65643e-01
    5.84255e-02    -9.64246e-01

    0.00000e+00    -9.63183e-01
    2.43050e-02    -9.62653e-01

   -9.63183e-01     0.00000e+00
   -9.62653e-01    -2.43050e-02

   -9.63183e-01     0.00000e+00
   -9.63183e-01     0.00000e+00

   -9.63183e-01     0.00000e+00
   -9.63183e-01     0.00000e+00

   -9.63183e-01     0.00000e+00
   -9.62653e-01     2.43050e-02

   -9.62653e-01     2.43050e-02
   -9.64246e-01     5.84255e-02

   -9.65643e-01     8.83476e-02
   -9.64246e-01     5.84255e-02

    9.86958e-01     3.21330e-01
    9.77473e-01     2.28809e-01

    9.86958e-01     3.21330e-01
    9.86958e-01     3.21330e-01

    9.86958e-01     3.21330e-01
    9.86958e-01     3.21330e-01

    9.86958e-01     3.21330e-01
    9.86958e-01     3.21330e-01

    9.86958e-01     3.21330e-01
    9.86958e-01     3.21330e-01

    9.86958e-01     3.21330e-01
    9.88258e-01     3.27686e-01

    3.21330e-01     9.86958e-01
    2.28809e-01     9.77473e-01

    3.21330e-01     9.86958e-01
    3.21330e-01     9.86958e-01

    3.21330e-01     9.86958e-01
    3.21330e-01     9.86958e-01

    3.21330e-01     9.86958e-01
    3.21330e-01     9.86958e-01

    3.21330e-01     9.86958e-01
    3.21330e-01     9.86958e-01

    3.21330e-01     9.86958e-01
    3.27686e-01     9.88258e-01

    1.09662e-01    -9.66831e-01
    8.83476e-02    -9.65643e-01

    1.09662e-01    -9.66831e-01
    1.09662e-01    -9.66831e-01

    1.28061e-01    -9.68558e-01
    1.80171e-01    -9.73819e-01

    2.09107e-01    -9.76741e-01
    1.80171e-01    -9.73819e-01

    1.09662e-01    -9.66831e-01
    1.28061e-01    -9.68558e-01

   -9.66831e-01     1.09662e-01
   -9.65643e-01     8.83476e-02

   -9.66831e-01     1.09662e-01
   -9.66831e-01     1.09662e-01

   -9.66831e-01     1.09662e-01
   -9.66831e-01     1.09662e-01

   -9.66831e-01     1.09662e-01
   -9.68558e-01     1.28061e-01

   -9.68558e-01     1.28061e-01
   -9.73819e-01     1.80171e-01

   -9.76741e-01     2.09107e-01
   -9.73819e-01     1.80171e-01

    9.89473e-01     3.28986e-01
    9.88258e-01     3.27686e-01

    9.89473e-01     3.28986e-01
    9.89473e-01     3.28986e-01

    9.89473e-01     3.28986e-01
    9.89473e-01     3.28986e-01

    9.89473e-01     3.28986e-01
    9.89748e-01     3.31776e-01

    9.91678e-01     3.45882e-01
    9.89748e-01     3.31776e-01

    9.91678e-01     3.45882e-01
    1.00228e+00     4.23329e-01

    3.28986e-01     9.89473e-01
    3.27686e-01     9.88258e-01

    3.28986e-01     9.89473e-01
    3.28986e-01     9.89473e-01

    3.28986e-01     9.89473e-01
    3.28986e-01     9.89473e-01

    3.45882e-01     9.91678e-01
    3.31776e-01     9.89748e-01

    3.45882e-01     9.91678e-01
    4.23329e-01     1.00228e+00

    3.28986e-01     9.89473e-01
    3.31776e-01     9.89748e-01

    3.28986e-01    -9.89473e-01
    3.27686e-01    -9.88258e-01

    3.28986e-01    -9.89473e-01
    3.28986e-01    -9.89473e-01

    3.21330e-01    -9.86958e-01
    3.27686e-01    -9.88258e-01

    3.21330e-01    -9.86958e-01
    3.21330e-01    -9.86958e-01

    3.21330e-01    -9.86958e-01
    3.21329e-01    -9.86958e-01

    3.28986e-01    -9.89473e-01
    3.31776e-01    -9.89748e-01

    2.19324e-01    -9.76236e-01
    2.09107e-01    -9.76741e-01

    2.19324e-01    -9.76236e-01
    2.19324e-01    -9.76236e-01

    3.21329e-01    -9.86958e-01
    2.28809e-01    -9.77473e-01

    2.19324e-01    -9.76236e-01
    2.28809e-01    -9.77473e-01

   -9.76236e-01     2.19324e-01
   -9.76741e-01     2.09107e-01

   -9.76236e-01     2.19324e-01
   -9.76236e-01     2.19324e-01

   -9.86958e-01     3.21330e-01
   -9.88258e-01     3.27686e-01

   -9.86958e-01     3.21330e-01
   -9.86958e-01     3.21330e-01

   -9.86958e-01     3.21330e-01
   -9.86958e-01     3.21330e-01

   -9.89473e-01     3.28986e-01
   -9.88258e-01     3.27686e-01

   -9.89473e-01     3.28986e-01
   -9.89473e-01     3.28986e-01

   -9.76236e-01     2.19324e-01
   -9.77473e-01     2.28809e-01

   -9.86958e-01     3.21330e-01
   -9.77473e-01     2.28809e-01

   -9.89473e-01     3.28986e-01
   -9.89748e-01     3.31776e-01

    1.01352e+00     4.38648e-01
    1.00228e+00     4.23329e-01

    1.01352e+00     4.38648e-01
    1.01352e+00     4.38648e-01

    1.01352e+00     4.38648e-01
    1.01352e+00     4.38648e-01

    1.01352e+00     4.38648e-01
    1.01610e+00     4.67793e-01

    1.00761e+00     5.09463e-01
    1.00295e+00     5.32322e-01

    1.00761e+00     5.09463e-01
    1.01610e+00     4.67793e-01

    4.38648e-01     1.01352e+00
    4.23329e-01     1.00228e+00

    4.38648e-01     1.01352e+00
    4.38648e-01     1.01352e+00

    4.38648e-01     1.01352e+00
    4.38648e-01     1.01352e+00

    5.09463e-01     1.00761e+00
    5.32322e-01     1.00295e+00

    5.09463e-01     1.00761e+00
    4.67793e-01     1.01610e+00

    4.38648e-01     1.01352e+00
    4.67793e-01     1.01610e+00

    4.38648e-01    -1.01352e+00
    4.23329e-01    -1.00228e+00

    4.38648e-01    -1.01352e+00
    4.38648e-01    -1.01352e+00

    3.45883e-01    -9.91678e-01
    3.31776e-01    -9.89748e-01

    3.45883e-01    -9.91678e-01
    4.23329e-01    -1.00228e+00

    4.38648e-01    -1.01352e+00
    4.67793e-01    -1.01610e+00

   -9.91678e-01     3.45883e-01
   -9.89748e-01     3.31776e-01

   -9.91678e-01     3.45883e-01
   -1.00228e+00     4.23329e-01

   -1.01352e+00     4.38648e-01
   -1.00228e+00     4.23329e-01

   -1.01352e+00     4.38648e-01
   -1.01352e+00     4.38648e-01

   -1.01352e+00     4.38648e-01
   -1.01610e+00     4.67793e-01

    1.00285e+00     5.48310e-01
    1.00295e+00     5.32322e-01

    1.00285e+00     5.48310e-01
    1.00285e+00     5.48310e-01

    9.86958e-01     5.66044e-01
    9.75390e-01     6.46404e-01

    9.86958e-01     5.66044e-01
    9.86958e-01     5.66044e-01

    9.76793e-01     6.57972e-01
    9.75390e-01     6.46404e-01

    9.76793e-01     6.57972e-01
    9.76793e-01     6.57972e-01

    9.76793e-01     6.57972e-01
    9.76793e-01     6.57972e-01

    1.00285e+00     5.48310e-01
    1.00285e+00     5.48310e-01

    9.86958e-01     5.66044e-01
    9.86958e-01     5.66044e-01

    1.00285e+00     5.48310e-01
    1.00295e+00     5.64298e-01

    9.86958e-01     5.66044e-01
    1.00295e+00     5.64298e-01

    9.76793e-01     6.57972e-01
    9.76793e-01     6.57972e-01

    9.76793e-01     6.57972e-01
    9.76793e-01     6.57972e-01

    9.76793e-01     6.57972e-01
    9.72108e-01     6.72821e-01

    9.72108e-01     6.72821e-01
    9.76793e-01     6.57972e-01

    6.57972e-01     9.76793e-01
    6.46404e-01     9.75390e-01

    6.57972e-01     9.76793e-01
    6.57972e-01     9.76793e-01

    6.57972e-01     9.76793e-01
    6.57972e-01     9.76793e-01

    5.66044e-01     9.86958e-01
    6.46404e-01     9.75390e-01

    5.66044e-01     9.86958e-01
    5.66044e-01     9.86958e-01

    6.57972e-01     9.76793e-01
    6.57972e-01     9.76793e-01

    6.57972e-01     9.76793e-01
    6.57972e-01     9.76793e-01

    6.57972e-01     9.76793e-01
    6.72821e-01     9.72108e-01

    6.57972e-01     9.76793e-01
    6.72821e-01     9.72108e-01

    5.48310e-01     1.00285e+00
    5.32322e-01     1.00295e+00

    5.48310e-01     1.00285e+00
    5.48310e-01     1.00285e+00

    5.66044e-01     9.86958e-01
    5.66044e-01     9.86958e-01

    5.48310e-01     1.00285e+00
    5.48310e-01     1.00285e+00

    5.66044e-01     9.86958e-01
    5.64298e-01     1.00295e+00

    5.48310e-01     1.00285e+00
    5.64298e-01     1.00295e+00

    5.48310e-01    -1.00285e+00
    5.32322e-01    -1.00295e+00

    5.48310e-01    -1.00285e+00
    5.48310e-01    -1.00285e+00

    5.09463e-01    -1.00761e+00
    5.32322e-01    -1.00295e+00

    5.09463e-01    -1.00761e+00
    4.67793e-01    -1.01610e+00

    5.48310e-01    -1.00285e+00
    5.48310e-01    -1.00285e+00

    5.48310e-01    -1.00285e+00
    5.64298e-01    -1.00295e+00

   -1.00761e+00     5.09463e-01
   -1.00295e+00     5.32322e-01

   -1.00761e+00     5.09463e-01
   -1.01610e+00     4.67793e-01

   -1.00285e+00     5.48310e-01
   -1.00295e+00     5.32322e-01

   -1.00285e+00     5.48310e-01
   -1.00285e+00     5.48310e-01

   -1.00285e+00     5.48310e-01
   -1.00295e+00     5.64298e-01

    5.66044e-01    -9.86958e-01
    5.64298e-01    -1.00295e+00

    5.66044e-01    -9.86958e-01
    5.66044e-01    -9.86958e-01

    5.66044e-01    -9.86958e-01
    6.46404e-01    -9.75390e-01

   -9.86958e-01     5.66044e-01
   -1.00295e+00     5.64298e-01

   -9.86958e-01     5.66044e-01
   -9.86958e-01     5.66044e-01

   -9.86958e-01     5.66044e-01
   -9.75390e-01     6.46404e-01

    6.57972e-01    -9.76793e-01
    6.46404e-01    -9.75390e-01

    6.57972e-01    -9.76793e-01
    6.57972e-01    -9.76793e-01

    6.57972e-01    -9.76793e-01
    6.57972e-01    -9.76793e-01

    6.66025e-01    -9.74252e-01
    6.72821e-01    -9.72108e-01

    6.57972e-01    -9.76793e-01
    6.66025e-01    -9.74252e-01

   -9.76793e-01     6.57972e-01
   -9.75390e-01     6.46404e-01

   -9.76793e-01     6.57972e-01
   -9.76793e-01     6.57972e-01

   -9.76793e-01     6.57972e-01
   -9.76793e-01     6.57972e-01

   -9.72109e-01     6.72821e-01
   -9.76793e-01     6.57972e-01

    9.76793e-01    -6.57972e-01
    9.72109e-01    -6.72821e-01

    9.76793e-01    -6.57972e-01
    9.76793e-01    -6.57972e-01

    9.76793e-01    -6.57972e-01
    9.76793e-01    -6.57972e-01

    9.75390e-01    -6.46404e-01
    9.76793e-01    -6.57972e-01

   -6.66025e-01     9.74252e-01
   -6.57972e-01     9.76793e-01

   -6.72821e-01     9.72108e-01
   -6.66025e-01     9.74252e-01

   -6.57972e-01     9.76793e-01
   -6.57972e-01     9.76793e-01

   -6.57972e-01     9.76793e-01
   -6.57972e-01     9.76793e-01

   -6.46404e-01     9.75390e-01
   -6.57972e-01     9.76793e-01

    9.75390e-01    -6.46404e-01
    9.86958e-01    -5.66044e-01

    9.86958e-01    -5.66044e-01
    9.86958e-01    -5.66044e-01

    1.00295e+00    -5.64298e-01
    9.86958e-01    -5.66044e-01

   -6.46404e-01     9.75390e-01
   -5.66044e-01     9.86958e-01

   -5.66044e-01     9.86958e-01
   -5.66044e-01     9.86958e-01

   -5.64298e-01     1.00295e+00
   -5.66044e-01     9.86958e-01

    1.00295e+00    -5.64298e-01
    1.00285e+00    -5.48310e-01

    1.00285e+00    -5.48310e-01
    1.00285e+00    -5.48310e-01

    1.00295e+00    -5.32322e-01
    1.00285e+00    -5.48310e-01

    1.00761e+00    -5.09463e-01
    1.00295e+00    -5.32322e-01

    1.00761e+00    -5.09463e-01
    1.01610e+00    -4.67793e-01

   -5.48310e-01     1.00285e+00
   -5.64298e-01     1.00295e+00

   -5.48310e-01     1.00285e+00
   -5.48310e-01     1.00285e+00

   -5.48310e-01     1.00285e+00
   -5.48310e-01     1.00285e+00

   -5.09463e-01     1.00761e+00
   -5.32322e-01     1.00295e+00

   -5.09463e-01     1.00761e+00
   -4.67793e-01     1.01610e+00

   -5.48310e-01     1.00285e+00
   -5.32322e-01     1.00295e+00

   -5.64298e-01    -1.00295e+00
   -5.48310e-01    -1.00285e+00

   -5.48310e-01    -1.00285e+00
   -5.64298e-01    -1.00295e+00

   -5.48310e-01    -1.00285e+00
   -5.48310e-01    -1.00285e+00

   -5.64298e-01    -1.00295e+00
   -5.66044e-01    -9.86958e-01

   -5.64298e-01    -1.00295e+00
   -5.66044e-01    -9.86958e-01

   -5.66044e-01    -9.86958e-01
   -5.66044e-01    -9.86958e-01

   -5.48310e-01    -1.00285e+00
   -5.48310e-01    -1.00285e+00

   -5.48310e-01    -1.00285e+00
   -5.32322e-01    -1.00295e+00

   -5.32322e-01    -1.00295e+00
   -5.48310e-01    -1.00285e+00

   -6.72821e-01    -9.72108e-01
   -6.57972e-01    -9.76793e-01

   -6.57972e-01    -9.76793e-01
   -6.72821e-01    -9.72108e-01

   -6.57972e-01    -9.76793e-01
   -6.57972e-01    -9.76793e-01

   -6.57972e-01    -9.76793e-01
   -6.57972e-01    -9.76793e-01

   -5.66044e-01    -9.86958e-01
   -5.66044e-01    -9.86958e-01

   -6.57972e-01    -9.76793e-01
   -6.57972e-01    -9.76793e-01

   -6.57972e-01    -9.76793e-01
   -6.57972e-01    -9.76793e-01

   -6.46404e-01    -9.75390e-01
   -5.66044e-01    -9.86958e-01

   -5.66044e-01    -9.86958e-01
   -6.46404e-01    -9.75390e-01

   -6.46404e-01    -9.75390e-01
   -6.57972e-01    -9.76793e-01

   -6.57972e-01    -9.76793e-01
   -6.46404e-01    -9.75390e-01

   -9.72108e-01    -6.72821e-01
   -9.76793e-01    -6.57972e-01

   -9.72108e-01    -6.72821e-01
   -9.76793e-01    -6.57972e-01

   -9.76793e-01    -6.57972e-01
   -9.76793e-01    -6.57972e-01

   -9.76793e-01    -6.57972e-01
   -9.76793e-01    -6.57972e-01

   -1.00295e+00    -5.64298e-01
   -9.86958e-01    -5.66044e-01

   -9.86958e-01    -5.66044e-01
   -1.00295e+00    -5.64298e-01

   -9.86958e-01    -5.66044e-01
   -9.86958e-01    -5.66044e-01

   -1.00295e+00    -5.64298e-01
   -1.00285e+00    -5.48310e-01

   -1.00295e+00    -5.64298e-01
   -1.00285e+00    -5.48310e-01

   -1.00285e+00    -5.48310e-01
   -1.00285e+00    -5.48310e-01

   -9.76793e-01    -6.57972e-01
   -9.76793e-01    -6.57972e-01

   -9.76793e-01    -6.57972e-01
   -9.76793e-01    -6.57972e-01

   -9.86958e-01    -5.66044e-01
   -9.86958e-01    -5.66044e-01

   -9.76793e-01    -6.57972e-01
   -9.75390e-01    -6.46404e-01

   -9.75390e-01    -6.46404e-01
   -9.76793e-01    -6.57972e-01

   -9.75390e-01    -6.46404e-01
   -9.86958e-01    -5.66044e-01

   -9.75390e-01    -6.46404e-01
   -9.86958e-01    -5.66044e-01

   -1.00285e+00    -5.48310e-01
   -1.00285e+00    -5.48310e-01

   -1.00285e+00    -5.48310e-01
   -1.00295e+00    -5.32322e-01

   -1.00285e+00    -5.48310e-01
   -1.00295e+00    -5.32322e-01

    1.01610e+00    -4.67793e-01
    1.01352e+00    -4.38648e-01

    1.01352e+00    -4.38648e-01
    1.01352e+00    -4.38648e-01

    1.00228e+00    -4.23329e-01
    1.01352e+00    -4.38648e-01

    9.91678e-01    -3.45882e-01
    9.89748e-01    -3.31776e-01

    9.91678e-01    -3.45882e-01
    1.00228e+00    -4.23329e-01

   -4.67793e-01     1.01610e+00
   -4.38648e-01     1.01352e+00

   -4.38648e-01     1.01352e+00
   -4.38648e-01     1.01352e+00

   -3.45882e-01     9.91678e-01
   -3.31776e-01     9.89748e-01

   -3.45882e-01     9.91678e-01
   -4.23329e-01     1.00228e+00

   -4.23329e-01     1.00228e+00
   -4.38648e-01     1.01352e+00

   -4.38648e-01    -1.01352e+00
   -4.67793e-01    -1.01610e+00

   -4.67793e-01    -1.01610e+00
   -4.67793e-01    -1.01610e+00

   -4.67793e-01    -1.01610e+00
   -4.38648e-01    -1.01352e+00

   -4.67793e-01    -1.01610e+00
   -4.67793e-01    -1.01610e+00

   -4.38648e-01    -1.01352e+00
   -4.38648e-01    -1.01352e+00

   -5.09463e-01    -1.00761e+00
   -5.32322e-01    -1.00295e+00

   -5.32322e-01    -1.00295e+00
   -5.09463e-01    -1.00761e+00

   -5.09463e-01    -1.00761e+00
   -5.09463e-01    -1.00761e+00

   -4.67793e-01    -1.01610e+00
   -5.09463e-01    -1.00761e+00

   -4.67793e-01    -1.01610e+00
   -4.67793e-01    -1.01610e+00

   -4.67793e-01    -1.01610e+00
   -5.09463e-01    -1.00761e+00

   -4.38648e-01    -1.01352e+00
   -4.38648e-01    -1.01352e+00

   -4.23329e-01    -1.00228e+00
   -4.38648e-01    -1.01352e+00

   -4.38648e-01    -1.01352e+00
   -4.23329e-01    -1.00228e+00

   -1.00295e+00    -5.32322e-01
   -1.00761e+00    -5.09463e-01

   -1.00295e+00    -5.32322e-01
   -1.00761e+00    -5.09463e-01

   -1.00761e+00    -5.09463e-01
   -1.00761e+00    -5.09463e-01

   -1.00761e+00    -5.09463e-01
   -1.01610e+00    -4.67793e-01

   -1.01610e+00    -4.67793e-01
   -1.01610e+00    -4.67793e-01

   -1.00761e+00    -5.09463e-01
   -1.01610e+00    -4.67793e-01

   -1.01610e+00    -4.67793e-01
   -1.01352e+00    -4.38648e-01

   -1.01610e+00    -4.67793e-01
   -1.01610e+00    -4.67793e-01

   -1.01352e+00    -4.38648e-01
   -1.01610e+00    -4.67793e-01

   -1.01610e+00    -4.67793e-01
   -1.01610e+00    -4.67793e-01

   -1.01352e+00    -4.38648e-01
   -1.01352e+00    -4.38648e-01

   -1.01352e+00    -4.38648e-01
   -1.01352e+00    -4.38648e-01

   -1.01352e+00    -4.38648e-01
   -1.00228e+00    -4.23329e-01

   -1.00228e+00    -4.23329e-01
   -1.01352e+00    -4.38648e-01

    9.89748e-01    -3.31776e-01
    9.89473e-01    -3.28986e-01

    9.77473e-01    -2.28809e-01
    9.86958e-01    -3.21330e-01

    9.77473e-01    -2.28809e-01
    9.76236e-01    -2.19324e-01

    9.89473e-01    -3.28986e-01
    9.89473e-01    -3.28986e-01

    9.86958e-01    -3.21330e-01
    9.86958e-01    -3.21330e-01

    9.86958e-01    -3.21330e-01
    9.86958e-01    -3.21330e-01

    9.88258e-01    -3.27686e-01
    9.89473e-01    -3.28986e-01

    9.88258e-01    -3.27686e-01
    9.86958e-01    -3.21330e-01

    9.76236e-01    -2.19324e-01
    9.76236e-01    -2.19324e-01

    9.76741e-01    -2.09107e-01
    9.76236e-01    -2.19324e-01

   -2.28809e-01     9.77473e-01
   -2.19324e-01     9.76236e-01

   -2.28809e-01     9.77473e-01
   -3.21329e-01     9.86958e-01

   -2.19324e-01     9.76236e-01
   -2.19324e-01     9.76236e-01

   -2.09107e-01     9.76741e-01
   -2.19324e-01     9.76236e-01

   -3.31776e-01     9.89748e-01
   -3.28986e-01     9.89473e-01

   -3.21330e-01     9.86958e-01
   -3.21330e-01     9.86958e-01

   -3.21329e-01     9.86958e-01
   -3.21330e-01     9.86958e-01

   -3.28986e-01     9.89473e-01
   -3.28986e-01     9.89473e-01

   -3.27686e-01     9.88258e-01
   -3.21330e-01     9.86958e-01

   -3.27686e-01     9.88258e-01
   -3.28986e-01     9.89473e-01

   -3.31776e-01    -9.89748e-01
   -3.28986e-01    -9.89473e-01

   -3.28986e-01    -9.89473e-01
   -3.31776e-01    -9.89748e-01

   -3.28986e-01    -9.89473e-01
   -3.28986e-01    -9.89473e-01

   -3.45883e-01    -9.91678e-01
   -3.31776e-01    -9.89748e-01

   -3.31776e-01    -9.89748e-01
   -3.45883e-01    -9.91678e-01

   -3.45883e-01    -9.91678e-01
   -3.45883e-01    -9.91678e-01

   -4.23329e-01    -1.00228e+00
   -3.45883e-01    -9.91678e-01

   -4.23329e-01    -1.00228e+00
   -4.23329e-01    -1.00228e+00

   -3.45883e-01    -9.91678e-01
   -4.23329e-01    -1.00228e+00

   -3.28986e-01    -9.89473e-01
   -3.28986e-01    -9.89473e-01

   -3.27686e-01    -9.88258e-01
   -3.28986e-01    -9.89473e-01

   -3.28986e-01    -9.89473e-01
   -3.27686e-01    -9.88258e-01

   -9.89748e-01    -3.31776e-01
   -9.91678e-01    -3.45883e-01

   -9.91678e-01    -3.45883e-01
   -9.89748e-01    -3.31776e-01

   -9.91678e-01    -3.45883e-01
   -9.91678e-01    -3.45883e-01

   -1.00228e+00    -4.23329e-01
   -9.91678e-01    -3.45883e-01

   -1.00228e+00    -4.23329e-01
   -1.00228e+00    -4.23329e-01

   -1.00228e+00    -4.23329e-01
   -9.91678e-01    -3.45883e-01

   -9.89748e-01    -3.31776e-01
   -9.89473e-01    -3.28986e-01

   -9.89748e-01    -3.31776e-01
   -9.89473e-01    -3.28986e-01

   -9.89473e-01    -3.28986e-01
   -9.89473e-01    -3.28986e-01

   -9.89473e-01    -3.28986e-01
   -9.89473e-01    -3.28986e-01

   -9.89473e-01    -3.28986e-01
   -9.88258e-01    -3.27686e-01

   -9.88258e-01    -3.27686e-01
   -9.89473e-01    -3.28986e-01

    9.73819e-01    -1.80171e-01
    9.68558e-01    -1.28061e-01

    9.73819e-01    -1.80171e-01
    9.76741e-01    -2.09107e-01

    9.66831e-01    -1.09662e-01
    9.68558e-01    -1.28061e-01

    9.66831e-01    -1.09662e-01
    9.66831e-01    -1.09662e-01

    9.66831e-01    -1.09662e-01
    9.66831e-01    -1.09662e-01

    9.66831e-01    -1.09662e-01
    9.65643e-01    -8.83476e-02

   -1.28061e-01     9.68558e-01
   -1.09662e-01     9.66831e-01

   -1.80171e-01     9.73819e-01
   -1.28061e-01     9.68558e-01

   -1.80171e-01     9.73819e-01
   -2.09107e-01     9.76741e-01

   -1.09662e-01     9.66831e-01
   -1.09662e-01     9.66831e-01

   -8.83476e-02     9.65643e-01
   -1.09662e-01     9.66831e-01

   -3.27686e-01    -9.88258e-01
   -3.21330e-01    -9.86958e-01

   -3.21330e-01    -9.86958e-01
   -3.27686e-01    -9.88258e-01

   -3.21330e-01    -9.86958e-01
   -3.21330e-01    -9.86958e-01

   -3.21330e-01    -9.86958e-01
   -3.21330e-01    -9.86958e-01

   -3.21330e-01    -9.86958e-01
   -3.21330e-01    -9.86958e-01

   -3.21330e-01    -9.86958e-01
   -3.21330e-01    -9.86958e-01

   -2.28809e-01    -9.77473e-01
   -3.21330e-01    -9.86958e-01

   -3.21330e-01    -9.86958e-01
   -2.28809e-01    -9.77473e-01

   -9.88258e-01    -3.27686e-01
   -9.86958e-01    -3.21330e-01

   -9.88258e-01    -3.27686e-01
   -9.86958e-01    -3.21330e-01

   -9.86958e-01    -3.21330e-01
   -9.86958e-01    -3.21330e-01

   -9.86958e-01    -3.21330e-01
   -9.86958e-01    -3.21330e-01

   -9.86958e-01    -3.21330e-01
   -9.86958e-01    -3.21330e-01

   -9.86958e-01    -3.21330e-01
   -9.86958e-01    -3.21330e-01

   -9.86958e-01    -3.21330e-01
   -9.77473e-01    -2.28809e-01

   -9.77473e-01    -2.28809e-01
   -9.86958e-01    -3.21330e-01

    9.64246e-01    -5.84255e-02
    9.62653e-01    -2.43050e-02

    9.64246e-01    -5.84255e-02
    9.65643e-01    -8.83476e-02

    9.63183e-01     0.00000e+00
    9.62653e-01    -2.43050e-02

    9.63183e-01     0.00000e+00
    9.63183e-01     0.00000e+00

    9.63183e-01     0.00000e+00
    9.63183e-01     0.00000e+00

    9.63183e-01     0.00000e+00
    9.62653e-01     2.43050e-02

    0.00000e+00     9.63183e-01
   -2.43050e-02     9.62653e-01

    0.00000e+00     9.63183e-01
    0.00000e+00     9.63183e-01

   -5.84255e-02     9.64246e-01
   -2.43050e-02     9.62653e-01

   -5.84255e-02     9.64246e-01
   -8.83476e-02     9.65643e-01

    0.00000e+00     9.63183e-01
    0.00000e+00     9.63183e-01

    0.00000e+00     9.63183e-01
    2.43050e-02     9.62653e-01

   -2.28809e-01    -9.77473e-01
   -2.19324e-01    -9.76236e-01

   -2.19324e-01    -9.76236e-01
   -2.28809e-01    -9.77473e-01

   -2.19324e-01    -9.76236e-01
   -2.19324e-01    -9.76236e-01

   -2.19324e-01    -9.76236e-01
   -2.19324e-01    -9.76236e-01

   -1.80171e-01    -9.73819e-01
   -1.28061e-01    -9.68558e-01

   -1.80171e-01    -9.73819e-01
   -1.28061e-01    -9.68558e-01

   -1.28061e-01    -9.68558e-01
   -1.28061e-01    -9.68558e-01

   -2.09107e-01    -9.76741e-01
   -1.80171e-01    -9.73819e-01

   -1.80171e-01    -9.73819e-01
   -1.80171e-01    -9.73819e-01

   -1.80171e-01    -9.73819e-01
   -2.09107e-01    -9.76741e-01

   -2.09107e-01    -9.76741e-01
   -2.19324e-01    -9.76236e-01

   -2.09107e-01    -9.76741e-01
   -2.19324e-01    -9.76236e-01

   -9.77473e-01    -2.28809e-01
   -9.76236e-01    -2.19324e-01

   -9.77473e-01    -2.28809e-01
   -9.76236e-01    -2.19324e-01

   -9.76236e-01    -2.19324e-01
   -9.76236e-01    -2.19324e-01

   -9.76236e-01    -2.19324e-01
   -9.76236e-01    -2.19324e-01

   -9.76741e-01    -2.09107e-01
   -9.76236e-01    -2.19324e-01

   -9.76236e-01    -2.19324e-01
   -9.76741e-01    -2.09107e-01

   -9.68558e-01    -1.28061e-01
   -9.73819e-01    -1.80171e-01

   -9.76741e-01    -2.09107e-01
   -9.76741e-01    -2.09107e-01

   -9.73820e-01    -1.80172e-01
   -9.73819e-01    -1.80171e-01

   -9.76741e-01    -2.09107e-01
   -9.73820e-01    -1.80172e-01

    9.64246e-01     5.84255e-02
    9.62653e-01     2.43050e-02

    9.64246e-01     5.84255e-02
    9.65643e-01     8.83476e-02

    9.65643e-01     8.83476e-02
    9.66831e-01     1.09662e-01

    9.66831e-01     1.09662e-01
    9.66831e-01     1.09662e-01

    9.68558e-01     1.28061e-01
    9.66831e-01     1.09662e-01

    8.83476e-02     9.65643e-01
    1.09662e-01     9.66831e-01

    5.84255e-02     9.64246e-01
    2.43050e-02     9.62653e-01

    5.84255e-02     9.64246e-01
    8.83476e-02     9.65643e-01

    1.09662e-01     9.66831e-01
    1.09662e-01     9.66831e-01

    1.28061e-01     9.68558e-01
    1.09662e-01     9.66831e-01

