   -2.46568e-01    -8.50051e-01
   -2.19324e-01    -8.47439e-01

   -2.19324e-01    -8.47439e-01
   -2.19324e-01    -8.47439e-01

   -1.56948e-01    -8.30009e-01
   -1.66384e-01    -8.31640e-01

   -1.75190e-01    -8.33162e-01
   -1.66384e-01    -8.31640e-01

   -1.75190e-01    -8.33162e-01
   -2.19324e-01    -8.47439e-01

   -8.50051e-01    -2.46568e-01
   -8.47439e-01    -2.19324e-01

   -8.47439e-01    -2.19324e-01
   -8.47439e-01    -2.19324e-01

   -8.33162e-01    -1.75190e-01
   -8.47439e-01    -2.19324e-01

   -8.30009e-01    -1.56948e-01
   -8.31640e-01    -1.66384e-01

   -8.33162e-01    -1.75190e-01
   -8.31640e-01    -1.66384e-01

    8.55216e-01     2.84549e-01
    8.50051e-01     2.46568e-01

    8.55216e-01     2.84549e-01
    8.58735e-01     3.10425e-01

    8.60717e-01     3.28986e-01
    8.58735e-01     3.10425e-01

    8.60717e-01     3.28986e-01
    8.60717e-01     3.28986e-01

    8.60717e-01     3.28986e-01
    8.60717e-01     3.28986e-01

    8.60717e-01     3.28986e-01
    8.36193e-01     3.70089e-01

    3.28986e-01     8.60717e-01
    3.10425e-01     8.58735e-01

    3.28986e-01     8.60717e-01
    3.28986e-01     8.60717e-01

    2.84549e-01     8.55216e-01
    2.46568e-01     8.50051e-01

    2.84549e-01     8.55216e-01
    3.10425e-01     8.58735e-01

    3.28986e-01     8.60717e-01
    3.28986e-01     8.60717e-01

    3.28986e-01     8.60717e-01
    3.70089e-01     8.36193e-01

   -1.56948e-01    -8.30009e-01
   -1.09662e-01    -8.23946e-01

   -1.09662e-01    -8.23946e-01
   -1.09662e-01    -8.23946e-01

   -1.09662e-01    -8.23946e-01
   -1.09662e-01    -8.23946e-01

   -6.34186e-02    -8.13877e-01
   -1.09662e-01    -8.23946e-01

   -8.23946e-01    -1.09662e-01
   -8.30009e-01    -1.56948e-01

   -8.23946e-01    -1.09662e-01
   -8.23946e-01    -1.09662e-01

   -8.23946e-01    -1.09662e-01
   -8.23946e-01    -1.09662e-01

   -8.23946e-01    -1.09662e-01
   -8.23946e-01    -1.09662e-01

   -8.23946e-01    -1.09662e-01
   -8.23946e-01    -1.09662e-01

   -8.23946e-01    -1.09662e-01
   -8.13877e-01    -6.34186e-02

    8.32389e-01     3.78742e-01
    8.27809e-01     3.89161e-01

    8.32389e-01     3.78742e-01
    8.36193e-01     3.70089e-01

    8.14210e-01     4.38648e-01
    8.27809e-01     3.89161e-01

    8.14210e-01     4.38648e-01
    8.14210e-01     4.38648e-01

    8.14210e-01     4.38648e-01
    8.14210e-01     4.38648e-01

    7.67634e-01     5.10277e-01
    7.48140e-01     5.28816e-01

    7.67634e-01     5.10277e-01
    7.67634e-01     5.10277e-01

    7.40927e-01     5.48310e-01
    7.48140e-01     5.28816e-01

    7.40927e-01     5.48310e-01
    7.40927e-01     5.48310e-01

    8.14210e-01     4.38648e-01
    8.14210e-01     4.38648e-01

    8.14210e-01     4.38648e-01
    8.14210e-01     4.38648e-01

    7.67634e-01     5.10277e-01
    7.67634e-01     5.10277e-01

    8.14210e-01     4.38648e-01
    7.95843e-01     4.66857e-01

    7.67634e-01     5.10277e-01
    7.95843e-01     4.66857e-01

    6.57972e-01     6.44104e-01
    6.48973e-01     6.48973e-01

    6.57972e-01     6.44104e-01
    6.57972e-01     6.44104e-01

    6.44104e-01     6.57972e-01
    6.48973e-01     6.48973e-01

    6.44104e-01     6.57972e-01
    6.44104e-01     6.57972e-01

    7.40927e-01     5.48310e-01
    7.40927e-01     5.48310e-01

    6.57972e-01     6.44104e-01
    6.57972e-01     6.44104e-01

    7.40927e-01     5.48310e-01
    6.98978e-01     5.89316e-01

    6.57972e-01     6.44104e-01
    6.98978e-01     5.89316e-01

    5.48310e-01     7.40927e-01
    5.28816e-01     7.48140e-01

    5.48310e-01     7.40927e-01
    5.48310e-01     7.40927e-01

    5.10277e-01     7.67634e-01
    5.28816e-01     7.48140e-01

    5.10277e-01     7.67634e-01
    5.10277e-01     7.67634e-01

    6.44104e-01     6.57972e-01
    6.44104e-01     6.57972e-01

    5.48310e-01     7.40927e-01
    5.48310e-01     7.40927e-01

    6.44104e-01     6.57972e-01
    5.89316e-01     6.98978e-01

    5.48310e-01     7.40927e-01
    5.89316e-01     6.98978e-01

    4.38648e-01     8.14210e-01
    3.89161e-01     8.27809e-01

    4.38648e-01     8.14210e-01
    4.38648e-01     8.14210e-01

    4.38648e-01     8.14210e-01
    4.38648e-01     8.14210e-01

    3.78742e-01     8.32389e-01
    3.89161e-01     8.27809e-01

    3.78742e-01     8.32389e-01
    3.70089e-01     8.36193e-01

    5.10277e-01     7.67634e-01
    5.10277e-01     7.67634e-01

    4.38648e-01     8.14210e-01
    4.38648e-01     8.14210e-01

    4.38648e-01     8.14210e-01
    4.38648e-01     8.14210e-01

    5.10277e-01     7.67634e-01
    4.66857e-01     7.95843e-01

    4.38648e-01     8.14210e-01
    4.66857e-01     7.95843e-01

    0.00000e+00    -8.13704e-01
   -4.41284e-02    -8.11762e-01

    0.00000e+00    -8.13704e-01
    0.00000e+00    -8.13704e-01

   -5.35477e-02    -8.12795e-01
   -4.41284e-02    -8.11762e-01

   -5.35477e-02    -8.12795e-01
   -6.34186e-02    -8.13877e-01

    0.00000e+00    -8.13704e-01
    0.00000e+00    -8.13704e-01

    0.00000e+00    -8.13704e-01
    4.41284e-02    -8.11762e-01

   -8.12795e-01    -5.35477e-02
   -8.11762e-01    -4.41284e-02

   -8.12795e-01    -5.35477e-02
   -8.13877e-01    -6.34186e-02

   -8.13704e-01     0.00000e+00
   -8.11762e-01    -4.41284e-02

   -8.13704e-01     0.00000e+00
   -8.13704e-01     0.00000e+00

   -8.13704e-01     0.00000e+00
   -8.13704e-01     0.00000e+00

   -8.13704e-01     0.00000e+00
   -8.11762e-01     4.41284e-02

    1.09662e-01    -8.23946e-01
    6.34186e-02    -8.13877e-01

    1.09662e-01    -8.23946e-01
    1.09662e-01    -8.23946e-01

    1.09662e-01    -8.23946e-01
    1.09662e-01    -8.23946e-01

    5.35477e-02    -8.12795e-01
    4.41284e-02    -8.11762e-01

    5.35477e-02    -8.12795e-01
    6.34186e-02    -8.13877e-01

    1.56948e-01    -8.30009e-01
    1.66384e-01    -8.31640e-01

    1.75190e-01    -8.33162e-01
    1.66384e-01    -8.31640e-01

    1.09662e-01    -8.23946e-01
    1.56948e-01    -8.30009e-01

   -8.12795e-01     5.35477e-02
   -8.11762e-01     4.41284e-02

   -8.12795e-01     5.35477e-02
   -8.13877e-01     6.34186e-02

   -8.23946e-01     1.09662e-01
   -8.13877e-01     6.34186e-02

   -8.23946e-01     1.09662e-01
   -8.23946e-01     1.09662e-01

   -8.23946e-01     1.09662e-01
   -8.23946e-01     1.09662e-01

   -8.23946e-01     1.09662e-01
   -8.23946e-01     1.09662e-01

   -8.23946e-01     1.09662e-01
   -8.23946e-01     1.09662e-01

   -8.23946e-01     1.09662e-01
   -8.30009e-01     1.56948e-01

   -8.30009e-01     1.56948e-01
   -8.31640e-01     1.66384e-01

   -8.33162e-01     1.75190e-01
   -8.31640e-01     1.66384e-01

    2.19324e-01    -8.47439e-01
    1.75190e-01    -8.33162e-01

    2.19324e-01    -8.47439e-01
    2.19324e-01    -8.47439e-01

    2.46568e-01    -8.50051e-01
    2.84549e-01    -8.55216e-01

    3.10425e-01    -8.58735e-01
    2.84549e-01    -8.55216e-01

    2.19324e-01    -8.47439e-01
    2.46568e-01    -8.50051e-01

   -8.47439e-01     2.19324e-01
   -8.33162e-01     1.75190e-01

   -8.47439e-01     2.19324e-01
   -8.47439e-01     2.19324e-01

   -8.47439e-01     2.19324e-01
   -8.50051e-01     2.46568e-01

   -8.50051e-01     2.46568e-01
   -8.55216e-01     2.84549e-01

   -8.58735e-01     3.10425e-01
   -8.55216e-01     2.84549e-01

    3.28986e-01    -8.60717e-01
    3.10425e-01    -8.58735e-01

    3.28986e-01    -8.60717e-01
    3.28986e-01    -8.60717e-01

    3.89161e-01    -8.27809e-01
    3.78742e-01    -8.32389e-01

    3.70089e-01    -8.36193e-01
    3.78742e-01    -8.32389e-01

    3.28986e-01    -8.60717e-01
    3.70089e-01    -8.36193e-01

   -8.60717e-01     3.28986e-01
   -8.58735e-01     3.10425e-01

   -8.60717e-01     3.28986e-01
   -8.60717e-01     3.28986e-01

   -8.60717e-01     3.28986e-01
   -8.36193e-01     3.70089e-01

   -8.27809e-01     3.89161e-01
   -8.32389e-01     3.78742e-01

   -8.36193e-01     3.70089e-01
   -8.32389e-01     3.78742e-01

    4.38648e-01    -8.14210e-01
    3.89161e-01    -8.27809e-01

    4.38648e-01    -8.14210e-01
    4.38648e-01    -8.14210e-01

    4.38648e-01    -8.14210e-01
    4.38648e-01    -8.14210e-01

    4.38648e-01    -8.14210e-01
    4.38648e-01    -8.14210e-01

    4.38648e-01    -8.14210e-01
    4.38648e-01    -8.14210e-01

    4.38648e-01    -8.14210e-01
    4.66857e-01    -7.95843e-01

   -8.14210e-01     4.38648e-01
   -8.27809e-01     3.89161e-01

   -8.14210e-01     4.38648e-01
   -8.14210e-01     4.38648e-01

   -8.14210e-01     4.38648e-01
   -8.14210e-01     4.38648e-01

   -8.14210e-01     4.38648e-01
   -8.14210e-01     4.38648e-01

   -8.14210e-01     4.38648e-01
   -8.14210e-01     4.38648e-01

   -8.14210e-01     4.38648e-01
   -7.95843e-01     4.66857e-01

    5.10277e-01    -7.67634e-01
    4.66857e-01    -7.95843e-01

    5.10277e-01    -7.67634e-01
    5.10277e-01    -7.67634e-01

    5.10277e-01    -7.67634e-01
    5.10277e-01    -7.67634e-01

    5.10277e-01    -7.67634e-01
    5.28816e-01    -7.48140e-01

   -7.67634e-01     5.10277e-01
   -7.95843e-01     4.66857e-01

   -7.67634e-01     5.10277e-01
   -7.67634e-01     5.10277e-01

   -7.67634e-01     5.10277e-01
   -7.67634e-01     5.10277e-01

   -7.67634e-01     5.10277e-01
   -7.48140e-01     5.28816e-01

    5.28816e-01    -7.48140e-01
    5.48310e-01    -7.40927e-01

    5.48310e-01    -7.40927e-01
    5.48310e-01    -7.40927e-01

    5.89316e-01    -6.98978e-01
    5.48310e-01    -7.40927e-01

   -7.48140e-01     5.28816e-01
   -7.40927e-01     5.48310e-01

   -7.40927e-01     5.48310e-01
   -7.40927e-01     5.48310e-01

   -6.98978e-01     5.89316e-01
   -7.40927e-01     5.48310e-01

    5.89316e-01    -6.98978e-01
    6.44104e-01    -6.57972e-01

    6.44104e-01    -6.57972e-01
    6.44104e-01    -6.57972e-01

    6.48973e-01    -6.48973e-01
    6.44104e-01    -6.57972e-01

   -6.98978e-01     5.89316e-01
   -6.57972e-01     6.44104e-01

   -6.57972e-01     6.44104e-01
   -6.57972e-01     6.44104e-01

   -6.48973e-01     6.48973e-01
   -6.57972e-01     6.44104e-01

    6.57972e-01    -6.44104e-01
    6.48973e-01    -6.48973e-01

    6.57972e-01    -6.44104e-01
    6.57972e-01    -6.44104e-01

    6.57972e-01    -6.44104e-01
    6.98978e-01    -5.89316e-01

   -6.44104e-01     6.57972e-01
   -6.48973e-01     6.48973e-01

   -6.44104e-01     6.57972e-01
   -6.44104e-01     6.57972e-01

   -6.44104e-01     6.57972e-01
   -5.89316e-01     6.98978e-01

    7.40927e-01    -5.48310e-01
    6.98978e-01    -5.89316e-01

    7.40927e-01    -5.48310e-01
    7.40927e-01    -5.48310e-01

    7.40927e-01    -5.48310e-01
    7.48140e-01    -5.28816e-01

   -5.48310e-01     7.40927e-01
   -5.89316e-01     6.98978e-01

   -5.48310e-01     7.40927e-01
   -5.48310e-01     7.40927e-01

   -5.48310e-01     7.40927e-01
   -5.28816e-01     7.48140e-01

    7.67634e-01    -5.10277e-01
    7.48140e-01    -5.28816e-01

    7.67634e-01    -5.10277e-01
    7.67634e-01    -5.10277e-01

    7.67634e-01    -5.10277e-01
    7.67634e-01    -5.10277e-01

    7.67634e-01    -5.10277e-01
    7.95843e-01    -4.66857e-01

   -5.10277e-01     7.67634e-01
   -5.28816e-01     7.48140e-01

   -5.10277e-01     7.67634e-01
   -5.10277e-01     7.67634e-01

   -5.10277e-01     7.67634e-01
   -5.10277e-01     7.67634e-01

   -5.10277e-01     7.67634e-01
   -4.66857e-01     7.95843e-01

    8.14210e-01    -4.38648e-01
    7.95843e-01    -4.66857e-01

    8.14210e-01    -4.38648e-01
    8.14210e-01    -4.38648e-01

    8.14210e-01    -4.38648e-01
    8.14210e-01    -4.38648e-01

    8.14210e-01    -4.38648e-01
    8.14210e-01    -4.38648e-01

    8.14210e-01    -4.38648e-01
    8.14210e-01    -4.38648e-01

    8.14210e-01    -4.38648e-01
    8.27809e-01    -3.89161e-01

   -4.38648e-01     8.14210e-01
   -4.66857e-01     7.95843e-01

   -4.38648e-01     8.14210e-01
   -4.38648e-01     8.14210e-01

   -4.38648e-01     8.14210e-01
   -4.38648e-01     8.14210e-01

   -4.38648e-01     8.14210e-01
   -4.38648e-01     8.14210e-01

   -4.38648e-01     8.14210e-01
   -4.38648e-01     8.14210e-01

   -4.38648e-01     8.14210e-01
   -3.89161e-01     8.27809e-01

    8.32389e-01    -3.78742e-01
    8.27809e-01    -3.89161e-01

    8.32389e-01    -3.78742e-01
    8.36193e-01    -3.70089e-01

    8.36193e-01    -3.70089e-01
    8.60717e-01    -3.28986e-01

    8.60717e-01    -3.28986e-01
    8.60717e-01    -3.28986e-01

    8.58735e-01    -3.10425e-01
    8.60717e-01    -3.28986e-01

   -3.70089e-01     8.36193e-01
   -3.28986e-01     8.60717e-01

   -3.78742e-01     8.32389e-01
   -3.89161e-01     8.27809e-01

   -3.78742e-01     8.32389e-01
   -3.70089e-01     8.36193e-01

   -3.28986e-01     8.60717e-01
   -3.28986e-01     8.60717e-01

   -3.10425e-01     8.58735e-01
   -3.28986e-01     8.60717e-01

    8.55216e-01    -2.84549e-01
    8.50051e-01    -2.46568e-01

    8.55216e-01    -2.84549e-01
    8.58735e-01    -3.10425e-01

    8.50051e-01    -2.46568e-01
    8.47439e-01    -2.19324e-01

    8.47439e-01    -2.19324e-01
    8.47439e-01    -2.19324e-01

    8.33162e-01    -1.75190e-01
    8.47439e-01    -2.19324e-01

   -2.46568e-01     8.50051e-01
   -2.19324e-01     8.47439e-01

   -2.84549e-01     8.55216e-01
   -2.46568e-01     8.50051e-01

   -2.84549e-01     8.55216e-01
   -3.10425e-01     8.58735e-01

   -2.19324e-01     8.47439e-01
   -2.19324e-01     8.47439e-01

   -1.75190e-01     8.33162e-01
   -2.19324e-01     8.47439e-01

    8.31640e-01    -1.66384e-01
    8.30009e-01    -1.56948e-01

    8.31640e-01    -1.66384e-01
    8.33162e-01    -1.75190e-01

    8.23946e-01    -1.09662e-01
    8.30009e-01    -1.56948e-01

    8.23946e-01    -1.09662e-01
    8.23946e-01    -1.09662e-01

    8.23946e-01    -1.09662e-01
    8.23946e-01    -1.09662e-01

    8.23946e-01    -1.09662e-01
    8.23946e-01    -1.09662e-01

    8.23946e-01    -1.09662e-01
    8.23946e-01    -1.09662e-01

    8.23946e-01    -1.09662e-01
    8.13877e-01    -6.34186e-02

    8.12795e-01    -5.35477e-02
    8.11762e-01    -4.41284e-02

    8.12795e-01    -5.35477e-02
    8.13877e-01    -6.34186e-02

   -1.56948e-01     8.30009e-01
   -1.09662e-01     8.23946e-01

   -1.66384e-01     8.31640e-01
   -1.56948e-01     8.30009e-01

   -1.66384e-01     8.31640e-01
   -1.75190e-01     8.33162e-01

   -1.09662e-01     8.23946e-01
   -1.09662e-01     8.23946e-01

   -1.09662e-01     8.23946e-01
   -1.09662e-01     8.23946e-01

   -5.35477e-02     8.12795e-01
   -4.41284e-02     8.11762e-01

   -5.35477e-02     8.12795e-01
   -6.34186e-02     8.13877e-01

   -6.34186e-02     8.13877e-01
   -1.09662e-01     8.23946e-01

    8.13704e-01     0.00000e+00
    8.11762e-01    -4.41284e-02

    8.13704e-01     0.00000e+00
    8.13704e-01     0.00000e+00

    8.13704e-01     0.00000e+00
    8.13704e-01     0.00000e+00

    8.13704e-01     0.00000e+00
    8.11762e-01     4.41284e-02

    8.12795e-01     5.35477e-02
    8.11762e-01     4.41284e-02

    8.12795e-01     5.35477e-02
    8.13877e-01     6.34186e-02

    0.00000e+00     8.13704e-01
   -4.41284e-02     8.11762e-01

    0.00000e+00     8.13704e-01
    0.00000e+00     8.13704e-01

    0.00000e+00     8.13704e-01
    0.00000e+00     8.13704e-01

    5.35477e-02     8.12795e-01
    4.41284e-02     8.11762e-01

    5.35477e-02     8.12795e-01
    6.34186e-02     8.13877e-01

    0.00000e+00     8.13704e-01
    4.41284e-02     8.11762e-01

   -4.66857e-01    -7.95843e-01
   -4.38648e-01    -8.14210e-01

   -4.38648e-01    -8.14210e-01
   -4.66857e-01    -7.95843e-01

   -4.38648e-01    -8.14210e-01
   -4.38648e-01    -8.14210e-01

   -4.38648e-01    -8.14210e-01
   -4.38648e-01    -8.14210e-01

   -5.10277e-01    -7.67634e-01
   -4.66857e-01    -7.95843e-01

   -4.66857e-01    -7.95843e-01
   -5.10277e-01    -7.67634e-01

   -5.10277e-01    -7.67634e-01
   -5.10277e-01    -7.67634e-01

   -4.38648e-01    -8.14210e-01
   -4.38648e-01    -8.14210e-01

   -4.38648e-01    -8.14210e-01
   -4.38648e-01    -8.14210e-01

   -3.78742e-01    -8.32389e-01
   -3.89161e-01    -8.27809e-01

   -3.89161e-01    -8.27809e-01
   -3.78742e-01    -8.32389e-01

   -3.89161e-01    -8.27809e-01
   -3.89161e-01    -8.27809e-01

   -3.78742e-01    -8.32389e-01
   -3.70089e-01    -8.36193e-01

   -3.78742e-01    -8.32389e-01
   -3.78742e-01    -8.32389e-01

   -3.70089e-01    -8.36193e-01
   -3.78742e-01    -8.32389e-01

   -4.38648e-01    -8.14210e-01
   -3.89161e-01    -8.27809e-01

   -3.89161e-01    -8.27809e-01
   -4.38648e-01    -8.14210e-01

   -5.48310e-01    -7.40927e-01
   -5.89316e-01    -6.98978e-01

   -5.48310e-01    -7.40927e-01
   -5.89316e-01    -6.98978e-01

   -5.48310e-01    -7.40927e-01
   -5.48310e-01    -7.40927e-01

   -6.44104e-01    -6.57972e-01
   -5.89316e-01    -6.98978e-01

   -5.89316e-01    -6.98978e-01
   -6.44104e-01    -6.57972e-01

   -6.44104e-01    -6.57972e-01
   -6.44104e-01    -6.57972e-01

   -5.10277e-01    -7.67634e-01
   -5.10277e-01    -7.67634e-01

   -5.48310e-01    -7.40927e-01
   -5.48310e-01    -7.40927e-01

   -5.10277e-01    -7.67634e-01
   -5.28816e-01    -7.48140e-01

   -5.10277e-01    -7.67634e-01
   -5.28816e-01    -7.48140e-01

   -5.48310e-01    -7.40927e-01
   -5.28816e-01    -7.48140e-01

   -5.28816e-01    -7.48140e-01
   -5.48310e-01    -7.40927e-01

   -6.57972e-01    -6.44104e-01
   -6.98978e-01    -5.89316e-01

   -6.57972e-01    -6.44104e-01
   -6.98978e-01    -5.89316e-01

   -6.57972e-01    -6.44104e-01
   -6.57972e-01    -6.44104e-01

   -7.40927e-01    -5.48310e-01
   -6.98978e-01    -5.89316e-01

   -6.98978e-01    -5.89316e-01
   -7.40927e-01    -5.48310e-01

   -7.40927e-01    -5.48310e-01
   -7.40927e-01    -5.48310e-01

   -6.44104e-01    -6.57972e-01
   -6.44104e-01    -6.57972e-01

   -6.57972e-01    -6.44104e-01
   -6.57972e-01    -6.44104e-01

   -6.44104e-01    -6.57972e-01
   -6.48973e-01    -6.48973e-01

   -6.44104e-01    -6.57972e-01
   -6.48973e-01    -6.48973e-01

   -6.57972e-01    -6.44104e-01
   -6.48973e-01    -6.48973e-01

   -6.48973e-01    -6.48973e-01
   -6.57972e-01    -6.44104e-01

   -7.67634e-01    -5.10277e-01
   -7.95843e-01    -4.66857e-01

   -7.67634e-01    -5.10277e-01
   -7.95843e-01    -4.66857e-01

   -7.67634e-01    -5.10277e-01
   -7.67634e-01    -5.10277e-01

   -7.95843e-01    -4.66857e-01
   -8.14210e-01    -4.38648e-01

   -7.95843e-01    -4.66857e-01
   -8.14210e-01    -4.38648e-01

   -8.14210e-01    -4.38648e-01
   -8.14210e-01    -4.38648e-01

   -8.14210e-01    -4.38648e-01
   -8.14210e-01    -4.38648e-01

   -7.40927e-01    -5.48310e-01
   -7.40927e-01    -5.48310e-01

   -7.67634e-01    -5.10277e-01
   -7.67634e-01    -5.10277e-01

   -7.40927e-01    -5.48310e-01
   -7.48140e-01    -5.28816e-01

   -7.40927e-01    -5.48310e-01
   -7.48140e-01    -5.28816e-01

   -7.67634e-01    -5.10277e-01
   -7.48140e-01    -5.28816e-01

   -7.48140e-01    -5.28816e-01
   -7.67634e-01    -5.10277e-01

   -8.14210e-01    -4.38648e-01
   -8.14210e-01    -4.38648e-01

   -8.14210e-01    -4.38648e-01
   -8.14210e-01    -4.38648e-01

   -8.14210e-01    -4.38648e-01
   -8.27809e-01    -3.89161e-01

   -8.14210e-01    -4.38648e-01
   -8.27809e-01    -3.89161e-01

   -8.27809e-01    -3.89161e-01
   -8.32389e-01    -3.78742e-01

   -8.27809e-01    -3.89161e-01
   -8.32389e-01    -3.78742e-01

   -8.27809e-01    -3.89161e-01
   -8.27809e-01    -3.89161e-01

   -8.32389e-01    -3.78742e-01
   -8.36193e-01    -3.70089e-01

   -8.32389e-01    -3.78742e-01
   -8.32389e-01    -3.78742e-01

   -8.32389e-01    -3.78742e-01
   -8.36193e-01    -3.70089e-01

    8.23946e-01     1.09662e-01
    8.13877e-01     6.34186e-02

    8.23946e-01     1.09662e-01
    8.23946e-01     1.09662e-01

    8.23946e-01     1.09662e-01
    8.23946e-01     1.09662e-01

    8.23946e-01     1.09662e-01
    8.23946e-01     1.09662e-01

    8.23946e-01     1.09662e-01
    8.23946e-01     1.09662e-01

    8.23946e-01     1.09662e-01
    8.30009e-01     1.56948e-01

    1.09662e-01     8.23946e-01
    6.34186e-02     8.13877e-01

    1.09662e-01     8.23946e-01
    1.09662e-01     8.23946e-01

    1.09662e-01     8.23946e-01
    1.09662e-01     8.23946e-01

    1.09662e-01     8.23946e-01
    1.56948e-01     8.30009e-01

   -3.70089e-01    -8.36193e-01
   -3.28986e-01    -8.60717e-01

   -3.28986e-01    -8.60717e-01
   -3.70089e-01    -8.36193e-01

   -3.28986e-01    -8.60717e-01
   -3.28986e-01    -8.60717e-01

   -3.28986e-01    -8.60717e-01
   -3.28986e-01    -8.60717e-01

   -2.84549e-01    -8.55216e-01
   -2.46568e-01    -8.50051e-01

   -2.84549e-01    -8.55216e-01
   -2.84549e-01    -8.55216e-01

   -2.84549e-01    -8.55216e-01
   -2.46568e-01    -8.50051e-01

   -2.46568e-01    -8.50051e-01
   -2.46568e-01    -8.50051e-01

   -2.84549e-01    -8.55216e-01
   -2.84549e-01    -8.55216e-01

   -2.84549e-01    -8.55216e-01
   -2.84549e-01    -8.55216e-01

   -2.84549e-01    -8.55216e-01
   -2.84549e-01    -8.55216e-01

   -3.10425e-01    -8.58735e-01
   -3.10425e-01    -8.58735e-01

   -2.84549e-01    -8.55216e-01
   -3.10425e-01    -8.58735e-01

   -3.28986e-01    -8.60717e-01
   -3.28986e-01    -8.60717e-01

   -3.28986e-01    -8.60717e-01
   -3.10425e-01    -8.58735e-01

   -8.36193e-01    -3.70089e-01
   -8.60717e-01    -3.28986e-01

   -8.36193e-01    -3.70089e-01
   -8.60717e-01    -3.28986e-01

   -8.60717e-01    -3.28986e-01
   -8.60717e-01    -3.28986e-01

   -8.60717e-01    -3.28986e-01
   -8.60717e-01    -3.28986e-01

   -8.60717e-01    -3.28986e-01
   -8.60717e-01    -3.28986e-01

   -8.60717e-01    -3.28986e-01
   -8.58735e-01    -3.10425e-01

   -8.50051e-01    -2.46568e-01
   -8.55216e-01    -2.84549e-01

   -8.55216e-01    -2.84549e-01
   -8.55216e-01    -2.84549e-01

   -8.55216e-01    -2.84549e-01
   -8.50051e-01    -2.46568e-01

   -8.50051e-01    -2.46568e-01
   -8.50051e-01    -2.46568e-01

   -8.55216e-01    -2.84549e-01
   -8.55216e-01    -2.84549e-01

   -8.55216e-01    -2.84549e-01
   -8.55216e-01    -2.84549e-01

   -8.55216e-01    -2.84549e-01
   -8.55216e-01    -2.84549e-01

   -8.58735e-01    -3.10425e-01
   -8.58735e-01    -3.10425e-01

   -8.55216e-01    -2.84549e-01
   -8.58735e-01    -3.10425e-01

    8.31640e-01     1.66384e-01
    8.30009e-01     1.56948e-01

    8.31640e-01     1.66384e-01
    8.33162e-01     1.75190e-01

    8.47439e-01     2.19324e-01
    8.33162e-01     1.75190e-01

    8.47439e-01     2.19324e-01
    8.47439e-01     2.19324e-01

    8.47439e-01     2.19324e-01
    8.50051e-01     2.46568e-01

    2.19324e-01     8.47439e-01
    1.75190e-01     8.33162e-01

    2.19324e-01     8.47439e-01
    2.19324e-01     8.47439e-01

    1.66384e-01     8.31640e-01
    1.56948e-01     8.30009e-01

    1.66384e-01     8.31640e-01
    1.75190e-01     8.33162e-01

    2.19324e-01     8.47439e-01
    2.46568e-01     8.50051e-01

   -1.09662e-01    -9.40781e-01
   -1.56260e-01    -9.23894e-01

   -1.09662e-01    -9.40781e-01
   -1.09662e-01    -9.40781e-01

   -1.09662e-01    -9.40781e-01
   -1.09662e-01    -9.40781e-01

   -1.67435e-01    -9.21393e-01
   -1.77472e-01    -9.19147e-01

   -1.67435e-01    -9.21393e-01
   -1.56260e-01    -9.23894e-01

   -5.97812e-02    -9.37077e-01
   -5.44006e-02    -9.37468e-01

   -4.91038e-02    -9.37854e-01
   -5.44006e-02    -9.37468e-01

   -1.09662e-01    -9.40781e-01
   -5.97812e-02    -9.37077e-01

   -9.21393e-01    -1.67435e-01
   -9.19147e-01    -1.77472e-01

   -9.21393e-01    -1.67435e-01
   -9.23894e-01    -1.56260e-01

   -9.40781e-01    -1.09662e-01
   -9.23894e-01    -1.56260e-01

   -9.40781e-01    -1.09662e-01
   -9.40781e-01    -1.09662e-01

   -9.40781e-01    -1.09662e-01
   -9.40781e-01    -1.09662e-01

   -9.40781e-01    -1.09662e-01
   -9.37077e-01    -5.97812e-02

   -9.37077e-01    -5.97812e-02
   -9.37468e-01    -5.44006e-02

   -9.37854e-01    -4.91038e-02
   -9.37468e-01    -5.44006e-02

    9.16358e-01     2.19324e-01
    9.19147e-01     1.77472e-01

    9.16358e-01     2.19324e-01
    9.16358e-01     2.19324e-01

    9.16358e-01     2.19324e-01
    9.16358e-01     2.19324e-01

    9.16358e-01     2.19324e-01
    9.06534e-01     2.48563e-01

    8.94067e-01     2.97536e-01
    8.89053e-01     3.17228e-01

    8.94067e-01     2.97536e-01
    9.06534e-01     2.48563e-01

    2.19324e-01     9.16358e-01
    1.77472e-01     9.19147e-01

    2.19324e-01     9.16358e-01
    2.19324e-01     9.16358e-01

    2.19324e-01     9.16358e-01
    2.19324e-01     9.16358e-01

    2.97536e-01     8.94067e-01
    3.17228e-01     8.89053e-01

    2.97536e-01     8.94067e-01
    2.48562e-01     9.06534e-01

    2.19324e-01     9.16358e-01
    2.48562e-01     9.06534e-01

    0.00000e+00    -9.48743e-01
   -4.91038e-02    -9.37854e-01

    0.00000e+00    -9.48743e-01
    0.00000e+00    -9.48743e-01

    0.00000e+00    -9.48743e-01
    0.00000e+00    -9.48743e-01

    5.97812e-02    -9.37077e-01
    5.44006e-02    -9.37468e-01

    4.91038e-02    -9.37854e-01
    5.44006e-02    -9.37468e-01

    0.00000e+00    -9.48743e-01
    4.91038e-02    -9.37854e-01

   -9.48743e-01     0.00000e+00
   -9.37854e-01    -4.91038e-02

   -9.48743e-01     0.00000e+00
   -9.48743e-01     0.00000e+00

   -9.48743e-01     0.00000e+00
   -9.48743e-01     0.00000e+00

   -9.48743e-01     0.00000e+00
   -9.37854e-01     4.91037e-02

   -9.37077e-01     5.97812e-02
   -9.37468e-01     5.44006e-02

   -9.37854e-01     4.91037e-02
   -9.37468e-01     5.44006e-02

    8.87256e-01     3.28986e-01
    8.89053e-01     3.17228e-01

    8.87256e-01     3.28986e-01
    8.87256e-01     3.28986e-01

    8.87256e-01     3.28986e-01
    8.87256e-01     3.28986e-01

    8.87256e-01     3.28986e-01
    8.88096e-01     3.39787e-01

    8.92843e-01     3.59723e-01
    8.88096e-01     3.39787e-01

    8.92843e-01     3.59723e-01
    9.05030e-01     4.10914e-01

    3.28986e-01     8.87256e-01
    3.17228e-01     8.89053e-01

    3.28986e-01     8.87256e-01
    3.28986e-01     8.87256e-01

    3.28986e-01     8.87256e-01
    3.28986e-01     8.87256e-01

    3.59723e-01     8.92843e-01
    3.39787e-01     8.88096e-01

    3.59723e-01     8.92843e-01
    4.10914e-01     9.05030e-01

    3.28986e-01     8.87256e-01
    3.39787e-01     8.88096e-01

    1.09662e-01    -9.40781e-01
    5.97812e-02    -9.37077e-01

    1.09662e-01    -9.40781e-01
    1.09662e-01    -9.40781e-01

    1.09662e-01    -9.40781e-01
    1.09662e-01    -9.40781e-01

    1.09662e-01    -9.40781e-01
    1.56260e-01    -9.23894e-01

   -9.40781e-01     1.09662e-01
   -9.37077e-01     5.97812e-02

   -9.40781e-01     1.09662e-01
   -9.40781e-01     1.09662e-01

   -9.40781e-01     1.09662e-01
   -9.40781e-01     1.09662e-01

   -9.40781e-01     1.09662e-01
   -9.40781e-01     1.09662e-01

   -9.40781e-01     1.09662e-01
   -9.40781e-01     1.09662e-01

   -9.40781e-01     1.09662e-01
   -9.23894e-01     1.56260e-01

    9.10148e-01     4.38648e-01
    9.05030e-01     4.10914e-01

    9.10148e-01     4.38648e-01
    9.10148e-01     4.38648e-01

    9.10148e-01     4.38648e-01
    9.10148e-01     4.38648e-01

    9.10148e-01     4.38648e-01
    9.11937e-01     4.73289e-01

    9.08405e-01     4.99070e-01
    9.05526e-01     5.20079e-01

    9.08405e-01     4.99070e-01
    9.11937e-01     4.73289e-01

    4.38648e-01     9.10148e-01
    4.10914e-01     9.05030e-01

    4.38648e-01     9.10148e-01
    4.38648e-01     9.10148e-01

    4.38648e-01     9.10148e-01
    4.38648e-01     9.10148e-01

    4.99070e-01     9.08405e-01
    5.20079e-01     9.05526e-01

    4.99070e-01     9.08405e-01
    4.73289e-01     9.11937e-01

    4.38648e-01     9.10148e-01
    4.73289e-01     9.11937e-01

    2.19324e-01    -9.16358e-01
    1.77472e-01    -9.19147e-01

    2.19324e-01    -9.16358e-01
    2.19324e-01    -9.16358e-01

    1.67435e-01    -9.21393e-01
    1.77472e-01    -9.19147e-01

    1.67435e-01    -9.21393e-01
    1.56260e-01    -9.23894e-01

    2.19324e-01    -9.16358e-01
    2.48563e-01    -9.06534e-01

   -9.21393e-01     1.67435e-01
   -9.19147e-01     1.77472e-01

   -9.21393e-01     1.67435e-01
   -9.23894e-01     1.56260e-01

   -9.16358e-01     2.19324e-01
   -9.19147e-01     1.77472e-01

   -9.16358e-01     2.19324e-01
   -9.16358e-01     2.19324e-01

   -9.16358e-01     2.19324e-01
   -9.06534e-01     2.48563e-01

    9.01603e-01     5.48310e-01
    9.05526e-01     5.20079e-01

    9.01603e-01     5.48310e-01
    9.01603e-01     5.48310e-01

    8.77296e-01     6.45378e-01
    8.73670e-01     6.54346e-01

    8.77296e-01     6.45378e-01
    8.77296e-01     6.45378e-01

    8.77296e-01     6.45378e-01
    8.77296e-01     6.45378e-01

    8.73670e-01     6.54346e-01
    8.68691e-01     6.57972e-01

    9.01603e-01     5.48310e-01
    9.01603e-01     5.48310e-01

    8.77296e-01     6.45378e-01
    8.77296e-01     6.45378e-01

    8.77296e-01     6.45378e-01
    8.77296e-01     6.45378e-01

    9.01603e-01     5.48310e-01
    9.06177e-01     5.77191e-01

    8.77296e-01     6.45378e-01
    9.06177e-01     5.77191e-01

    7.67634e-01     7.53089e-01
    7.62461e-01     7.62461e-01

    7.67634e-01     7.53089e-01
    7.67634e-01     7.53089e-01

    7.53089e-01     7.67634e-01
    7.62461e-01     7.62461e-01

    7.53089e-01     7.67634e-01
    7.53089e-01     7.67634e-01

    8.68691e-01     6.57972e-01
    8.68691e-01     6.57972e-01

    7.67634e-01     7.53089e-01
    7.67634e-01     7.53089e-01

    8.54185e-01     6.81082e-01
    8.68691e-01     6.57972e-01

    7.67634e-01     7.53089e-01
    7.98713e-01     7.36555e-01

    6.54346e-01     8.73670e-01
    6.57972e-01     8.68691e-01

    6.45378e-01     8.77296e-01
    6.54346e-01     8.73670e-01

    6.45378e-01     8.77296e-01
    6.45378e-01     8.77296e-01

    6.45378e-01     8.77296e-01
    6.45378e-01     8.77296e-01

    7.53089e-01     7.67634e-01
    7.53089e-01     7.67634e-01

    6.57972e-01     8.68691e-01
    6.57972e-01     8.68691e-01

    7.53089e-01     7.67634e-01
    7.36555e-01     7.98713e-01

    6.81082e-01     8.54185e-01
    6.57972e-01     8.68691e-01

    5.48310e-01     9.01603e-01
    5.20079e-01     9.05526e-01

    5.48310e-01     9.01603e-01
    5.48310e-01     9.01603e-01

    6.45378e-01     8.77296e-01
    6.45378e-01     8.77296e-01

    6.45378e-01     8.77296e-01
    6.45378e-01     8.77296e-01

    5.48310e-01     9.01603e-01
    5.48310e-01     9.01603e-01

    6.45378e-01     8.77296e-01
    5.77191e-01     9.06177e-01

    5.48310e-01     9.01603e-01
    5.77191e-01     9.06177e-01

    3.28986e-01    -8.87256e-01
    3.17228e-01    -8.89053e-01

    3.28986e-01    -8.87256e-01
    3.28986e-01    -8.87256e-01

    2.97535e-01    -8.94067e-01
    3.17228e-01    -8.89053e-01

    2.97535e-01    -8.94067e-01
    2.48563e-01    -9.06534e-01

    3.28986e-01    -8.87256e-01
    3.39787e-01    -8.88096e-01

   -8.94067e-01     2.97535e-01
   -8.89053e-01     3.17228e-01

   -8.94067e-01     2.97535e-01
   -9.06534e-01     2.48563e-01

   -8.87256e-01     3.28986e-01
   -8.89053e-01     3.17228e-01

   -8.87256e-01     3.28986e-01
   -8.87256e-01     3.28986e-01

   -8.87256e-01     3.28986e-01
   -8.88096e-01     3.39787e-01

    8.45944e-01     6.93252e-01
    8.28571e-01     7.18909e-01

    8.45944e-01     6.93252e-01
    8.54185e-01     6.81082e-01

    8.10341e-01     7.29683e-01
    8.28571e-01     7.18909e-01

    8.10341e-01     7.29683e-01
    7.98713e-01     7.36555e-01

    7.29683e-01     8.10341e-01
    7.18909e-01     8.28571e-01

    7.29683e-01     8.10341e-01
    7.36555e-01     7.98713e-01

    6.93252e-01     8.45944e-01
    7.18909e-01     8.28571e-01

    6.93252e-01     8.45944e-01
    6.81082e-01     8.54185e-01

    4.38648e-01    -9.10148e-01
    4.10914e-01    -9.05030e-01

    4.38648e-01    -9.10148e-01
    4.38648e-01    -9.10148e-01

    3.59723e-01    -8.92843e-01
    3.39787e-01    -8.88096e-01

    3.59723e-01    -8.92843e-01
    4.10914e-01    -9.05030e-01

    4.38648e-01    -9.10148e-01
    4.73289e-01    -9.11937e-01

   -8.92843e-01     3.59723e-01
   -8.88096e-01     3.39787e-01

   -8.92843e-01     3.59723e-01
   -9.05030e-01     4.10914e-01

   -9.10148e-01     4.38648e-01
   -9.05030e-01     4.10914e-01

   -9.10148e-01     4.38648e-01
   -9.10148e-01     4.38648e-01

   -9.10148e-01     4.38648e-01
   -9.11937e-01     4.73289e-01

    5.48310e-01    -9.01603e-01
    5.20080e-01    -9.05526e-01

    5.48310e-01    -9.01603e-01
    5.48310e-01    -9.01603e-01

    4.99070e-01    -9.08405e-01
    5.20080e-01    -9.05526e-01

    4.99070e-01    -9.08405e-01
    4.73289e-01    -9.11937e-01

    5.48310e-01    -9.01603e-01
    5.48310e-01    -9.01603e-01

    5.48310e-01    -9.01603e-01
    5.77191e-01    -9.06177e-01

   -9.08405e-01     4.99070e-01
   -9.05526e-01     5.20080e-01

   -9.08405e-01     4.99070e-01
   -9.11937e-01     4.73289e-01

   -9.01604e-01     5.48310e-01
   -9.05526e-01     5.20080e-01

   -9.01604e-01     5.48310e-01
   -9.01604e-01     5.48310e-01

   -9.01604e-01     5.48310e-01
   -9.06177e-01     5.77191e-01

    6.45378e-01    -8.77296e-01
    5.77191e-01    -9.06177e-01

    6.45378e-01    -8.77296e-01
    6.45378e-01    -8.77296e-01

    6.45378e-01    -8.77296e-01
    6.45378e-01    -8.77296e-01

    6.45378e-01    -8.77296e-01
    6.54346e-01    -8.73670e-01

   -8.77296e-01     6.45378e-01
   -9.06177e-01     5.77191e-01

   -8.77296e-01     6.45378e-01
   -8.77296e-01     6.45378e-01

   -8.77296e-01     6.45378e-01
   -8.77296e-01     6.45378e-01

   -8.77296e-01     6.45378e-01
   -8.73670e-01     6.54346e-01

    6.57972e-01    -8.68691e-01
    6.54346e-01    -8.73670e-01

    6.57972e-01    -8.68691e-01
    6.57972e-01    -8.68691e-01

    7.18909e-01    -8.28571e-01
    6.93252e-01    -8.45945e-01

    6.81083e-01    -8.54185e-01
    6.93252e-01    -8.45945e-01

    6.57972e-01    -8.68691e-01
    6.81083e-01    -8.54185e-01

   -8.68691e-01     6.57972e-01
   -8.73670e-01     6.54346e-01

   -8.68691e-01     6.57972e-01
   -8.68691e-01     6.57972e-01

   -8.68691e-01     6.57972e-01
   -8.54185e-01     6.81083e-01

   -8.28571e-01     7.18909e-01
   -8.45945e-01     6.93252e-01

   -8.54185e-01     6.81083e-01
   -8.45945e-01     6.93252e-01

    7.29683e-01    -8.10341e-01
    7.18909e-01    -8.28571e-01

    7.29683e-01    -8.10341e-01
    7.36555e-01    -7.98713e-01

    7.53089e-01    -7.67634e-01
    7.36555e-01    -7.98713e-01

    7.53089e-01    -7.67634e-01
    7.53089e-01    -7.67634e-01

    7.53089e-01    -7.67634e-01
    7.53089e-01    -7.67634e-01

    7.53089e-01    -7.67634e-01
    7.62461e-01    -7.62461e-01

   -7.67634e-01     7.53089e-01
   -7.98713e-01     7.36555e-01

   -7.67634e-01     7.53089e-01
   -7.67634e-01     7.53089e-01

   -8.10341e-01     7.29683e-01
   -8.28571e-01     7.18909e-01

   -8.10341e-01     7.29683e-01
   -7.98713e-01     7.36555e-01

   -7.67634e-01     7.53089e-01
   -7.67634e-01     7.53089e-01

   -7.67634e-01     7.53089e-01
   -7.62461e-01     7.62461e-01

    7.67634e-01    -7.53089e-01
    7.62461e-01    -7.62461e-01

    7.67634e-01    -7.53089e-01
    7.67634e-01    -7.53089e-01

    7.67634e-01    -7.53089e-01
    7.67634e-01    -7.53089e-01

    8.28571e-01    -7.18909e-01
    8.10341e-01    -7.29683e-01

    7.98713e-01    -7.36555e-01
    8.10341e-01    -7.29683e-01

    7.67634e-01    -7.53089e-01
    7.98713e-01    -7.36555e-01

   -7.53089e-01     7.67634e-01
   -7.62461e-01     7.62461e-01

   -7.53089e-01     7.67634e-01
   -7.53089e-01     7.67634e-01

   -7.53089e-01     7.67634e-01
   -7.53089e-01     7.67634e-01

   -7.53089e-01     7.67634e-01
   -7.36555e-01     7.98713e-01

   -7.18909e-01     8.28571e-01
   -7.29683e-01     8.10341e-01

   -7.36555e-01     7.98713e-01
   -7.29683e-01     8.10341e-01

    8.45945e-01    -6.93252e-01
    8.28571e-01    -7.18909e-01

    8.45945e-01    -6.93252e-01
    8.54185e-01    -6.81083e-01

    8.54185e-01    -6.81083e-01
    8.68691e-01    -6.57972e-01

    8.68691e-01    -6.57972e-01
    8.68691e-01    -6.57972e-01

    8.73670e-01    -6.54346e-01
    8.68691e-01    -6.57972e-01

   -6.81083e-01     8.54185e-01
   -6.57972e-01     8.68691e-01

   -6.93252e-01     8.45945e-01
   -7.18909e-01     8.28571e-01

   -6.93252e-01     8.45945e-01
   -6.81083e-01     8.54185e-01

   -6.57972e-01     8.68691e-01
   -6.57972e-01     8.68691e-01

   -6.54346e-01     8.73670e-01
   -6.57972e-01     8.68691e-01

    8.73670e-01    -6.54346e-01
    8.77296e-01    -6.45378e-01

    8.77296e-01    -6.45378e-01
    8.77296e-01    -6.45378e-01

    8.77296e-01    -6.45378e-01
    8.77296e-01    -6.45378e-01

    9.06177e-01    -5.77191e-01
    8.77296e-01    -6.45378e-01

   -6.54346e-01     8.73670e-01
   -6.45378e-01     8.77296e-01

   -6.45378e-01     8.77296e-01
   -6.45378e-01     8.77296e-01

   -6.45378e-01     8.77296e-01
   -6.45378e-01     8.77296e-01

   -5.77191e-01     9.06177e-01
   -6.45378e-01     8.77296e-01

    9.06177e-01    -5.77191e-01
    9.01604e-01    -5.48310e-01

    9.01604e-01    -5.48310e-01
    9.01604e-01    -5.48310e-01

    9.05526e-01    -5.20080e-01
    9.01604e-01    -5.48310e-01

    9.08405e-01    -4.99070e-01
    9.05526e-01    -5.20080e-01

    9.08405e-01    -4.99070e-01
    9.11937e-01    -4.73289e-01

   -5.48310e-01     9.01603e-01
   -5.77191e-01     9.06177e-01

   -5.48310e-01     9.01603e-01
   -5.48310e-01     9.01603e-01

   -5.48310e-01     9.01603e-01
   -5.48310e-01     9.01603e-01

   -4.99070e-01     9.08405e-01
   -5.20080e-01     9.05526e-01

   -4.99070e-01     9.08405e-01
   -4.73289e-01     9.11937e-01

   -5.48310e-01     9.01603e-01
   -5.20080e-01     9.05526e-01

    9.11937e-01    -4.73289e-01
    9.10148e-01    -4.38648e-01

    9.10148e-01    -4.38648e-01
    9.10148e-01    -4.38648e-01

    9.05030e-01    -4.10914e-01
    9.10148e-01    -4.38648e-01

    8.92843e-01    -3.59722e-01
    8.88096e-01    -3.39787e-01

    8.92843e-01    -3.59722e-01
    9.05030e-01    -4.10914e-01

   -4.73289e-01     9.11937e-01
   -4.38648e-01     9.10148e-01

   -4.38648e-01     9.10148e-01
   -4.38648e-01     9.10148e-01

   -3.59722e-01     8.92843e-01
   -3.39787e-01     8.88096e-01

   -3.59722e-01     8.92843e-01
   -4.10914e-01     9.05030e-01

   -4.10914e-01     9.05030e-01
   -4.38648e-01     9.10148e-01

   -6.93252e-01    -8.45944e-01
   -7.18909e-01    -8.28571e-01

   -7.18909e-01    -8.28571e-01
   -6.93252e-01    -8.45944e-01

   -7.18909e-01    -8.28571e-01
   -7.18909e-01    -8.28571e-01

   -6.93252e-01    -8.45944e-01
   -6.81082e-01    -8.54185e-01

   -6.93252e-01    -8.45944e-01
   -6.93252e-01    -8.45944e-01

   -6.81082e-01    -8.54185e-01
   -6.93252e-01    -8.45944e-01

   -7.18909e-01    -8.28571e-01
   -7.29683e-01    -8.10341e-01

   -7.18909e-01    -8.28571e-01
   -7.29683e-01    -8.10341e-01

   -7.18909e-01    -8.28571e-01
   -7.18909e-01    -8.28571e-01

   -7.29683e-01    -8.10341e-01
   -7.29683e-01    -8.10341e-01

   -7.29683e-01    -8.10341e-01
   -7.29683e-01    -8.10341e-01

   -7.29683e-01    -8.10341e-01
   -7.36555e-01    -7.98713e-01

   -8.10341e-01    -7.29683e-01
   -8.28571e-01    -7.18909e-01

   -8.28571e-01    -7.18909e-01
   -8.10341e-01    -7.29683e-01

   -8.28571e-01    -7.18909e-01
   -8.28571e-01    -7.18909e-01

   -8.10341e-01    -7.29683e-01
   -8.10341e-01    -7.29683e-01

   -8.10341e-01    -7.29683e-01
   -8.10341e-01    -7.29683e-01

   -8.10341e-01    -7.29683e-01
   -7.98713e-01    -7.36555e-01

   -8.28571e-01    -7.18909e-01
   -8.45944e-01    -6.93252e-01

   -8.28571e-01    -7.18909e-01
   -8.45944e-01    -6.93252e-01

   -8.28571e-01    -7.18909e-01
   -8.28571e-01    -7.18909e-01

   -8.45944e-01    -6.93252e-01
   -8.54185e-01    -6.81082e-01

   -8.45944e-01    -6.93252e-01
   -8.45944e-01    -6.93252e-01

   -8.45944e-01    -6.93252e-01
   -8.54185e-01    -6.81082e-01

    8.88096e-01    -3.39787e-01
    8.87256e-01    -3.28986e-01

    8.87256e-01    -3.28986e-01
    8.87256e-01    -3.28986e-01

    8.89053e-01    -3.17228e-01
    8.87256e-01    -3.28986e-01

    8.94067e-01    -2.97535e-01
    8.89053e-01    -3.17228e-01

    8.94067e-01    -2.97535e-01
    9.06534e-01    -2.48563e-01

   -3.39787e-01     8.88096e-01
   -3.28986e-01     8.87256e-01

   -3.28986e-01     8.87256e-01
   -3.28986e-01     8.87256e-01

   -2.97535e-01     8.94067e-01
   -3.17228e-01     8.89053e-01

   -2.97535e-01     8.94067e-01
   -2.48563e-01     9.06534e-01

   -3.17228e-01     8.89053e-01
   -3.28986e-01     8.87256e-01

   -5.77191e-01    -9.06177e-01
   -5.48310e-01    -9.01603e-01

   -5.48310e-01    -9.01603e-01
   -5.77191e-01    -9.06177e-01

   -5.48310e-01    -9.01603e-01
   -5.48310e-01    -9.01603e-01

   -5.77191e-01    -9.06177e-01
   -6.45378e-01    -8.77296e-01

   -6.45378e-01    -8.77296e-01
   -5.77191e-01    -9.06177e-01

   -6.45378e-01    -8.77296e-01
   -6.45378e-01    -8.77296e-01

   -6.45378e-01    -8.77296e-01
   -6.45378e-01    -8.77296e-01

   -5.48310e-01    -9.01603e-01
   -5.48310e-01    -9.01603e-01

   -5.48310e-01    -9.01603e-01
   -5.20079e-01    -9.05526e-01

   -5.20079e-01    -9.05526e-01
   -5.48310e-01    -9.01603e-01

   -6.81082e-01    -8.54185e-01
   -6.57972e-01    -8.68691e-01

   -6.81082e-01    -8.54185e-01
   -6.81082e-01    -8.54185e-01

   -6.57972e-01    -8.68691e-01
   -6.57972e-01    -8.68691e-01

   -7.53089e-01    -7.67634e-01
   -7.53089e-01    -7.67634e-01

   -7.53089e-01    -7.67634e-01
   -7.36555e-01    -7.98713e-01

   -7.53089e-01    -7.67634e-01
   -7.53089e-01    -7.67634e-01

   -6.45378e-01    -8.77296e-01
   -6.45378e-01    -8.77296e-01

   -6.45378e-01    -8.77296e-01
   -6.45378e-01    -8.77296e-01

   -6.54346e-01    -8.73670e-01
   -6.45378e-01    -8.77296e-01

   -6.45378e-01    -8.77296e-01
   -6.54346e-01    -8.73670e-01

   -6.54346e-01    -8.73670e-01
   -6.57972e-01    -8.68691e-01

   -6.54346e-01    -8.73670e-01
   -6.54346e-01    -8.73670e-01

   -7.67634e-01    -7.53089e-01
   -7.67634e-01    -7.53089e-01

   -7.67634e-01    -7.53089e-01
   -7.98713e-01    -7.36555e-01

   -7.67634e-01    -7.53089e-01
   -7.67634e-01    -7.53089e-01

   -8.54185e-01    -6.81082e-01
   -8.68691e-01    -6.57972e-01

   -8.54185e-01    -6.81082e-01
   -8.54185e-01    -6.81082e-01

   -8.68691e-01    -6.57972e-01
   -8.68691e-01    -6.57972e-01

   -7.53089e-01    -7.67634e-01
   -7.53089e-01    -7.67634e-01

   -7.67634e-01    -7.53089e-01
   -7.67634e-01    -7.53089e-01

   -7.62461e-01    -7.62461e-01
   -7.53089e-01    -7.67634e-01

   -7.53089e-01    -7.67634e-01
   -7.62461e-01    -7.62461e-01

   -7.62461e-01    -7.62461e-01
   -7.67634e-01    -7.53089e-01

   -7.62461e-01    -7.62461e-01
   -7.67634e-01    -7.53089e-01

   -8.77296e-01    -6.45378e-01
   -9.06177e-01    -5.77191e-01

   -9.06177e-01    -5.77191e-01
   -8.77296e-01    -6.45378e-01

   -8.77296e-01    -6.45378e-01
   -8.77296e-01    -6.45378e-01

   -8.77296e-01    -6.45378e-01
   -8.77296e-01    -6.45378e-01

   -9.06177e-01    -5.77191e-01
   -9.01603e-01    -5.48310e-01

   -9.06177e-01    -5.77191e-01
   -9.01603e-01    -5.48310e-01

   -9.01603e-01    -5.48310e-01
   -9.01603e-01    -5.48310e-01

   -8.77296e-01    -6.45378e-01
   -8.77296e-01    -6.45378e-01

   -8.77296e-01    -6.45378e-01
   -8.77296e-01    -6.45378e-01

   -8.73670e-01    -6.54346e-01
   -8.68691e-01    -6.57972e-01

   -8.73670e-01    -6.54346e-01
   -8.73670e-01    -6.54346e-01

   -8.73670e-01    -6.54346e-01
   -8.77296e-01    -6.45378e-01

   -8.73670e-01    -6.54346e-01
   -8.77296e-01    -6.45378e-01

   -9.01603e-01    -5.48310e-01
   -9.01603e-01    -5.48310e-01

   -9.01603e-01    -5.48310e-01
   -9.05526e-01    -5.20079e-01

   -9.01603e-01    -5.48310e-01
   -9.05526e-01    -5.20079e-01

    9.06534e-01    -2.48563e-01
    9.16358e-01    -2.19324e-01

    9.16358e-01    -2.19324e-01
    9.16358e-01    -2.19324e-01

    9.19147e-01    -1.77472e-01
    9.16358e-01    -2.19324e-01

    9.21393e-01    -1.67435e-01
    9.19147e-01    -1.77472e-01

    9.21393e-01    -1.67435e-01
    9.23894e-01    -1.56260e-01

   -2.48563e-01     9.06534e-01
   -2.19324e-01     9.16358e-01

   -2.19324e-01     9.16358e-01
   -2.19324e-01     9.16358e-01

   -1.67435e-01     9.21393e-01
   -1.77472e-01     9.19147e-01

   -1.67435e-01     9.21393e-01
   -1.56260e-01     9.23894e-01

   -1.77472e-01     9.19147e-01
   -2.19324e-01     9.16358e-01

   -4.73289e-01    -9.11937e-01
   -4.38648e-01    -9.10148e-01

   -4.38648e-01    -9.10148e-01
   -4.73289e-01    -9.11937e-01

   -4.38648e-01    -9.10148e-01
   -4.38648e-01    -9.10148e-01

   -4.99070e-01    -9.08405e-01
   -5.20079e-01    -9.05526e-01

   -5.20079e-01    -9.05526e-01
   -4.99070e-01    -9.08405e-01

   -4.99070e-01    -9.08405e-01
   -4.99070e-01    -9.08405e-01

   -4.99070e-01    -9.08405e-01
   -4.73289e-01    -9.11937e-01

   -4.73289e-01    -9.11937e-01
   -4.73289e-01    -9.11937e-01

   -4.73289e-01    -9.11937e-01
   -4.99070e-01    -9.08405e-01

   -4.38648e-01    -9.10148e-01
   -4.38648e-01    -9.10148e-01

   -4.10914e-01    -9.05030e-01
   -4.38648e-01    -9.10148e-01

   -4.38648e-01    -9.10148e-01
   -4.10914e-01    -9.05030e-01

   -9.05526e-01    -5.20079e-01
   -9.08405e-01    -4.99070e-01

   -9.05526e-01    -5.20079e-01
   -9.08405e-01    -4.99070e-01

   -9.08405e-01    -4.99070e-01
   -9.08405e-01    -4.99070e-01

   -9.08405e-01    -4.99070e-01
   -9.11937e-01    -4.73289e-01

   -9.11937e-01    -4.73289e-01
   -9.11937e-01    -4.73289e-01

   -9.08405e-01    -4.99070e-01
   -9.11937e-01    -4.73289e-01

   -9.11937e-01    -4.73289e-01
   -9.10148e-01    -4.38648e-01

   -9.11937e-01    -4.73289e-01
   -9.10148e-01    -4.38648e-01

   -9.10148e-01    -4.38648e-01
   -9.10148e-01    -4.38648e-01

   -9.10148e-01    -4.38648e-01
   -9.10148e-01    -4.38648e-01

   -9.10148e-01    -4.38648e-01
   -9.05030e-01    -4.10914e-01

   -9.05030e-01    -4.10914e-01
   -9.10148e-01    -4.38648e-01

    9.40781e-01    -1.09662e-01
    9.23894e-01    -1.56260e-01

    9.40781e-01    -1.09662e-01
    9.40781e-01    -1.09662e-01

    9.40781e-01    -1.09662e-01
    9.40781e-01    -1.09662e-01

    9.40781e-01    -1.09662e-01
    9.40781e-01    -1.09662e-01

    9.40781e-01    -1.09662e-01
    9.40781e-01    -1.09662e-01

    9.40781e-01    -1.09662e-01
    9.37077e-01    -5.97812e-02

   -1.56260e-01     9.23894e-01
   -1.09662e-01     9.40781e-01

   -1.09662e-01     9.40781e-01
   -1.09662e-01     9.40781e-01

   -1.09662e-01     9.40781e-01
   -1.09662e-01     9.40781e-01

   -5.97812e-02     9.37077e-01
   -1.09662e-01     9.40781e-01

   -3.28986e-01    -8.87256e-01
   -3.39787e-01    -8.88096e-01

   -3.39787e-01    -8.88096e-01
   -3.39787e-01    -8.88096e-01

   -3.39787e-01    -8.88096e-01
   -3.28986e-01    -8.87256e-01

   -3.39787e-01    -8.88096e-01
   -3.39787e-01    -8.88096e-01

   -3.28986e-01    -8.87256e-01
   -3.28986e-01    -8.87256e-01

   -3.28986e-01    -8.87256e-01
   -3.28986e-01    -8.87256e-01

   -3.39787e-01    -8.88096e-01
   -3.59723e-01    -8.92843e-01

   -3.39787e-01    -8.88096e-01
   -3.39787e-01    -8.88096e-01

   -4.10914e-01    -9.05030e-01
   -4.10914e-01    -9.05030e-01

   -4.10914e-01    -9.05030e-01
   -4.10914e-01    -9.05030e-01

   -4.10914e-01    -9.05030e-01
   -3.59723e-01    -8.92843e-01

   -3.28986e-01    -8.87256e-01
   -3.28986e-01    -8.87256e-01

   -3.28986e-01    -8.87256e-01
   -3.28986e-01    -8.87256e-01

   -3.17228e-01    -8.89053e-01
   -3.28986e-01    -8.87256e-01

   -3.17228e-01    -8.89053e-01
   -3.28986e-01    -8.87256e-01

   -8.88096e-01    -3.39787e-01
   -8.92843e-01    -3.59723e-01

   -8.88096e-01    -3.39787e-01
   -8.88096e-01    -3.39787e-01

   -9.05030e-01    -4.10914e-01
   -9.05030e-01    -4.10914e-01

   -9.05030e-01    -4.10914e-01
   -9.05030e-01    -4.10914e-01

   -9.05030e-01    -4.10914e-01
   -8.92843e-01    -3.59723e-01

   -8.88096e-01    -3.39787e-01
   -8.87256e-01    -3.28986e-01

   -8.88096e-01    -3.39787e-01
   -8.88096e-01    -3.39787e-01

   -8.87256e-01    -3.28986e-01
   -8.88096e-01    -3.39787e-01

   -8.88096e-01    -3.39787e-01
   -8.88096e-01    -3.39787e-01

   -8.87256e-01    -3.28986e-01
   -8.87256e-01    -3.28986e-01

   -8.87256e-01    -3.28986e-01
   -8.87256e-01    -3.28986e-01

   -8.87256e-01    -3.28986e-01
   -8.87256e-01    -3.28986e-01

   -8.87256e-01    -3.28986e-01
   -8.87256e-01    -3.28986e-01

   -8.89053e-01    -3.17228e-01
   -8.87256e-01    -3.28986e-01

   -8.87256e-01    -3.28986e-01
   -8.89053e-01    -3.17228e-01

    9.37468e-01    -5.44006e-02
    9.37077e-01    -5.97812e-02

    9.37468e-01    -5.44006e-02
    9.37854e-01    -4.91037e-02

    9.48743e-01     0.00000e+00
    9.37854e-01    -4.91037e-02

    9.48743e-01     0.00000e+00
    9.48743e-01     0.00000e+00

    9.48743e-01     0.00000e+00
    9.48743e-01     0.00000e+00

    9.48743e-01     0.00000e+00
    9.37854e-01     4.91038e-02

    0.00000e+00     9.48743e-01
   -4.91038e-02     9.37854e-01

    0.00000e+00     9.48743e-01
    0.00000e+00     9.48743e-01

   -5.44006e-02     9.37468e-01
   -5.97812e-02     9.37077e-01

   -5.44006e-02     9.37468e-01
   -4.91038e-02     9.37854e-01

    0.00000e+00     9.48743e-01
    0.00000e+00     9.48743e-01

    0.00000e+00     9.48743e-01
    4.91038e-02     9.37854e-01

   -2.48562e-01    -9.06534e-01
   -2.19324e-01    -9.16358e-01

   -2.19324e-01    -9.16358e-01
   -2.48562e-01    -9.06534e-01

   -2.19324e-01    -9.16358e-01
   -2.19324e-01    -9.16358e-01

   -2.97535e-01    -8.94067e-01
   -3.17228e-01    -8.89053e-01

   -3.17228e-01    -8.89053e-01
   -2.97535e-01    -8.94067e-01

   -2.97535e-01    -8.94067e-01
   -2.97535e-01    -8.94067e-01

   -2.48562e-01    -9.06534e-01
   -2.97535e-01    -8.94067e-01

   -2.48562e-01    -9.06534e-01
   -2.48562e-01    -9.06534e-01

   -2.48562e-01    -9.06534e-01
   -2.97535e-01    -8.94067e-01

   -2.19324e-01    -9.16358e-01
   -2.19324e-01    -9.16358e-01

   -1.77472e-01    -9.19147e-01
   -2.19324e-01    -9.16358e-01

   -1.77472e-01    -9.19147e-01
   -2.19324e-01    -9.16358e-01

   -8.94067e-01    -2.97535e-01
   -8.89053e-01    -3.17228e-01

   -8.89053e-01    -3.17228e-01
   -8.94067e-01    -2.97535e-01

   -8.94067e-01    -2.97535e-01
   -8.94067e-01    -2.97535e-01

   -9.06534e-01    -2.48563e-01
   -8.94067e-01    -2.97535e-01

   -9.06534e-01    -2.48563e-01
   -9.06534e-01    -2.48563e-01

   -8.94067e-01    -2.97535e-01
   -9.06534e-01    -2.48563e-01

   -9.06534e-01    -2.48563e-01
   -9.16358e-01    -2.19324e-01

   -9.06534e-01    -2.48563e-01
   -9.16358e-01    -2.19324e-01

   -9.16358e-01    -2.19324e-01
   -9.16358e-01    -2.19324e-01

   -9.16358e-01    -2.19324e-01
   -9.16358e-01    -2.19324e-01

   -9.19147e-01    -1.77472e-01
   -9.16358e-01    -2.19324e-01

   -9.16358e-01    -2.19324e-01
   -9.19147e-01    -1.77472e-01

    9.37468e-01     5.44006e-02
    9.37077e-01     5.97812e-02

    9.37468e-01     5.44006e-02
    9.37854e-01     4.91038e-02

    9.37077e-01     5.97812e-02
    9.40781e-01     1.09662e-01

    9.40781e-01     1.09662e-01
    9.40781e-01     1.09662e-01

    9.40781e-01     1.09662e-01
    9.40781e-01     1.09662e-01

    9.23894e-01     1.56260e-01
    9.40781e-01     1.09662e-01

    9.21393e-01     1.67435e-01
    9.19147e-01     1.77472e-01

    9.21393e-01     1.67435e-01
    9.23894e-01     1.56260e-01

    5.97812e-02     9.37077e-01
    1.09662e-01     9.40781e-01

    5.44006e-02     9.37468e-01
    5.97812e-02     9.37077e-01

    5.44006e-02     9.37468e-01
    4.91038e-02     9.37854e-01

    1.09662e-01     9.40781e-01
    1.09662e-01     9.40781e-01

    1.09662e-01     9.40781e-01
    1.09662e-01     9.40781e-01

    1.67435e-01     9.21393e-01
    1.77472e-01     9.19147e-01

    1.67435e-01     9.21393e-01
    1.56260e-01     9.23894e-01

    1.56260e-01     9.23894e-01
    1.09662e-01     9.40781e-01

   -1.09662e-01    -9.51718e-01
   -1.42173e-01    -9.54447e-01

   -1.09662e-01    -9.51718e-01
   -1.09662e-01    -9.51718e-01

   -3.92665e-02    -9.47691e-01
   -5.59788e-02    -9.48513e-01

   -7.20057e-02    -9.49301e-01
   -5.59788e-02    -9.48513e-01

   -1.09662e-01    -9.51718e-01
   -7.20057e-02    -9.49301e-01

   -9.51718e-01    -1.09662e-01
   -9.54447e-01    -1.42173e-01

   -9.51718e-01    -1.09662e-01
   -9.51718e-01    -1.09662e-01

   -9.51718e-01    -1.09662e-01
   -9.49301e-01    -7.20057e-02

   -9.47691e-01    -3.92665e-02
   -9.48513e-01    -5.59788e-02

   -9.49301e-01    -7.20057e-02
   -9.48513e-01    -5.59788e-02

    9.57390e-01     1.69457e-01
    9.54447e-01     1.42173e-01

    9.57390e-01     1.69457e-01
    9.59844e-01     1.92210e-01

    9.59067e-01     2.19324e-01
    9.59844e-01     1.92210e-01

    9.59067e-01     2.19324e-01
    9.59067e-01     2.19324e-01

    9.59067e-01     2.19324e-01
    9.59067e-01     2.19324e-01

    9.59067e-01     2.19324e-01
    9.62005e-01     2.44277e-01

    2.19324e-01     9.59067e-01
    1.92210e-01     9.59844e-01

    2.19324e-01     9.59067e-01
    2.19324e-01     9.59067e-01

    1.69456e-01     9.57390e-01
    1.42173e-01     9.54447e-01

    1.69456e-01     9.57390e-01
    1.92210e-01     9.59844e-01

    2.19324e-01     9.59067e-01
    2.19324e-01     9.59067e-01

    2.19324e-01     9.59067e-01
    2.44277e-01     9.62005e-01

    0.00000e+00    -9.48743e-01
   -3.92665e-02    -9.47691e-01

    0.00000e+00    -9.48743e-01
    0.00000e+00    -9.48743e-01

    0.00000e+00    -9.48743e-01
    0.00000e+00    -9.48743e-01

    3.92665e-02    -9.47691e-01
    5.59788e-02    -9.48513e-01

    7.20057e-02    -9.49301e-01
    5.59788e-02    -9.48513e-01

    0.00000e+00    -9.48743e-01
    3.92665e-02    -9.47691e-01

   -9.48743e-01     0.00000e+00
   -9.47691e-01    -3.92665e-02

   -9.48743e-01     0.00000e+00
   -9.48743e-01     0.00000e+00

   -9.48743e-01     0.00000e+00
   -9.48743e-01     0.00000e+00

   -9.48743e-01     0.00000e+00
   -9.47691e-01     3.92665e-02

   -9.47691e-01     3.92665e-02
   -9.48513e-01     5.59788e-02

   -9.49301e-01     7.20057e-02
   -9.48513e-01     5.59788e-02

    9.66456e-01     2.83935e-01
    9.62005e-01     2.44277e-01

    9.66456e-01     2.83935e-01
    9.69559e-01     3.11587e-01

    9.67056e-01     3.28986e-01
    9.69559e-01     3.11587e-01

    9.67056e-01     3.28986e-01
    9.67056e-01     3.28986e-01

    9.67056e-01     3.28986e-01
    9.67056e-01     3.28986e-01

    9.67056e-01     3.28986e-01
    9.68848e-01     3.47096e-01

    3.28986e-01     9.67056e-01
    3.11587e-01     9.69559e-01

    3.28986e-01     9.67056e-01
    3.28986e-01     9.67056e-01

    2.83935e-01     9.66456e-01
    2.44277e-01     9.62005e-01

    2.83935e-01     9.66456e-01
    3.11587e-01     9.69559e-01

    3.28986e-01     9.67056e-01
    3.28986e-01     9.67056e-01

    3.28986e-01     9.67056e-01
    3.47096e-01     9.68848e-01

    1.09662e-01    -9.51718e-01
    7.20057e-02    -9.49301e-01

    1.09662e-01    -9.51718e-01
    1.09662e-01    -9.51718e-01

    1.42173e-01    -9.54447e-01
    1.69456e-01    -9.57390e-01

    1.92210e-01    -9.59844e-01
    1.69456e-01    -9.57390e-01

    1.09662e-01    -9.51718e-01
    1.42173e-01    -9.54447e-01

   -9.51718e-01     1.09662e-01
   -9.49301e-01     7.20057e-02

   -9.51718e-01     1.09662e-01
   -9.51718e-01     1.09662e-01

   -9.51718e-01     1.09662e-01
   -9.51718e-01     1.09662e-01

   -9.51718e-01     1.09662e-01
   -9.54447e-01     1.42173e-01

   -9.54447e-01     1.42173e-01
   -9.57390e-01     1.69456e-01

   -9.59844e-01     1.92210e-01
   -9.57390e-01     1.69456e-01

    9.71808e-01     3.92779e-01
    9.68848e-01     3.47096e-01

    9.71808e-01     3.92779e-01
    9.73936e-01     4.25626e-01

    9.69491e-01     4.38648e-01
    9.73936e-01     4.25626e-01

    9.69491e-01     4.38648e-01
    9.69491e-01     4.38648e-01

    9.69491e-01     4.38648e-01
    9.69491e-01     4.38648e-01

    9.69491e-01     4.38648e-01
    9.71530e-01     4.54075e-01

    4.38648e-01     9.69491e-01
    4.25626e-01     9.73936e-01

    4.38648e-01     9.69491e-01
    4.38648e-01     9.69491e-01

    3.92779e-01     9.71808e-01
    3.47096e-01     9.68848e-01

    3.92779e-01     9.71808e-01
    4.25626e-01     9.73936e-01

    4.38648e-01     9.69491e-01
    4.38648e-01     9.69491e-01

    4.38648e-01     9.69491e-01
    4.54075e-01     9.71530e-01

    2.19324e-01    -9.59067e-01
    1.92210e-01    -9.59844e-01

    2.19324e-01    -9.59067e-01
    2.19324e-01    -9.59067e-01

    2.44277e-01    -9.62005e-01
    2.83935e-01    -9.66456e-01

    3.11587e-01    -9.69559e-01
    2.83935e-01    -9.66456e-01

    2.19324e-01    -9.59067e-01
    2.44277e-01    -9.62005e-01

   -9.59067e-01     2.19324e-01
   -9.59844e-01     1.92210e-01

   -9.59067e-01     2.19324e-01
   -9.59067e-01     2.19324e-01

   -9.59067e-01     2.19324e-01
   -9.62005e-01     2.44277e-01

   -9.62005e-01     2.44277e-01
   -9.66456e-01     2.83935e-01

   -9.69559e-01     3.11587e-01
   -9.66456e-01     2.83935e-01

    9.69970e-01     4.87933e-01
    9.68058e-01     5.29410e-01

    9.69970e-01     4.87933e-01
    9.71530e-01     4.54075e-01

    9.70908e-01     5.48310e-01
    9.68058e-01     5.29410e-01

    9.70908e-01     5.48310e-01
    9.70908e-01     5.48310e-01

    9.70908e-01     5.48310e-01
    9.70908e-01     5.48310e-01

    9.70908e-01     5.48310e-01
    9.65242e-01     5.70026e-01

    5.48310e-01     9.70908e-01
    5.29410e-01     9.68058e-01

    5.48310e-01     9.70908e-01
    5.48310e-01     9.70908e-01

    4.87933e-01     9.69970e-01
    5.29410e-01     9.68058e-01

    4.87933e-01     9.69970e-01
    4.54075e-01     9.71530e-01

    5.48310e-01     9.70908e-01
    5.48310e-01     9.70908e-01

    5.48310e-01     9.70908e-01
    5.70026e-01     9.65242e-01

    3.28986e-01    -9.67056e-01
    3.11587e-01    -9.69559e-01

    3.28986e-01    -9.67056e-01
    3.28986e-01    -9.67056e-01

    3.47096e-01    -9.68848e-01
    3.92779e-01    -9.71808e-01

    4.25626e-01    -9.73936e-01
    3.92779e-01    -9.71808e-01

    3.28986e-01    -9.67056e-01
    3.47096e-01    -9.68848e-01

   -9.67056e-01     3.28986e-01
   -9.69559e-01     3.11587e-01

   -9.67056e-01     3.28986e-01
   -9.67056e-01     3.28986e-01

   -9.67056e-01     3.28986e-01
   -9.68848e-01     3.47096e-01

   -9.68848e-01     3.47096e-01
   -9.71808e-01     3.92779e-01

   -9.73936e-01     4.25626e-01
   -9.71808e-01     3.92779e-01

    9.61373e-01     5.93372e-01
    9.55826e-01     6.26840e-01

    9.61373e-01     5.93372e-01
    9.65242e-01     5.70026e-01

    9.59719e-01     6.57972e-01
    9.55826e-01     6.26840e-01

    9.59719e-01     6.57972e-01
    9.59719e-01     6.57972e-01

    9.59719e-01     6.57972e-01
    9.59719e-01     6.57972e-01

    9.59719e-01     6.57972e-01
    9.59719e-01     6.57972e-01

    9.59719e-01     6.57972e-01
    9.59719e-01     6.57972e-01

    9.59719e-01     6.57972e-01
    9.43260e-01     7.01670e-01

    9.43260e-01     7.01670e-01
    9.59719e-01     6.57972e-01

    6.57972e-01     9.59719e-01
    6.26840e-01     9.55826e-01

    6.57972e-01     9.59719e-01
    6.57972e-01     9.59719e-01

    6.57972e-01     9.59719e-01
    6.57972e-01     9.59719e-01

    5.93372e-01     9.61373e-01
    6.26840e-01     9.55826e-01

    5.93372e-01     9.61373e-01
    5.70026e-01     9.65242e-01

    6.57972e-01     9.59719e-01
    6.57972e-01     9.59719e-01

    6.57972e-01     9.59719e-01
    6.57972e-01     9.59719e-01

    6.57972e-01     9.59719e-01
    7.01670e-01     9.43260e-01

    6.57972e-01     9.59719e-01
    7.01670e-01     9.43260e-01

    4.38648e-01    -9.69491e-01
    4.25626e-01    -9.73936e-01

    4.38648e-01    -9.69491e-01
    4.38648e-01    -9.69491e-01

    5.29410e-01    -9.68058e-01
    4.87933e-01    -9.69970e-01

    4.54075e-01    -9.71530e-01
    4.87933e-01    -9.69970e-01

    4.38648e-01    -9.69491e-01
    4.54075e-01    -9.71530e-01

   -9.69491e-01     4.38648e-01
   -9.73936e-01     4.25626e-01

   -9.69491e-01     4.38648e-01
   -9.69491e-01     4.38648e-01

   -9.69491e-01     4.38648e-01
   -9.71530e-01     4.54075e-01

   -9.68058e-01     5.29410e-01
   -9.69970e-01     4.87933e-01

   -9.71530e-01     4.54075e-01
   -9.69970e-01     4.87933e-01

    5.48310e-01    -9.70908e-01
    5.29410e-01    -9.68058e-01

    5.48310e-01    -9.70908e-01
    5.48310e-01    -9.70908e-01

    5.48310e-01    -9.70908e-01
    5.48310e-01    -9.70908e-01

    6.26840e-01    -9.55826e-01
    5.93372e-01    -9.61373e-01

    5.70026e-01    -9.65242e-01
    5.93372e-01    -9.61373e-01

    5.48310e-01    -9.70908e-01
    5.70026e-01    -9.65242e-01

   -9.70908e-01     5.48310e-01
   -9.68058e-01     5.29410e-01

   -9.70908e-01     5.48310e-01
   -9.70908e-01     5.48310e-01

   -9.70908e-01     5.48310e-01
   -9.65242e-01     5.70026e-01

   -9.55826e-01     6.26840e-01
   -9.61373e-01     5.93372e-01

   -9.65242e-01     5.70026e-01
   -9.61373e-01     5.93372e-01

    6.57972e-01    -9.59719e-01
    6.26840e-01    -9.55826e-01

    6.57972e-01    -9.59719e-01
    6.57972e-01    -9.59719e-01

    6.57972e-01    -9.59719e-01
    6.57972e-01    -9.59719e-01

    6.57972e-01    -9.59719e-01
    7.01670e-01    -9.43260e-01

   -9.59719e-01     6.57972e-01
   -9.55826e-01     6.26840e-01

   -9.59719e-01     6.57972e-01
   -9.59719e-01     6.57972e-01

   -9.59719e-01     6.57972e-01
   -9.59719e-01     6.57972e-01

   -9.59719e-01     6.57972e-01
   -9.43260e-01     7.01670e-01

    9.43260e-01    -7.01670e-01
    9.59719e-01    -6.57972e-01

    9.59719e-01    -6.57972e-01
    9.59719e-01    -6.57972e-01

    9.59719e-01    -6.57972e-01
    9.59719e-01    -6.57972e-01

    9.55826e-01    -6.26840e-01
    9.59719e-01    -6.57972e-01

   -6.82942e-01     9.50314e-01
   -6.57972e-01     9.59719e-01

   -7.01670e-01     9.43260e-01
   -6.82942e-01     9.50314e-01

   -6.57972e-01     9.59719e-01
   -6.57972e-01     9.59719e-01

   -6.57972e-01     9.59719e-01
   -6.57972e-01     9.59719e-01

   -6.26840e-01     9.55826e-01
   -6.57972e-01     9.59719e-01

    9.61373e-01    -5.93372e-01
    9.55826e-01    -6.26840e-01

    9.61373e-01    -5.93372e-01
    9.65242e-01    -5.70026e-01

    9.65242e-01    -5.70026e-01
    9.70908e-01    -5.48310e-01

    9.70908e-01    -5.48310e-01
    9.70908e-01    -5.48310e-01

    9.68058e-01    -5.29410e-01
    9.70908e-01    -5.48310e-01

   -5.48310e-01     9.70908e-01
   -5.70026e-01     9.65242e-01

   -5.48310e-01     9.70908e-01
   -5.48310e-01     9.70908e-01

   -5.93372e-01     9.61373e-01
   -6.26840e-01     9.55826e-01

   -5.93372e-01     9.61373e-01
   -5.70026e-01     9.65242e-01

   -5.48310e-01     9.70908e-01
   -5.48310e-01     9.70908e-01

   -5.48310e-01     9.70908e-01
   -5.29410e-01     9.68058e-01

    9.69970e-01    -4.87933e-01
    9.68058e-01    -5.29410e-01

    9.69970e-01    -4.87933e-01
    9.71530e-01    -4.54075e-01

    9.71530e-01    -4.54075e-01
    9.69491e-01    -4.38648e-01

    9.69491e-01    -4.38648e-01
    9.69491e-01    -4.38648e-01

    9.73936e-01    -4.25626e-01
    9.69491e-01    -4.38648e-01

   -4.54075e-01     9.71530e-01
   -4.38648e-01     9.69491e-01

   -4.87933e-01     9.69970e-01
   -5.29410e-01     9.68058e-01

   -4.87933e-01     9.69970e-01
   -4.54075e-01     9.71530e-01

   -4.38648e-01     9.69491e-01
   -4.38648e-01     9.69491e-01

   -4.25626e-01     9.73936e-01
   -4.38648e-01     9.69491e-01

   -7.01670e-01    -9.43260e-01
   -6.57972e-01    -9.59719e-01

   -6.57972e-01    -9.59719e-01
   -7.01670e-01    -9.43260e-01

   -6.57972e-01    -9.59719e-01
   -6.57972e-01    -9.59719e-01

   -6.57972e-01    -9.59719e-01
   -6.57972e-01    -9.59719e-01

   -6.57972e-01    -9.59719e-01
   -6.57972e-01    -9.59719e-01

   -6.57972e-01    -9.59719e-01
   -6.57972e-01    -9.59719e-01

   -5.93372e-01    -9.61373e-01
   -6.26840e-01    -9.55826e-01

   -5.93372e-01    -9.61373e-01
   -6.26840e-01    -9.55826e-01

   -6.26840e-01    -9.55826e-01
   -6.26840e-01    -9.55826e-01

   -5.93372e-01    -9.61373e-01
   -5.70026e-01    -9.65242e-01

   -5.93372e-01    -9.61373e-01
   -5.93372e-01    -9.61373e-01

   -5.70026e-01    -9.65242e-01
   -5.93372e-01    -9.61373e-01

   -6.26840e-01    -9.55826e-01
   -6.57972e-01    -9.59719e-01

   -6.57972e-01    -9.59719e-01
   -6.26840e-01    -9.55826e-01

   -9.43260e-01    -7.01670e-01
   -9.59719e-01    -6.57972e-01

   -9.43260e-01    -7.01670e-01
   -9.59719e-01    -6.57972e-01

   -9.59719e-01    -6.57972e-01
   -9.59719e-01    -6.57972e-01

   -9.59719e-01    -6.57972e-01
   -9.59719e-01    -6.57972e-01

   -9.59719e-01    -6.57972e-01
   -9.59719e-01    -6.57972e-01

   -9.59719e-01    -6.57972e-01
   -9.59719e-01    -6.57972e-01

   -9.59719e-01    -6.57972e-01
   -9.59719e-01    -6.57972e-01

   -9.59719e-01    -6.57972e-01
   -9.55826e-01    -6.26840e-01

   -9.55826e-01    -6.26840e-01
   -9.61373e-01    -5.93372e-01

   -9.65242e-01    -5.70026e-01
   -9.65242e-01    -5.70026e-01

   -9.61373e-01    -5.93372e-01
   -9.61373e-01    -5.93372e-01

   -9.65242e-01    -5.70026e-01
   -9.61373e-01    -5.93372e-01

    9.71808e-01    -3.92779e-01
    9.68848e-01    -3.47096e-01

    9.71808e-01    -3.92779e-01
    9.73936e-01    -4.25626e-01

    9.68848e-01    -3.47096e-01
    9.67056e-01    -3.28986e-01

    9.67056e-01    -3.28986e-01
    9.67056e-01    -3.28986e-01

    9.69559e-01    -3.11587e-01
    9.67056e-01    -3.28986e-01

   -3.47096e-01     9.68848e-01
   -3.28986e-01     9.67056e-01

   -3.92779e-01     9.71808e-01
   -3.47096e-01     9.68848e-01

   -3.92779e-01     9.71808e-01
   -4.25626e-01     9.73936e-01

   -3.28986e-01     9.67056e-01
   -3.28986e-01     9.67056e-01

   -3.11587e-01     9.69559e-01
   -3.28986e-01     9.67056e-01

   -5.70026e-01    -9.65242e-01
   -5.48310e-01    -9.70908e-01

   -5.48310e-01    -9.70908e-01
   -5.70026e-01    -9.65242e-01

   -5.48310e-01    -9.70908e-01
   -5.48310e-01    -9.70908e-01

   -5.48310e-01    -9.70908e-01
   -5.48310e-01    -9.70908e-01

   -4.87933e-01    -9.69970e-01
   -5.29410e-01    -9.68058e-01

   -4.87933e-01    -9.69970e-01
   -5.29410e-01    -9.68058e-01

   -5.29410e-01    -9.68058e-01
   -5.29410e-01    -9.68058e-01

   -4.54075e-01    -9.71530e-01
   -4.87933e-01    -9.69970e-01

   -4.87933e-01    -9.69970e-01
   -4.87933e-01    -9.69970e-01

   -4.87933e-01    -9.69970e-01
   -4.54075e-01    -9.71530e-01

   -5.29410e-01    -9.68058e-01
   -5.48310e-01    -9.70908e-01

   -5.48310e-01    -9.70908e-01
   -5.29410e-01    -9.68058e-01

   -9.65242e-01    -5.70026e-01
   -9.70908e-01    -5.48310e-01

   -9.65242e-01    -5.70026e-01
   -9.70908e-01    -5.48310e-01

   -9.70908e-01    -5.48310e-01
   -9.70908e-01    -5.48310e-01

   -9.70908e-01    -5.48310e-01
   -9.70908e-01    -5.48310e-01

   -9.70908e-01    -5.48310e-01
   -9.68058e-01    -5.29410e-01

   -9.68058e-01    -5.29410e-01
   -9.70908e-01    -5.48310e-01

   -9.68058e-01    -5.29410e-01
   -9.69970e-01    -4.87933e-01

   -9.69970e-01    -4.87933e-01
   -9.68058e-01    -5.29410e-01

   -9.68058e-01    -5.29410e-01
   -9.68058e-01    -5.29410e-01

   -9.69970e-01    -4.87933e-01
   -9.71530e-01    -4.54075e-01

   -9.69970e-01    -4.87933e-01
   -9.69970e-01    -4.87933e-01

   -9.71530e-01    -4.54075e-01
   -9.69970e-01    -4.87933e-01

    9.66456e-01    -2.83935e-01
    9.62005e-01    -2.44277e-01

    9.66456e-01    -2.83935e-01
    9.69559e-01    -3.11587e-01

    9.62005e-01    -2.44277e-01
    9.59067e-01    -2.19324e-01

    9.59067e-01    -2.19324e-01
    9.59067e-01    -2.19324e-01

    9.59844e-01    -1.92210e-01
    9.59067e-01    -2.19324e-01

   -2.44277e-01     9.62005e-01
   -2.19324e-01     9.59067e-01

   -2.83935e-01     9.66456e-01
   -2.44277e-01     9.62005e-01

   -2.83935e-01     9.66456e-01
   -3.11587e-01     9.69559e-01

   -2.19324e-01     9.59067e-01
   -2.19324e-01     9.59067e-01

   -1.92210e-01     9.59844e-01
   -2.19324e-01     9.59067e-01

   -4.54075e-01    -9.71530e-01
   -4.38648e-01    -9.69491e-01

   -4.38648e-01    -9.69491e-01
   -4.54075e-01    -9.71530e-01

   -4.38648e-01    -9.69491e-01
   -4.38648e-01    -9.69491e-01

   -4.38648e-01    -9.69491e-01
   -4.38648e-01    -9.69491e-01

   -3.92779e-01    -9.71808e-01
   -3.47096e-01    -9.68848e-01

   -3.92779e-01    -9.71808e-01
   -3.92779e-01    -9.71808e-01

   -3.92779e-01    -9.71808e-01
   -3.47096e-01    -9.68848e-01

   -3.47096e-01    -9.68848e-01
   -3.47096e-01    -9.68848e-01

   -3.92779e-01    -9.71808e-01
   -4.25626e-01    -9.73936e-01

   -4.25626e-01    -9.73936e-01
   -4.25626e-01    -9.73936e-01

   -3.92779e-01    -9.71808e-01
   -3.92779e-01    -9.71808e-01

   -3.92779e-01    -9.71808e-01
   -3.92779e-01    -9.71808e-01

   -4.25626e-01    -9.73936e-01
   -3.92779e-01    -9.71808e-01

   -4.25626e-01    -9.73936e-01
   -4.25626e-01    -9.73936e-01

   -4.38648e-01    -9.69491e-01
   -4.25626e-01    -9.73936e-01

   -4.25626e-01    -9.73936e-01
   -4.38648e-01    -9.69491e-01

   -9.71530e-01    -4.54075e-01
   -9.69491e-01    -4.38648e-01

   -9.71530e-01    -4.54075e-01
   -9.69491e-01    -4.38648e-01

   -9.69491e-01    -4.38648e-01
   -9.69491e-01    -4.38648e-01

   -9.69491e-01    -4.38648e-01
   -9.69491e-01    -4.38648e-01

   -9.69491e-01    -4.38648e-01
   -9.73936e-01    -4.25626e-01

   -9.69491e-01    -4.38648e-01
   -9.73936e-01    -4.25626e-01

   -9.68848e-01    -3.47096e-01
   -9.71808e-01    -3.92779e-01

   -9.71808e-01    -3.92779e-01
   -9.71808e-01    -3.92779e-01

   -9.71808e-01    -3.92779e-01
   -9.68848e-01    -3.47096e-01

   -9.68848e-01    -3.47096e-01
   -9.68848e-01    -3.47096e-01

   -9.73936e-01    -4.25626e-01
   -9.71808e-01    -3.92779e-01

   -9.73936e-01    -4.25626e-01
   -9.73936e-01    -4.25626e-01

   -9.71808e-01    -3.92779e-01
   -9.71808e-01    -3.92779e-01

   -9.71808e-01    -3.92779e-01
   -9.71808e-01    -3.92779e-01

   -9.71808e-01    -3.92779e-01
   -9.73936e-01    -4.25626e-01

   -9.73936e-01    -4.25626e-01
   -9.73936e-01    -4.25626e-01

    9.57390e-01    -1.69456e-01
    9.54447e-01    -1.42173e-01

    9.57390e-01    -1.69456e-01
    9.59844e-01    -1.92210e-01

    9.51718e-01    -1.09662e-01
    9.54447e-01    -1.42173e-01

    9.51718e-01    -1.09662e-01
    9.51718e-01    -1.09662e-01

    9.51718e-01    -1.09662e-01
    9.51718e-01    -1.09662e-01

    9.51718e-01    -1.09662e-01
    9.49301e-01    -7.20057e-02

   -1.42173e-01     9.54447e-01
   -1.09662e-01     9.51718e-01

   -1.69456e-01     9.57390e-01
   -1.42173e-01     9.54447e-01

   -1.69456e-01     9.57390e-01
   -1.92210e-01     9.59844e-01

   -1.09662e-01     9.51718e-01
   -1.09662e-01     9.51718e-01

   -7.20057e-02     9.49301e-01
   -1.09662e-01     9.51718e-01

   -3.47096e-01    -9.68848e-01
   -3.28986e-01    -9.67056e-01

   -3.28986e-01    -9.67056e-01
   -3.47096e-01    -9.68848e-01

   -3.28986e-01    -9.67056e-01
   -3.28986e-01    -9.67056e-01

   -3.28986e-01    -9.67056e-01
   -3.28986e-01    -9.67056e-01

   -2.44277e-01    -9.62005e-01
   -2.83935e-01    -9.66456e-01

   -2.44277e-01    -9.62005e-01
   -2.44277e-01    -9.62005e-01

   -2.44277e-01    -9.62005e-01
   -2.44277e-01    -9.62005e-01

   -3.11587e-01    -9.69559e-01
   -3.11587e-01    -9.69559e-01

   -2.83935e-01    -9.66456e-01
   -2.83935e-01    -9.66456e-01

   -3.11587e-01    -9.69559e-01
   -2.83935e-01    -9.66456e-01

   -3.11587e-01    -9.69559e-01
   -3.28986e-01    -9.67056e-01

   -3.11587e-01    -9.69559e-01
   -3.28986e-01    -9.67056e-01

   -9.68848e-01    -3.47096e-01
   -9.67056e-01    -3.28986e-01

   -9.68848e-01    -3.47096e-01
   -9.67056e-01    -3.28986e-01

   -9.67056e-01    -3.28986e-01
   -9.67056e-01    -3.28986e-01

   -9.67056e-01    -3.28986e-01
   -9.67056e-01    -3.28986e-01

   -9.69559e-01    -3.11587e-01
   -9.67056e-01    -3.28986e-01

   -9.67056e-01    -3.28986e-01
   -9.69559e-01    -3.11587e-01

   -9.62005e-01    -2.44277e-01
   -9.66456e-01    -2.83935e-01

   -9.62005e-01    -2.44277e-01
   -9.62005e-01    -2.44277e-01

   -9.62005e-01    -2.44277e-01
   -9.62005e-01    -2.44277e-01

   -9.69559e-01    -3.11587e-01
   -9.69559e-01    -3.11587e-01

   -9.66456e-01    -2.83935e-01
   -9.66456e-01    -2.83935e-01

   -9.69559e-01    -3.11587e-01
   -9.66456e-01    -2.83935e-01

    9.48513e-01    -5.59788e-02
    9.47691e-01    -3.92665e-02

    9.48513e-01    -5.59788e-02
    9.49301e-01    -7.20057e-02

    9.48743e-01     0.00000e+00
    9.47691e-01    -3.92665e-02

    9.48743e-01     0.00000e+00
    9.48743e-01     0.00000e+00

    9.48743e-01     0.00000e+00
    9.48743e-01     0.00000e+00

    9.48743e-01     0.00000e+00
    9.47691e-01     3.92665e-02

    0.00000e+00     9.48743e-01
   -3.92665e-02     9.47691e-01

    0.00000e+00     9.48743e-01
    0.00000e+00     9.48743e-01

   -5.59788e-02     9.48513e-01
   -3.92665e-02     9.47691e-01

   -5.59788e-02     9.48513e-01
   -7.20057e-02     9.49301e-01

    0.00000e+00     9.48743e-01
    0.00000e+00     9.48743e-01

    0.00000e+00     9.48743e-01
    3.92665e-02     9.47691e-01

   -2.44277e-01    -9.62005e-01
   -2.19324e-01    -9.59067e-01

   -2.19324e-01    -9.59067e-01
   -2.44277e-01    -9.62005e-01

   -2.19324e-01    -9.59067e-01
   -2.19324e-01    -9.59067e-01

   -2.19324e-01    -9.59067e-01
   -2.19324e-01    -9.59067e-01

   -1.42173e-01    -9.54447e-01
   -1.69456e-01    -9.57390e-01

   -1.42173e-01    -9.54447e-01
   -1.42173e-01    -9.54447e-01

   -1.42173e-01    -9.54447e-01
   -1.42173e-01    -9.54447e-01

   -1.92210e-01    -9.59844e-01
   -1.92210e-01    -9.59844e-01

   -1.69457e-01    -9.57390e-01
   -1.69456e-01    -9.57390e-01

   -1.92210e-01    -9.59844e-01
   -1.69457e-01    -9.57390e-01

   -1.92210e-01    -9.59844e-01
   -2.19324e-01    -9.59067e-01

   -1.92210e-01    -9.59844e-01
   -2.19324e-01    -9.59067e-01

   -9.62005e-01    -2.44277e-01
   -9.59067e-01    -2.19324e-01

   -9.62005e-01    -2.44277e-01
   -9.59067e-01    -2.19324e-01

   -9.59067e-01    -2.19324e-01
   -9.59067e-01    -2.19324e-01

   -9.59067e-01    -2.19324e-01
   -9.59067e-01    -2.19324e-01

   -9.59844e-01    -1.92210e-01
   -9.59067e-01    -2.19324e-01

   -9.59067e-01    -2.19324e-01
   -9.59844e-01    -1.92210e-01

   -9.54447e-01    -1.42173e-01
   -9.57390e-01    -1.69456e-01

   -9.54447e-01    -1.42173e-01
   -9.54447e-01    -1.42173e-01

   -9.54447e-01    -1.42173e-01
   -9.54447e-01    -1.42173e-01

   -9.59844e-01    -1.92210e-01
   -9.59844e-01    -1.92210e-01

   -9.57390e-01    -1.69457e-01
   -9.57390e-01    -1.69456e-01

   -9.59844e-01    -1.92210e-01
   -9.57390e-01    -1.69457e-01

    9.48513e-01     5.59788e-02
    9.47691e-01     3.92665e-02

    9.48513e-01     5.59788e-02
    9.49301e-01     7.20057e-02

    9.49301e-01     7.20057e-02
    9.51718e-01     1.09662e-01

    9.51718e-01     1.09662e-01
    9.51718e-01     1.09662e-01

    9.54447e-01     1.42173e-01
    9.51718e-01     1.09662e-01

    7.20057e-02     9.49301e-01
    1.09662e-01     9.51718e-01

    5.59788e-02     9.48513e-01
    3.92665e-02     9.47691e-01

    5.59788e-02     9.48513e-01
    7.20057e-02     9.49301e-01

    1.09662e-01     9.51718e-01
    1.09662e-01     9.51718e-01

    1.42173e-01     9.54447e-01
    1.09662e-01     9.51718e-01

