   -1.48126e-01    -9.15760e-01
   -1.09662e-01    -9.18180e-01

   -1.60848e-01    -9.18316e-01
   -1.48126e-01    -9.15760e-01

   -1.60848e-01    -9.18316e-01
   -1.75382e-01    -9.21237e-01

   -1.09662e-01    -9.18180e-01
   -1.09662e-01    -9.18180e-01

   -7.70954e-02    -9.09862e-01
   -1.09662e-01    -9.18180e-01

   -9.18316e-01    -1.60848e-01
   -9.15760e-01    -1.48126e-01

   -9.18316e-01    -1.60848e-01
   -9.21237e-01    -1.75382e-01

   -9.18180e-01    -1.09662e-01
   -9.15760e-01    -1.48126e-01

   -9.18180e-01    -1.09662e-01
   -9.18180e-01    -1.09662e-01

   -9.18180e-01    -1.09662e-01
   -9.09862e-01    -7.70954e-02

    9.34299e-01     2.19324e-01
    9.21237e-01     1.75382e-01

    9.34299e-01     2.19324e-01
    9.34299e-01     2.19324e-01

    9.34299e-01     2.19324e-01
    9.34299e-01     2.19324e-01

    9.34299e-01     2.19324e-01
    9.25954e-01     2.67982e-01

    9.25961e-01     2.74147e-01
    9.25954e-01     2.67982e-01

    9.25961e-01     2.74147e-01
    9.25968e-01     2.80313e-01

    2.19324e-01     9.34299e-01
    1.75382e-01     9.21237e-01

    2.19324e-01     9.34299e-01
    2.19324e-01     9.34299e-01

    2.19324e-01     9.34299e-01
    2.19324e-01     9.34299e-01

    2.74147e-01     9.25961e-01
    2.67982e-01     9.25954e-01

    2.74147e-01     9.25961e-01
    2.80313e-01     9.25968e-01

    2.19324e-01     9.34299e-01
    2.67982e-01     9.25954e-01

    0.00000e+00    -9.10138e-01
   -2.85296e-02    -9.05825e-01

    0.00000e+00    -9.10138e-01
    0.00000e+00    -9.10138e-01

   -5.12080e-02    -9.07710e-01
   -2.85296e-02    -9.05825e-01

   -5.12080e-02    -9.07710e-01
   -7.70954e-02    -9.09862e-01

    0.00000e+00    -9.10138e-01
    0.00000e+00    -9.10138e-01

    0.00000e+00    -9.10138e-01
    2.85296e-02    -9.05825e-01

   -9.07710e-01    -5.12080e-02
   -9.05825e-01    -2.85296e-02

   -9.07710e-01    -5.12080e-02
   -9.09862e-01    -7.70954e-02

   -9.10138e-01     0.00000e+00
   -9.05825e-01    -2.85296e-02

   -9.10138e-01     0.00000e+00
   -9.10138e-01     0.00000e+00

   -9.10138e-01     0.00000e+00
   -9.10138e-01     0.00000e+00

   -9.10138e-01     0.00000e+00
   -9.05825e-01     2.85296e-02

    9.28364e-01     3.28986e-01
    9.25968e-01     2.80313e-01

    9.28364e-01     3.28986e-01
    9.28364e-01     3.28986e-01

    9.28364e-01     3.28986e-01
    9.28364e-01     3.28986e-01

    9.28364e-01     3.28986e-01
    9.14060e-01     3.65751e-01

    8.84136e-01     4.28446e-01
    8.81067e-01     4.34877e-01

    8.84136e-01     4.28446e-01
    9.14060e-01     3.65751e-01

    3.28986e-01     9.28364e-01
    2.80313e-01     9.25968e-01

    3.28986e-01     9.28364e-01
    3.28986e-01     9.28364e-01

    3.28986e-01     9.28364e-01
    3.28986e-01     9.28364e-01

    4.28446e-01     8.84136e-01
    4.34877e-01     8.81067e-01

    4.28446e-01     8.84136e-01
    3.65751e-01     9.14060e-01

    3.28986e-01     9.28364e-01
    3.65751e-01     9.14060e-01

    1.09662e-01    -9.18180e-01
    7.70954e-02    -9.09862e-01

    1.09662e-01    -9.18180e-01
    1.09662e-01    -9.18180e-01

    5.12080e-02    -9.07710e-01
    2.85296e-02    -9.05825e-01

    5.12080e-02    -9.07710e-01
    7.70954e-02    -9.09862e-01

    1.09662e-01    -9.18180e-01
    1.48126e-01    -9.15760e-01

   -9.07710e-01     5.12080e-02
   -9.05825e-01     2.85296e-02

   -9.07710e-01     5.12080e-02
   -9.09862e-01     7.70954e-02

   -9.18180e-01     1.09662e-01
   -9.09862e-01     7.70954e-02

   -9.18180e-01     1.09662e-01
   -9.18180e-01     1.09662e-01

   -9.18180e-01     1.09662e-01
   -9.18180e-01     1.09662e-01

   -9.18180e-01     1.09662e-01
   -9.15760e-01     1.48126e-01

    8.79457e-01     4.38648e-01
    8.81067e-01     4.34877e-01

    8.79457e-01     4.38648e-01
    8.79457e-01     4.38648e-01

    8.77296e-01     4.42306e-01
    8.36738e-01     5.07752e-01

    8.77296e-01     4.42306e-01
    8.77296e-01     4.42306e-01

    8.16800e-01     5.48310e-01
    8.36738e-01     5.07752e-01

    8.16800e-01     5.48310e-01
    8.16800e-01     5.48310e-01

    8.16800e-01     5.48310e-01
    8.16800e-01     5.48310e-01

    8.79457e-01     4.38648e-01
    8.79457e-01     4.38648e-01

    8.77296e-01     4.42306e-01
    8.77296e-01     4.42306e-01

    8.79457e-01     4.38648e-01
    8.79337e-01     4.40689e-01

    8.77296e-01     4.42306e-01
    8.79337e-01     4.40689e-01

    7.67634e-01     6.14538e-01
    7.44647e-01     6.34985e-01

    7.67634e-01     6.14538e-01
    7.67634e-01     6.14538e-01

    7.31488e-01     6.57972e-01
    7.44647e-01     6.34985e-01

    7.31488e-01     6.57972e-01
    7.31488e-01     6.57972e-01

    8.16800e-01     5.48310e-01
    8.16800e-01     5.48310e-01

    8.16800e-01     5.48310e-01
    8.16800e-01     5.48310e-01

    7.67634e-01     6.14538e-01
    7.67634e-01     6.14538e-01

    8.16800e-01     5.48310e-01
    7.99864e-01     5.80540e-01

    7.67634e-01     6.14538e-01
    7.99864e-01     5.80540e-01

    6.57972e-01     7.31488e-01
    6.34985e-01     7.44647e-01

    6.57972e-01     7.31488e-01
    6.57972e-01     7.31488e-01

    6.14538e-01     7.67634e-01
    6.34985e-01     7.44647e-01

    6.14538e-01     7.67634e-01
    6.14538e-01     7.67634e-01

    7.31488e-01     6.57972e-01
    6.93988e-01     6.93988e-01

    6.57972e-01     7.31488e-01
    6.93988e-01     6.93988e-01

    5.48310e-01     8.16800e-01
    5.07752e-01     8.36738e-01

    5.48310e-01     8.16800e-01
    5.48310e-01     8.16800e-01

    5.48310e-01     8.16800e-01
    5.48310e-01     8.16800e-01

    4.42306e-01     8.77296e-01
    5.07752e-01     8.36738e-01

    4.42306e-01     8.77296e-01
    4.42306e-01     8.77296e-01

    6.14538e-01     7.67634e-01
    6.14538e-01     7.67634e-01

    5.48310e-01     8.16800e-01
    5.48310e-01     8.16800e-01

    5.48310e-01     8.16800e-01
    5.48310e-01     8.16800e-01

    6.14538e-01     7.67634e-01
    5.80540e-01     7.99864e-01

    5.48310e-01     8.16800e-01
    5.80540e-01     7.99864e-01

    4.38648e-01     8.79457e-01
    4.34877e-01     8.81067e-01

    4.38648e-01     8.79457e-01
    4.38648e-01     8.79457e-01

    4.42306e-01     8.77296e-01
    4.42306e-01     8.77296e-01

    4.38648e-01     8.79457e-01
    4.38648e-01     8.79457e-01

    4.42306e-01     8.77296e-01
    4.40689e-01     8.79337e-01

    4.38648e-01     8.79457e-01
    4.40689e-01     8.79337e-01

    2.19324e-01    -9.34299e-01
    1.75382e-01    -9.21237e-01

    2.19324e-01    -9.34299e-01
    2.19324e-01    -9.34299e-01

    1.60848e-01    -9.18316e-01
    1.48126e-01    -9.15760e-01

    1.60848e-01    -9.18316e-01
    1.75382e-01    -9.21237e-01

    2.19324e-01    -9.34299e-01
    2.67982e-01    -9.25954e-01

   -9.18316e-01     1.60848e-01
   -9.15760e-01     1.48126e-01

   -9.18316e-01     1.60848e-01
   -9.21237e-01     1.75382e-01

   -9.34299e-01     2.19324e-01
   -9.21237e-01     1.75382e-01

   -9.34299e-01     2.19324e-01
   -9.34299e-01     2.19324e-01

   -9.34299e-01     2.19324e-01
   -9.25954e-01     2.67982e-01

    3.28986e-01    -9.28364e-01
    2.80313e-01    -9.25968e-01

    3.28986e-01    -9.28364e-01
    3.28986e-01    -9.28364e-01

    2.74147e-01    -9.25961e-01
    2.67982e-01    -9.25954e-01

    2.74147e-01    -9.25961e-01
    2.80313e-01    -9.25968e-01

    3.28986e-01    -9.28364e-01
    3.65750e-01    -9.14060e-01

   -9.25961e-01     2.74147e-01
   -9.25954e-01     2.67982e-01

   -9.25961e-01     2.74147e-01
   -9.25968e-01     2.80313e-01

   -9.28364e-01     3.28986e-01
   -9.25968e-01     2.80313e-01

   -9.28364e-01     3.28986e-01
   -9.28364e-01     3.28986e-01

   -9.28364e-01     3.28986e-01
   -9.14060e-01     3.65750e-01

    4.38648e-01    -8.79456e-01
    4.34877e-01    -8.81067e-01

    4.38648e-01    -8.79456e-01
    4.38648e-01    -8.79457e-01

    4.28446e-01    -8.84136e-01
    4.34877e-01    -8.81067e-01

    4.28446e-01    -8.84136e-01
    3.65750e-01    -9.14060e-01

    4.38648e-01    -8.79457e-01
    4.40689e-01    -8.79337e-01

   -8.84136e-01     4.28446e-01
   -8.81067e-01     4.34877e-01

   -8.84136e-01     4.28446e-01
   -9.14060e-01     3.65750e-01

   -8.79457e-01     4.38648e-01
   -8.81067e-01     4.34877e-01

   -8.79457e-01     4.38648e-01
   -8.79457e-01     4.38648e-01

   -8.79457e-01     4.38648e-01
   -8.79337e-01     4.40689e-01

    4.42306e-01    -8.77296e-01
    4.40689e-01    -8.79337e-01

    4.42306e-01    -8.77296e-01
    4.42306e-01    -8.77296e-01

    4.42306e-01    -8.77296e-01
    4.42306e-01    -8.77296e-01

    4.42306e-01    -8.77296e-01
    5.07752e-01    -8.36738e-01

   -8.77296e-01     4.42305e-01
   -8.79337e-01     4.40689e-01

   -8.77296e-01     4.42306e-01
   -8.77296e-01     4.42305e-01

   -8.77296e-01     4.42306e-01
   -8.36738e-01     5.07752e-01

    5.48310e-01    -8.16800e-01
    5.07752e-01    -8.36738e-01

    5.48310e-01    -8.16800e-01
    5.48310e-01    -8.16800e-01

    5.48310e-01    -8.16800e-01
    5.48310e-01    -8.16800e-01

    5.48310e-01    -8.16800e-01
    5.48310e-01    -8.16800e-01

    5.48310e-01    -8.16800e-01
    5.48310e-01    -8.16800e-01

    5.48310e-01    -8.16800e-01
    5.80540e-01    -7.99864e-01

   -8.16800e-01     5.48310e-01
   -8.36738e-01     5.07752e-01

   -8.16800e-01     5.48310e-01
   -8.16800e-01     5.48310e-01

   -8.16800e-01     5.48310e-01
   -8.16800e-01     5.48310e-01

   -8.16800e-01     5.48310e-01
   -7.99864e-01     5.80540e-01

    6.14538e-01    -7.67634e-01
    5.80540e-01    -7.99864e-01

    6.14538e-01    -7.67634e-01
    6.14538e-01    -7.67634e-01

    6.14538e-01    -7.67634e-01
    6.14538e-01    -7.67634e-01

    6.14538e-01    -7.67634e-01
    6.34986e-01    -7.44648e-01

   -7.67634e-01     6.14538e-01
   -7.99864e-01     5.80540e-01

   -7.67634e-01     6.14538e-01
   -7.67634e-01     6.14538e-01

   -7.67634e-01     6.14538e-01
   -7.67634e-01     6.14538e-01

   -7.67634e-01     6.14538e-01
   -7.44648e-01     6.34985e-01

    6.57972e-01    -7.31488e-01
    6.34986e-01    -7.44648e-01

    6.57972e-01    -7.31488e-01
    6.57972e-01    -7.31488e-01

    6.57972e-01    -7.31488e-01
    6.57972e-01    -7.31488e-01

    6.57972e-01    -7.31488e-01
    6.93988e-01    -6.93988e-01

   -7.31488e-01     6.57972e-01
   -7.44648e-01     6.34985e-01

   -7.31488e-01     6.57972e-01
   -7.31488e-01     6.57972e-01

   -7.31488e-01     6.57972e-01
   -7.31488e-01     6.57972e-01

   -7.31488e-01     6.57972e-01
   -6.93988e-01     6.93988e-01

    7.31488e-01    -6.57972e-01
    6.93988e-01    -6.93988e-01

    7.31488e-01    -6.57972e-01
    7.31488e-01    -6.57972e-01

    7.31488e-01    -6.57972e-01
    7.31488e-01    -6.57972e-01

    7.31488e-01    -6.57972e-01
    7.44648e-01    -6.34985e-01

   -6.57972e-01     7.31488e-01
   -6.93988e-01     6.93988e-01

   -6.57972e-01     7.31488e-01
   -6.57972e-01     7.31488e-01

   -6.57972e-01     7.31488e-01
   -6.57972e-01     7.31488e-01

   -6.57972e-01     7.31488e-01
   -6.34986e-01     7.44648e-01

    7.67634e-01    -6.14538e-01
    7.44648e-01    -6.34985e-01

    7.67634e-01    -6.14538e-01
    7.67634e-01    -6.14538e-01

    7.67634e-01    -6.14538e-01
    7.67634e-01    -6.14538e-01

    7.67634e-01    -6.14538e-01
    7.99864e-01    -5.80540e-01

   -6.14538e-01     7.67634e-01
   -6.34986e-01     7.44648e-01

   -6.14538e-01     7.67634e-01
   -6.14538e-01     7.67634e-01

   -6.14538e-01     7.67634e-01
   -6.14538e-01     7.67634e-01

   -6.14538e-01     7.67634e-01
   -5.80540e-01     7.99864e-01

    7.99864e-01    -5.80540e-01
    8.16800e-01    -5.48310e-01

    8.16800e-01    -5.48310e-01
    8.16800e-01    -5.48310e-01

    8.16800e-01    -5.48310e-01
    8.16800e-01    -5.48310e-01

    8.36738e-01    -5.07752e-01
    8.16800e-01    -5.48310e-01

   -5.48310e-01     8.16800e-01
   -5.80540e-01     7.99864e-01

   -5.48310e-01     8.16800e-01
   -5.48310e-01     8.16800e-01

   -5.48310e-01     8.16800e-01
   -5.48310e-01     8.16800e-01

   -5.48310e-01     8.16800e-01
   -5.48310e-01     8.16800e-01

   -5.48310e-01     8.16800e-01
   -5.48310e-01     8.16800e-01

   -5.48310e-01     8.16800e-01
   -5.07752e-01     8.36738e-01

    8.36738e-01    -5.07752e-01
    8.77296e-01    -4.42306e-01

    8.77296e-01    -4.42305e-01
    8.77296e-01    -4.42306e-01

    8.79337e-01    -4.40689e-01
    8.77296e-01    -4.42305e-01

   -4.42306e-01     8.77296e-01
   -5.07752e-01     8.36738e-01

   -4.42306e-01     8.77296e-01
   -4.42306e-01     8.77296e-01

   -4.42306e-01     8.77296e-01
   -4.42306e-01     8.77296e-01

   -4.42306e-01     8.77296e-01
   -4.40689e-01     8.79337e-01

    8.79337e-01    -4.40689e-01
    8.79457e-01    -4.38648e-01

    8.79457e-01    -4.38648e-01
    8.79457e-01    -4.38648e-01

    8.81067e-01    -4.34877e-01
    8.79457e-01    -4.38648e-01

    8.84136e-01    -4.28446e-01
    8.81067e-01    -4.34877e-01

    8.84136e-01    -4.28446e-01
    9.14060e-01    -3.65750e-01

   -4.40689e-01     8.79337e-01
   -4.38648e-01     8.79457e-01

   -4.38648e-01     8.79457e-01
   -4.38648e-01     8.79456e-01

   -4.28446e-01     8.84136e-01
   -4.34877e-01     8.81067e-01

   -4.28446e-01     8.84136e-01
   -3.65750e-01     9.14060e-01

   -4.34877e-01     8.81067e-01
   -4.38648e-01     8.79456e-01

    9.14060e-01    -3.65750e-01
    9.28364e-01    -3.28986e-01

    9.28364e-01    -3.28986e-01
    9.28364e-01    -3.28986e-01

    9.25968e-01    -2.80313e-01
    9.28364e-01    -3.28986e-01

    9.25961e-01    -2.74147e-01
    9.25954e-01    -2.67982e-01

    9.25961e-01    -2.74147e-01
    9.25968e-01    -2.80313e-01

   -3.65750e-01     9.14060e-01
   -3.28986e-01     9.28364e-01

   -3.28986e-01     9.28364e-01
   -3.28986e-01     9.28364e-01

   -2.74147e-01     9.25961e-01
   -2.67982e-01     9.25954e-01

   -2.74147e-01     9.25961e-01
   -2.80313e-01     9.25968e-01

   -2.80313e-01     9.25968e-01
   -3.28986e-01     9.28364e-01

    9.25954e-01    -2.67982e-01
    9.34299e-01    -2.19324e-01

    9.34299e-01    -2.19324e-01
    9.34299e-01    -2.19324e-01

    9.21237e-01    -1.75382e-01
    9.34299e-01    -2.19324e-01

    9.18316e-01    -1.60848e-01
    9.15760e-01    -1.48126e-01

    9.18316e-01    -1.60848e-01
    9.21237e-01    -1.75382e-01

   -2.67982e-01     9.25954e-01
   -2.19324e-01     9.34299e-01

   -2.19324e-01     9.34299e-01
   -2.19324e-01     9.34299e-01

   -1.60848e-01     9.18316e-01
   -1.48126e-01     9.15760e-01

   -1.60848e-01     9.18316e-01
   -1.75382e-01     9.21237e-01

   -1.75382e-01     9.21237e-01
   -2.19324e-01     9.34299e-01

   -4.40689e-01    -8.79337e-01
   -4.38648e-01    -8.79457e-01

   -4.38648e-01    -8.79457e-01
   -4.40689e-01    -8.79337e-01

   -4.38648e-01    -8.79457e-01
   -4.38648e-01    -8.79457e-01

   -4.40689e-01    -8.79337e-01
   -4.42306e-01    -8.77296e-01

   -4.40689e-01    -8.79337e-01
   -4.42306e-01    -8.77296e-01

   -4.42306e-01    -8.77296e-01
   -4.42306e-01    -8.77296e-01

   -4.38648e-01    -8.79457e-01
   -4.38648e-01    -8.79457e-01

   -4.38648e-01    -8.79457e-01
   -4.34877e-01    -8.81067e-01

   -4.34877e-01    -8.81067e-01
   -4.38648e-01    -8.79457e-01

   -5.80540e-01    -7.99863e-01
   -5.48310e-01    -8.16800e-01

   -5.48310e-01    -8.16800e-01
   -5.80540e-01    -7.99863e-01

   -5.48310e-01    -8.16800e-01
   -5.48310e-01    -8.16800e-01

   -5.48310e-01    -8.16800e-01
   -5.48310e-01    -8.16800e-01

   -6.14538e-01    -7.67634e-01
   -5.80540e-01    -7.99863e-01

   -5.80540e-01    -7.99863e-01
   -6.14538e-01    -7.67634e-01

   -6.14538e-01    -7.67634e-01
   -6.14538e-01    -7.67634e-01

   -4.42306e-01    -8.77296e-01
   -4.42306e-01    -8.77296e-01

   -5.48310e-01    -8.16800e-01
   -5.48310e-01    -8.16800e-01

   -5.48310e-01    -8.16800e-01
   -5.48310e-01    -8.16800e-01

   -5.07752e-01    -8.36738e-01
   -4.42306e-01    -8.77296e-01

   -4.42306e-01    -8.77296e-01
   -5.07752e-01    -8.36738e-01

   -5.48310e-01    -8.16800e-01
   -5.07752e-01    -8.36738e-01

   -5.07752e-01    -8.36738e-01
   -5.48310e-01    -8.16800e-01

   -6.57972e-01    -7.31488e-01
   -6.93988e-01    -6.93988e-01

   -6.93988e-01    -6.93988e-01
   -6.93988e-01    -6.93988e-01

   -6.93988e-01    -6.93988e-01
   -7.31488e-01    -6.57972e-01

   -6.93988e-01    -6.93988e-01
   -6.93988e-01    -6.93988e-01

   -6.14538e-01    -7.67634e-01
   -6.14538e-01    -7.67634e-01

   -6.57972e-01    -7.31488e-01
   -6.57972e-01    -7.31488e-01

   -6.14538e-01    -7.67634e-01
   -6.34985e-01    -7.44647e-01

   -6.14538e-01    -7.67634e-01
   -6.34985e-01    -7.44647e-01

   -6.34985e-01    -7.44647e-01
   -6.57972e-01    -7.31488e-01

   -6.34985e-01    -7.44647e-01
   -6.34985e-01    -7.44647e-01

   -7.67634e-01    -6.14538e-01
   -7.99863e-01    -5.80540e-01

   -7.67634e-01    -6.14538e-01
   -7.99863e-01    -5.80540e-01

   -7.67634e-01    -6.14538e-01
   -7.67634e-01    -6.14538e-01

   -7.99863e-01    -5.80540e-01
   -8.16800e-01    -5.48310e-01

   -7.99863e-01    -5.80540e-01
   -8.16800e-01    -5.48310e-01

   -8.16800e-01    -5.48310e-01
   -8.16800e-01    -5.48310e-01

   -8.16800e-01    -5.48310e-01
   -8.16800e-01    -5.48310e-01

   -7.31488e-01    -6.57972e-01
   -7.31488e-01    -6.57972e-01

   -7.67634e-01    -6.14538e-01
   -7.67634e-01    -6.14538e-01

   -7.44647e-01    -6.34985e-01
   -7.31488e-01    -6.57972e-01

   -7.44647e-01    -6.34985e-01
   -7.44647e-01    -6.34985e-01

   -7.67634e-01    -6.14538e-01
   -7.44647e-01    -6.34985e-01

   -7.44647e-01    -6.34985e-01
   -7.67634e-01    -6.14538e-01

   -8.79337e-01    -4.40689e-01
   -8.77296e-01    -4.42306e-01

   -8.77296e-01    -4.42306e-01
   -8.79337e-01    -4.40689e-01

   -8.77296e-01    -4.42306e-01
   -8.77296e-01    -4.42306e-01

   -8.79337e-01    -4.40689e-01
   -8.79457e-01    -4.38648e-01

   -8.79337e-01    -4.40689e-01
   -8.79457e-01    -4.38648e-01

   -8.79457e-01    -4.38648e-01
   -8.79457e-01    -4.38648e-01

   -8.16800e-01    -5.48310e-01
   -8.16800e-01    -5.48310e-01

   -8.16800e-01    -5.48310e-01
   -8.16800e-01    -5.48310e-01

   -8.77296e-01    -4.42306e-01
   -8.77296e-01    -4.42306e-01

   -8.16800e-01    -5.48310e-01
   -8.36738e-01    -5.07752e-01

   -8.16800e-01    -5.48310e-01
   -8.36738e-01    -5.07752e-01

   -8.36738e-01    -5.07752e-01
   -8.77296e-01    -4.42306e-01

   -8.36738e-01    -5.07752e-01
   -8.77296e-01    -4.42306e-01

   -8.79457e-01    -4.38648e-01
   -8.79457e-01    -4.38648e-01

   -8.79457e-01    -4.38648e-01
   -8.81067e-01    -4.34877e-01

   -8.79457e-01    -4.38648e-01
   -8.81067e-01    -4.34877e-01

    9.18180e-01    -1.09662e-01
    9.15760e-01    -1.48126e-01

    9.18180e-01    -1.09662e-01
    9.18180e-01    -1.09662e-01

    9.18180e-01    -1.09662e-01
    9.18180e-01    -1.09662e-01

    9.18180e-01    -1.09662e-01
    9.09862e-01    -7.70954e-02

    9.07710e-01    -5.12080e-02
    9.05825e-01    -2.85296e-02

    9.07710e-01    -5.12080e-02
    9.09862e-01    -7.70954e-02

   -1.48126e-01     9.15760e-01
   -1.09662e-01     9.18180e-01

   -1.09662e-01     9.18180e-01
   -1.09662e-01     9.18180e-01

   -5.12080e-02     9.07710e-01
   -2.85296e-02     9.05825e-01

   -5.12080e-02     9.07710e-01
   -7.70954e-02     9.09862e-01

   -7.70954e-02     9.09862e-01
   -1.09662e-01     9.18180e-01

   -3.28986e-01    -9.28364e-01
   -3.65751e-01    -9.14060e-01

   -3.65751e-01    -9.14060e-01
   -3.65751e-01    -9.14060e-01

   -3.65751e-01    -9.14060e-01
   -3.28986e-01    -9.28364e-01

   -3.65751e-01    -9.14060e-01
   -3.65751e-01    -9.14060e-01

   -3.28986e-01    -9.28364e-01
   -3.28986e-01    -9.28364e-01

   -4.34877e-01    -8.81067e-01
   -4.28446e-01    -8.84136e-01

   -4.34877e-01    -8.81067e-01
   -4.34877e-01    -8.81067e-01

   -3.65751e-01    -9.14060e-01
   -3.65751e-01    -9.14060e-01

   -3.65751e-01    -9.14060e-01
   -3.65751e-01    -9.14060e-01

   -3.65751e-01    -9.14060e-01
   -4.28446e-01    -8.84136e-01

   -3.28986e-01    -9.28364e-01
   -3.28986e-01    -9.28364e-01

   -3.28986e-01    -9.28364e-01
   -3.28986e-01    -9.28364e-01

   -3.28986e-01    -9.28364e-01
   -2.80313e-01    -9.25968e-01

   -8.81067e-01    -4.34877e-01
   -8.84136e-01    -4.28446e-01

   -8.81067e-01    -4.34877e-01
   -8.81067e-01    -4.34877e-01

   -9.14060e-01    -3.65751e-01
   -9.14060e-01    -3.65751e-01

   -9.14060e-01    -3.65751e-01
   -9.14060e-01    -3.65751e-01

   -9.14060e-01    -3.65751e-01
   -8.84136e-01    -4.28446e-01

   -9.14060e-01    -3.65751e-01
   -9.28364e-01    -3.28986e-01

   -9.14060e-01    -3.65751e-01
   -9.14060e-01    -3.65751e-01

   -9.28364e-01    -3.28986e-01
   -9.14060e-01    -3.65751e-01

   -9.14060e-01    -3.65751e-01
   -9.14060e-01    -3.65751e-01

   -9.28364e-01    -3.28986e-01
   -9.28364e-01    -3.28986e-01

   -9.28364e-01    -3.28986e-01
   -9.28364e-01    -3.28986e-01

   -9.28364e-01    -3.28986e-01
   -9.28364e-01    -3.28986e-01

   -9.28364e-01    -3.28986e-01
   -9.25968e-01    -2.80313e-01

    9.10138e-01     0.00000e+00
    9.05825e-01    -2.85296e-02

    9.10138e-01     0.00000e+00
    9.10138e-01     0.00000e+00

    9.10138e-01     0.00000e+00
    9.10138e-01     0.00000e+00

    9.10138e-01     0.00000e+00
    9.05825e-01     2.85296e-02

    9.07710e-01     5.12080e-02
    9.05825e-01     2.85296e-02

    9.07710e-01     5.12080e-02
    9.09862e-01     7.70954e-02

    0.00000e+00     9.10138e-01
   -2.85296e-02     9.05825e-01

    0.00000e+00     9.10138e-01
    0.00000e+00     9.10138e-01

    0.00000e+00     9.10138e-01
    0.00000e+00     9.10138e-01

    5.12080e-02     9.07710e-01
    2.85296e-02     9.05825e-01

    5.12080e-02     9.07710e-01
    7.70954e-02     9.09862e-01

    0.00000e+00     9.10138e-01
    2.85296e-02     9.05825e-01

   -2.19324e-01    -9.34299e-01
   -2.19324e-01    -9.34299e-01

   -2.19324e-01    -9.34299e-01
   -2.67982e-01    -9.25954e-01

   -2.19324e-01    -9.34299e-01
   -2.19324e-01    -9.34299e-01

   -2.74147e-01    -9.25961e-01
   -2.67982e-01    -9.25954e-01

   -2.74147e-01    -9.25961e-01
   -2.74147e-01    -9.25961e-01

   -2.74147e-01    -9.25961e-01
   -2.74147e-01    -9.25961e-01

   -2.74147e-01    -9.25961e-01
   -2.74147e-01    -9.25961e-01

   -2.80313e-01    -9.25968e-01
   -2.80313e-01    -9.25968e-01

   -2.74147e-01    -9.25961e-01
   -2.80313e-01    -9.25968e-01

   -2.19324e-01    -9.34299e-01
   -2.19324e-01    -9.34299e-01

   -1.75382e-01    -9.21237e-01
   -2.19324e-01    -9.34299e-01

   -2.19324e-01    -9.34299e-01
   -1.75382e-01    -9.21237e-01

   -9.25961e-01    -2.74147e-01
   -9.25954e-01    -2.67982e-01

   -9.25961e-01    -2.74147e-01
   -9.25961e-01    -2.74147e-01

   -9.25961e-01    -2.74147e-01
   -9.25961e-01    -2.74147e-01

   -9.25961e-01    -2.74147e-01
   -9.25961e-01    -2.74147e-01

   -9.25968e-01    -2.80313e-01
   -9.25968e-01    -2.80313e-01

   -9.25961e-01    -2.74147e-01
   -9.25968e-01    -2.80313e-01

   -9.34299e-01    -2.19324e-01
   -9.34299e-01    -2.19324e-01

   -9.34299e-01    -2.19324e-01
   -9.25954e-01    -2.67982e-01

   -9.34299e-01    -2.19324e-01
   -9.34299e-01    -2.19324e-01

   -9.34299e-01    -2.19324e-01
   -9.34299e-01    -2.19324e-01

   -9.34299e-01    -2.19324e-01
   -9.21237e-01    -1.75382e-01

   -9.21237e-01    -1.75382e-01
   -9.34299e-01    -2.19324e-01

    9.09862e-01     7.70954e-02
    9.18180e-01     1.09662e-01

    9.18180e-01     1.09662e-01
    9.18180e-01     1.09662e-01

    9.15760e-01     1.48126e-01
    9.18180e-01     1.09662e-01

    9.18316e-01     1.60848e-01
    9.15760e-01     1.48126e-01

    9.18316e-01     1.60848e-01
    9.21237e-01     1.75382e-01

    1.09662e-01     9.18180e-01
    7.70954e-02     9.09862e-01

    1.09662e-01     9.18180e-01
    1.09662e-01     9.18180e-01

    1.60848e-01     9.18316e-01
    1.48126e-01     9.15760e-01

    1.60848e-01     9.18316e-01
    1.75382e-01     9.21237e-01

    1.09662e-01     9.18180e-01
    1.48126e-01     9.15760e-01

    0.00000e+00    -1.01847e+00
   -2.14937e-02    -1.00845e+00

    0.00000e+00    -1.01847e+00
    0.00000e+00    -1.01847e+00

   -6.45273e-02    -1.00465e+00
   -9.46279e-02    -1.00199e+00

   -6.45273e-02    -1.00465e+00
   -2.14937e-02    -1.00845e+00

    0.00000e+00    -1.01847e+00
    0.00000e+00    -1.01847e+00

    0.00000e+00    -1.01847e+00
    2.14937e-02    -1.00845e+00

   -1.00465e+00    -6.45273e-02
   -1.00199e+00    -9.46278e-02

   -1.00465e+00    -6.45273e-02
   -1.00845e+00    -2.14937e-02

   -1.01847e+00     0.00000e+00
   -1.00845e+00    -2.14937e-02

   -1.01847e+00     0.00000e+00
   -1.01847e+00     0.00000e+00

   -1.01847e+00     0.00000e+00
   -1.01847e+00     0.00000e+00

   -1.01847e+00     0.00000e+00
   -1.00845e+00     2.14937e-02

    1.00614e+00     1.09662e-01
    1.00199e+00     9.46279e-02

    1.00614e+00     1.09662e-01
    1.00614e+00     1.09662e-01

    9.86958e-01     1.70121e-01
    9.79618e-01     2.11985e-01

    9.86958e-01     1.70121e-01
    9.86958e-01     1.70121e-01

    9.86958e-01     1.70121e-01
    9.86958e-01     1.70121e-01

    9.79635e-01     2.19324e-01
    9.79618e-01     2.11985e-01

    9.79635e-01     2.19324e-01
    9.79635e-01     2.19324e-01

    1.00614e+00     1.09662e-01
    1.00614e+00     1.09662e-01

    9.86958e-01     1.70121e-01
    9.86958e-01     1.70121e-01

    9.86958e-01     1.70121e-01
    9.86958e-01     1.70121e-01

    1.00614e+00     1.09662e-01
    9.99253e-01     1.21957e-01

    9.86958e-01     1.70121e-01
    9.99253e-01     1.21957e-01

    9.79635e-01     2.19324e-01
    9.79635e-01     2.19324e-01

    9.79635e-01     2.19324e-01
    9.77326e-01     2.28956e-01

    2.19324e-01     9.79635e-01
    2.11985e-01     9.79618e-01

    2.19324e-01     9.79635e-01
    2.19324e-01     9.79635e-01

    1.70121e-01     9.86958e-01
    2.11985e-01     9.79618e-01

    1.70121e-01     9.86958e-01
    1.70121e-01     9.86958e-01

    1.70121e-01     9.86958e-01
    1.70121e-01     9.86958e-01

    2.19324e-01     9.79635e-01
    2.19324e-01     9.79635e-01

    2.19324e-01     9.79635e-01
    2.28956e-01     9.77326e-01

    1.09662e-01     1.00614e+00
    9.46279e-02     1.00199e+00

    1.09662e-01     1.00614e+00
    1.09662e-01     1.00614e+00

    1.70121e-01     9.86958e-01
    1.70121e-01     9.86958e-01

    1.70121e-01     9.86958e-01
    1.70121e-01     9.86958e-01

    1.09662e-01     1.00614e+00
    1.09662e-01     1.00614e+00

    1.70121e-01     9.86958e-01
    1.21957e-01     9.99253e-01

    1.09662e-01     1.00614e+00
    1.21957e-01     9.99253e-01

    1.09662e-01    -1.00614e+00
    9.46278e-02    -1.00199e+00

    1.09662e-01    -1.00614e+00
    1.09662e-01    -1.00614e+00

    6.45273e-02    -1.00465e+00
    9.46278e-02    -1.00199e+00

    6.45273e-02    -1.00465e+00
    2.14937e-02    -1.00845e+00

    1.09662e-01    -1.00614e+00
    1.21957e-01    -9.99253e-01

   -1.00465e+00     6.45273e-02
   -1.00199e+00     9.46278e-02

   -1.00465e+00     6.45273e-02
   -1.00845e+00     2.14937e-02

   -1.00614e+00     1.09662e-01
   -1.00199e+00     9.46278e-02

   -1.00614e+00     1.09662e-01
   -1.00614e+00     1.09662e-01

   -1.00614e+00     1.09662e-01
   -1.00614e+00     1.09662e-01

   -1.00614e+00     1.09662e-01
   -9.99253e-01     1.21957e-01

    9.74473e-01     2.57911e-01
    9.69217e-01     3.11245e-01

    9.74473e-01     2.57911e-01
    9.77326e-01     2.28956e-01

    9.70631e-01     3.28986e-01
    9.69217e-01     3.11245e-01

    9.70631e-01     3.28986e-01
    9.70631e-01     3.28986e-01

    9.70631e-01     3.28986e-01
    9.70631e-01     3.28986e-01

    9.70631e-01     3.28986e-01
    9.72439e-01     3.43505e-01

    3.28986e-01     9.70631e-01
    3.11245e-01     9.69217e-01

    3.28986e-01     9.70631e-01
    3.28986e-01     9.70631e-01

    2.57911e-01     9.74473e-01
    3.11245e-01     9.69217e-01

    2.57911e-01     9.74473e-01
    2.28956e-01     9.77326e-01

    3.28986e-01     9.70631e-01
    3.28986e-01     9.70631e-01

    3.28986e-01     9.70631e-01
    3.43505e-01     9.72439e-01

    1.70121e-01    -9.86958e-01
    1.21957e-01    -9.99253e-01

    1.70121e-01    -9.86958e-01
    1.70121e-01    -9.86958e-01

    1.70121e-01    -9.86958e-01
    1.70121e-01    -9.86958e-01

    1.70121e-01    -9.86958e-01
    2.11985e-01    -9.79618e-01

   -9.86958e-01     1.70121e-01
   -9.99253e-01     1.21957e-01

   -9.86958e-01     1.70121e-01
   -9.86958e-01     1.70121e-01

   -9.86958e-01     1.70121e-01
   -9.86958e-01     1.70121e-01

   -9.86958e-01     1.70121e-01
   -9.79618e-01     2.11985e-01

    9.76334e-01     3.98528e-01
    9.72439e-01     3.43505e-01

    9.76334e-01     3.98528e-01
    9.78581e-01     4.30272e-01

    9.78723e-01     4.38648e-01
    9.78581e-01     4.30272e-01

    9.78723e-01     4.38648e-01
    9.78723e-01     4.38648e-01

    9.78723e-01     4.38648e-01
    9.78723e-01     4.38648e-01

    9.78723e-01     4.38648e-01
    9.80195e-01     4.45411e-01

    4.38648e-01     9.78723e-01
    4.30272e-01     9.78581e-01

    4.38648e-01     9.78723e-01
    4.38648e-01     9.78723e-01

    3.98528e-01     9.76334e-01
    3.43505e-01     9.72439e-01

    3.98528e-01     9.76334e-01
    4.30272e-01     9.78581e-01

    4.38648e-01     9.78723e-01
    4.38648e-01     9.78723e-01

    4.38648e-01     9.78723e-01
    4.45411e-01     9.80195e-01

    2.19324e-01    -9.79635e-01
    2.11985e-01    -9.79618e-01

    2.19324e-01    -9.79635e-01
    2.19324e-01    -9.79635e-01

    3.11245e-01    -9.69217e-01
    2.57911e-01    -9.74473e-01

    2.28956e-01    -9.77326e-01
    2.57911e-01    -9.74473e-01

    2.19324e-01    -9.79635e-01
    2.28956e-01    -9.77326e-01

   -9.79635e-01     2.19324e-01
   -9.79618e-01     2.11985e-01

   -9.79635e-01     2.19324e-01
   -9.79635e-01     2.19324e-01

   -9.79635e-01     2.19324e-01
   -9.77326e-01     2.28956e-01

   -9.69217e-01     3.11245e-01
   -9.74473e-01     2.57911e-01

   -9.77326e-01     2.28956e-01
   -9.74473e-01     2.57911e-01

    9.86958e-01     5.47500e-01
    9.80195e-01     4.45411e-01

    9.86958e-01     5.47500e-01
    9.86958e-01     5.47500e-01

    9.86958e-01     5.47500e-01
    9.86958e-01     5.47500e-01

    9.86958e-01     5.47500e-01
    9.86958e-01     5.47500e-01

    9.86958e-01     5.47500e-01
    9.86958e-01     5.47500e-01

    9.86958e-01     5.47500e-01
    9.87036e-01     5.48231e-01

    5.47500e-01     9.86958e-01
    4.45411e-01     9.80195e-01

    5.47500e-01     9.86958e-01
    5.47500e-01     9.86958e-01

    5.47500e-01     9.86958e-01
    5.47500e-01     9.86958e-01

    5.47500e-01     9.86958e-01
    5.47500e-01     9.86958e-01

    5.47500e-01     9.86958e-01
    5.47500e-01     9.86958e-01

    5.47500e-01     9.86958e-01
    5.48231e-01     9.87036e-01

    3.28986e-01    -9.70631e-01
    3.11245e-01    -9.69217e-01

    3.28986e-01    -9.70631e-01
    3.28986e-01    -9.70631e-01

    3.43505e-01    -9.72439e-01
    3.98528e-01    -9.76334e-01

    4.30272e-01    -9.78581e-01
    3.98528e-01    -9.76334e-01

    3.28986e-01    -9.70631e-01
    3.43505e-01    -9.72439e-01

   -9.70631e-01     3.28986e-01
   -9.69217e-01     3.11245e-01

   -9.70631e-01     3.28986e-01
   -9.70631e-01     3.28986e-01

   -9.70631e-01     3.28986e-01
   -9.72439e-01     3.43505e-01

   -9.72439e-01     3.43505e-01
   -9.76334e-01     3.98528e-01

   -9.78582e-01     4.30272e-01
   -9.76334e-01     3.98528e-01

    9.87060e-01     5.48310e-01
    9.87036e-01     5.48231e-01

    9.87060e-01     5.48310e-01
    9.87060e-01     5.48310e-01

    9.86958e-01     5.50768e-01
    9.83975e-01     6.54990e-01

    9.86958e-01     5.50768e-01
    9.86958e-01     5.50768e-01

    9.86958e-01     5.50768e-01
    9.86958e-01     5.50768e-01

    9.86958e-01     5.50768e-01
    9.86958e-01     5.50768e-01

    9.83975e-01     6.54990e-01
    9.81616e-01     6.57972e-01

    9.87060e-01     5.48310e-01
    9.87060e-01     5.48310e-01

    9.86958e-01     5.50768e-01
    9.86958e-01     5.50768e-01

    9.86958e-01     5.50768e-01
    9.86958e-01     5.50768e-01

    9.86958e-01     5.50768e-01
    9.86958e-01     5.50768e-01

    9.87060e-01     5.48310e-01
    9.87036e-01     5.48388e-01

    9.86958e-01     5.50768e-01
    9.87036e-01     5.48388e-01

    9.81616e-01     6.57972e-01
    9.81616e-01     6.57972e-01

    9.81589e-01     6.63340e-01
    9.81589e-01     6.63340e-01

    9.81589e-01     6.63340e-01
    9.81616e-01     6.57972e-01

    6.54990e-01     9.83975e-01
    6.57972e-01     9.81616e-01

    5.50768e-01     9.86958e-01
    6.54990e-01     9.83975e-01

    5.50768e-01     9.86958e-01
    5.50768e-01     9.86958e-01

    5.50768e-01     9.86958e-01
    5.50768e-01     9.86958e-01

    5.50768e-01     9.86958e-01
    5.50768e-01     9.86958e-01

    6.57972e-01     9.81616e-01
    6.57972e-01     9.81616e-01

    6.63340e-01     9.81589e-01
    6.63340e-01     9.81589e-01

    6.63340e-01     9.81589e-01
    6.57972e-01     9.81616e-01

    5.48310e-01     9.87060e-01
    5.48231e-01     9.87036e-01

    5.48310e-01     9.87060e-01
    5.48310e-01     9.87060e-01

    5.50768e-01     9.86958e-01
    5.50768e-01     9.86958e-01

    5.50768e-01     9.86958e-01
    5.50768e-01     9.86958e-01

    5.50768e-01     9.86958e-01
    5.50768e-01     9.86958e-01

    5.48310e-01     9.87060e-01
    5.48310e-01     9.87060e-01

    5.50768e-01     9.86958e-01
    5.48388e-01     9.87036e-01

    5.48310e-01     9.87060e-01
    5.48388e-01     9.87036e-01

    5.48310e-01    -9.87060e-01
    5.48231e-01    -9.87036e-01

    5.48310e-01    -9.87060e-01
    5.48310e-01    -9.87060e-01

    5.47500e-01    -9.86958e-01
    5.48231e-01    -9.87036e-01

    5.47500e-01    -9.86958e-01
    5.47500e-01    -9.86958e-01

    5.47500e-01    -9.86958e-01
    5.47500e-01    -9.86958e-01

    5.48310e-01    -9.87060e-01
    5.48310e-01    -9.87060e-01

    5.48310e-01    -9.87060e-01
    5.48388e-01    -9.87036e-01

    4.38648e-01    -9.78723e-01
    4.30272e-01    -9.78581e-01

    4.38648e-01    -9.78723e-01
    4.38648e-01    -9.78723e-01

    5.47500e-01    -9.86958e-01
    4.45411e-01    -9.80195e-01

    4.38648e-01    -9.78723e-01
    4.45411e-01    -9.80195e-01

   -9.78723e-01     4.38648e-01
   -9.78582e-01     4.30272e-01

   -9.78723e-01     4.38648e-01
   -9.78723e-01     4.38648e-01

   -9.86958e-01     5.47500e-01
   -9.87036e-01     5.48231e-01

   -9.86958e-01     5.47500e-01
   -9.86958e-01     5.47500e-01

   -9.86958e-01     5.47500e-01
   -9.86958e-01     5.47499e-01

   -9.87060e-01     5.48310e-01
   -9.87036e-01     5.48231e-01

   -9.87060e-01     5.48310e-01
   -9.87060e-01     5.48310e-01

   -9.78723e-01     4.38648e-01
   -9.80195e-01     4.45411e-01

   -9.86958e-01     5.47499e-01
   -9.80195e-01     4.45411e-01

   -9.87060e-01     5.48310e-01
   -9.87036e-01     5.48388e-01

    5.50768e-01    -9.86958e-01
    5.48388e-01    -9.87036e-01

    5.50768e-01    -9.86958e-01
    5.50768e-01    -9.86958e-01

    5.50768e-01    -9.86958e-01
    5.50768e-01    -9.86958e-01

    5.50768e-01    -9.86958e-01
    5.50768e-01    -9.86958e-01

    5.50768e-01    -9.86958e-01
    6.54990e-01    -9.83975e-01

   -9.86958e-01     5.50767e-01
   -9.87036e-01     5.48388e-01

   -9.86958e-01     5.50768e-01
   -9.86958e-01     5.50767e-01

   -9.86958e-01     5.50768e-01
   -9.86958e-01     5.50768e-01

   -9.86958e-01     5.50768e-01
   -9.86958e-01     5.50769e-01

   -9.86958e-01     5.50769e-01
   -9.83976e-01     6.54990e-01

    6.57972e-01    -9.81616e-01
    6.54990e-01    -9.83975e-01

    6.57972e-01    -9.81616e-01
    6.57972e-01    -9.81616e-01

    6.57972e-01    -9.81616e-01
    6.63340e-01    -9.81589e-01

   -9.81616e-01     6.57972e-01
   -9.83976e-01     6.54990e-01

   -9.81616e-01     6.57972e-01
   -9.81616e-01     6.57972e-01

   -9.81616e-01     6.57972e-01
   -9.81589e-01     6.63340e-01

    9.81608e-01    -6.59440e-01
    9.81616e-01    -6.57972e-01

    9.81589e-01    -6.63340e-01
    9.81608e-01    -6.59440e-01

    9.81616e-01    -6.57972e-01
    9.81616e-01    -6.57972e-01

    9.83976e-01    -6.54990e-01
    9.81616e-01    -6.57972e-01

   -6.59440e-01     9.81608e-01
   -6.57972e-01     9.81616e-01

   -6.63340e-01     9.81589e-01
   -6.59440e-01     9.81608e-01

   -6.57972e-01     9.81616e-01
   -6.57972e-01     9.81616e-01

   -6.54990e-01     9.83975e-01
   -6.57972e-01     9.81616e-01

    9.83976e-01    -6.54990e-01
    9.86958e-01    -5.50769e-01

    9.86958e-01    -5.50767e-01
    9.86958e-01    -5.50768e-01

    9.86958e-01    -5.50768e-01
    9.86958e-01    -5.50768e-01

    9.86958e-01    -5.50769e-01
    9.86958e-01    -5.50768e-01

    9.87036e-01    -5.48388e-01
    9.86958e-01    -5.50767e-01

   -6.54990e-01     9.83975e-01
   -5.50768e-01     9.86958e-01

   -5.50768e-01     9.86958e-01
   -5.50768e-01     9.86958e-01

   -5.50768e-01     9.86958e-01
   -5.50768e-01     9.86958e-01

   -5.50768e-01     9.86958e-01
   -5.50768e-01     9.86958e-01

   -5.48388e-01     9.87036e-01
   -5.50768e-01     9.86958e-01

    9.87036e-01    -5.48388e-01
    9.87060e-01    -5.48310e-01

    9.80195e-01    -4.45411e-01
    9.86958e-01    -5.47499e-01

    9.80195e-01    -4.45411e-01
    9.78723e-01    -4.38648e-01

    9.87060e-01    -5.48310e-01
    9.87060e-01    -5.48310e-01

    9.86958e-01    -5.47500e-01
    9.86958e-01    -5.47500e-01

    9.86958e-01    -5.47499e-01
    9.86958e-01    -5.47500e-01

    9.87036e-01    -5.48231e-01
    9.87060e-01    -5.48310e-01

    9.87036e-01    -5.48231e-01
    9.86958e-01    -5.47500e-01

    9.78723e-01    -4.38648e-01
    9.78723e-01    -4.38648e-01

    9.78582e-01    -4.30272e-01
    9.78723e-01    -4.38648e-01

   -4.45411e-01     9.80195e-01
   -4.38648e-01     9.78723e-01

   -4.45411e-01     9.80195e-01
   -5.47500e-01     9.86958e-01

   -4.38648e-01     9.78723e-01
   -4.38648e-01     9.78723e-01

   -4.30272e-01     9.78581e-01
   -4.38648e-01     9.78723e-01

   -5.48310e-01     9.87060e-01
   -5.48388e-01     9.87036e-01

   -5.48310e-01     9.87060e-01
   -5.48310e-01     9.87060e-01

   -5.47500e-01     9.86958e-01
   -5.47500e-01     9.86958e-01

   -5.47500e-01     9.86958e-01
   -5.47500e-01     9.86958e-01

   -5.48310e-01     9.87060e-01
   -5.48310e-01     9.87060e-01

   -5.48231e-01     9.87036e-01
   -5.47500e-01     9.86958e-01

   -5.48310e-01     9.87060e-01
   -5.48231e-01     9.87036e-01

   -5.48310e-01    -9.87060e-01
   -5.48388e-01    -9.87036e-01

   -5.48310e-01    -9.87060e-01
   -5.48310e-01    -9.87060e-01

   -5.50768e-01    -9.86958e-01
   -5.48388e-01    -9.87036e-01

   -5.50768e-01    -9.86958e-01
   -5.50768e-01    -9.86958e-01

   -5.50768e-01    -9.86958e-01
   -5.50768e-01    -9.86958e-01

   -5.50768e-01    -9.86958e-01
   -5.50768e-01    -9.86958e-01

   -5.48310e-01    -9.87060e-01
   -5.48310e-01    -9.87060e-01

   -5.48310e-01    -9.87060e-01
   -5.48231e-01    -9.87036e-01

   -6.63340e-01    -9.81589e-01
   -6.63340e-01    -9.81589e-01

   -6.63340e-01    -9.81589e-01
   -6.63340e-01    -9.81589e-01

   -5.50768e-01    -9.86958e-01
   -5.50768e-01    -9.86958e-01

   -5.50768e-01    -9.86958e-01
   -5.50768e-01    -9.86958e-01

   -5.50768e-01    -9.86958e-01
   -5.50768e-01    -9.86958e-01

   -6.54990e-01    -9.83975e-01
   -5.50768e-01    -9.86958e-01

   -5.50768e-01    -9.86958e-01
   -6.54990e-01    -9.83975e-01

   -6.57972e-01    -9.81616e-01
   -6.54990e-01    -9.83975e-01

   -6.54990e-01    -9.83975e-01
   -6.54990e-01    -9.83975e-01

   -9.81589e-01    -6.63340e-01
   -9.81589e-01    -6.63340e-01

   -9.81589e-01    -6.63340e-01
   -9.81589e-01    -6.63340e-01

   -9.86958e-01    -5.50768e-01
   -9.87036e-01    -5.48388e-01

   -9.86958e-01    -5.50768e-01
   -9.86958e-01    -5.50768e-01

   -9.86958e-01    -5.50768e-01
   -9.86958e-01    -5.50768e-01

   -9.86958e-01    -5.50768e-01
   -9.86958e-01    -5.50768e-01

   -9.87060e-01    -5.48310e-01
   -9.87036e-01    -5.48388e-01

   -9.87060e-01    -5.48310e-01
   -9.87060e-01    -5.48310e-01

   -9.86958e-01    -5.50768e-01
   -9.86958e-01    -5.50768e-01

   -9.86958e-01    -5.50768e-01
   -9.86958e-01    -5.50768e-01

   -9.86958e-01    -5.50768e-01
   -9.86958e-01    -5.50768e-01

   -9.81616e-01    -6.57972e-01
   -9.83975e-01    -6.54990e-01

   -9.83975e-01    -6.54990e-01
   -9.83975e-01    -6.54990e-01

   -9.83975e-01    -6.54990e-01
   -9.86958e-01    -5.50768e-01

   -9.83975e-01    -6.54990e-01
   -9.86958e-01    -5.50768e-01

   -9.87060e-01    -5.48310e-01
   -9.87060e-01    -5.48310e-01

   -9.87060e-01    -5.48310e-01
   -9.87036e-01    -5.48231e-01

    9.76334e-01    -3.98528e-01
    9.72439e-01    -3.43505e-01

    9.76334e-01    -3.98528e-01
    9.78582e-01    -4.30272e-01

    9.72439e-01    -3.43505e-01
    9.70631e-01    -3.28986e-01

    9.70631e-01    -3.28986e-01
    9.70631e-01    -3.28986e-01

    9.69217e-01    -3.11245e-01
    9.70631e-01    -3.28986e-01

   -3.43505e-01     9.72439e-01
   -3.28986e-01     9.70631e-01

   -3.98528e-01     9.76334e-01
   -3.43505e-01     9.72439e-01

   -3.98528e-01     9.76334e-01
   -4.30272e-01     9.78581e-01

   -3.28986e-01     9.70631e-01
   -3.28986e-01     9.70631e-01

   -3.11245e-01     9.69217e-01
   -3.28986e-01     9.70631e-01

   -5.47500e-01    -9.86958e-01
   -5.48231e-01    -9.87036e-01

   -5.47500e-01    -9.86958e-01
   -5.47500e-01    -9.86958e-01

   -5.47500e-01    -9.86958e-01
   -5.47500e-01    -9.86958e-01

   -5.47500e-01    -9.86958e-01
   -5.47500e-01    -9.86958e-01

   -5.47500e-01    -9.86958e-01
   -5.47500e-01    -9.86958e-01

   -4.45411e-01    -9.80195e-01
   -5.47500e-01    -9.86958e-01

   -5.47500e-01    -9.86958e-01
   -4.45411e-01    -9.80195e-01

   -9.86958e-01    -5.47500e-01
   -9.87036e-01    -5.48231e-01

   -9.86958e-01    -5.47500e-01
   -9.86958e-01    -5.47500e-01

   -9.86958e-01    -5.47500e-01
   -9.86958e-01    -5.47500e-01

   -9.86958e-01    -5.47500e-01
   -9.86958e-01    -5.47500e-01

   -9.86958e-01    -5.47500e-01
   -9.86958e-01    -5.47500e-01

   -9.86958e-01    -5.47500e-01
   -9.80195e-01    -4.45411e-01

   -9.80195e-01    -4.45411e-01
   -9.86958e-01    -5.47500e-01

    9.74473e-01    -2.57911e-01
    9.69217e-01    -3.11245e-01

    9.74473e-01    -2.57911e-01
    9.77326e-01    -2.28956e-01

    9.77326e-01    -2.28956e-01
    9.79635e-01    -2.19324e-01

    9.79635e-01    -2.19324e-01
    9.79635e-01    -2.19324e-01

    9.79618e-01    -2.11985e-01
    9.79635e-01    -2.19324e-01

   -2.28956e-01     9.77326e-01
   -2.19324e-01     9.79635e-01

   -2.57911e-01     9.74473e-01
   -3.11245e-01     9.69217e-01

   -2.57911e-01     9.74473e-01
   -2.28956e-01     9.77326e-01

   -2.19324e-01     9.79635e-01
   -2.19324e-01     9.79635e-01

   -2.11985e-01     9.79618e-01
   -2.19324e-01     9.79635e-01

   -4.45411e-01    -9.80195e-01
   -4.38648e-01    -9.78723e-01

   -4.38648e-01    -9.78723e-01
   -4.45411e-01    -9.80195e-01

   -4.38648e-01    -9.78723e-01
   -4.38648e-01    -9.78723e-01

   -4.38648e-01    -9.78723e-01
   -4.38648e-01    -9.78723e-01

   -3.43505e-01    -9.72439e-01
   -3.98528e-01    -9.76334e-01

   -3.43505e-01    -9.72439e-01
   -3.43505e-01    -9.72439e-01

   -3.43505e-01    -9.72439e-01
   -3.43505e-01    -9.72439e-01

   -4.30272e-01    -9.78581e-01
   -4.30272e-01    -9.78581e-01

   -4.30272e-01    -9.78581e-01
   -4.30272e-01    -9.78581e-01

   -3.98529e-01    -9.76334e-01
   -3.98529e-01    -9.76334e-01

   -3.98529e-01    -9.76334e-01
   -3.98528e-01    -9.76334e-01

   -4.30272e-01    -9.78581e-01
   -3.98529e-01    -9.76334e-01

   -4.30272e-01    -9.78581e-01
   -4.30272e-01    -9.78581e-01

   -4.30272e-01    -9.78581e-01
   -4.38648e-01    -9.78723e-01

   -4.38648e-01    -9.78723e-01
   -4.30272e-01    -9.78581e-01

   -9.80195e-01    -4.45411e-01
   -9.78723e-01    -4.38648e-01

   -9.80195e-01    -4.45411e-01
   -9.78723e-01    -4.38648e-01

   -9.78723e-01    -4.38648e-01
   -9.78723e-01    -4.38648e-01

   -9.78723e-01    -4.38648e-01
   -9.78723e-01    -4.38648e-01

   -9.78723e-01    -4.38648e-01
   -9.78581e-01    -4.30272e-01

   -9.78581e-01    -4.30272e-01
   -9.78723e-01    -4.38648e-01

   -9.72439e-01    -3.43505e-01
   -9.76334e-01    -3.98528e-01

   -9.72439e-01    -3.43505e-01
   -9.72439e-01    -3.43505e-01

   -9.72439e-01    -3.43505e-01
   -9.72439e-01    -3.43505e-01

   -9.78581e-01    -4.30272e-01
   -9.78581e-01    -4.30272e-01

   -9.78581e-01    -4.30272e-01
   -9.78581e-01    -4.30272e-01

   -9.76334e-01    -3.98529e-01
   -9.76334e-01    -3.98529e-01

   -9.76334e-01    -3.98529e-01
   -9.76334e-01    -3.98528e-01

   -9.78581e-01    -4.30272e-01
   -9.76334e-01    -3.98529e-01

   -9.78581e-01    -4.30272e-01
   -9.78581e-01    -4.30272e-01

    9.79618e-01    -2.11985e-01
    9.86958e-01    -1.70121e-01

    9.86958e-01    -1.70121e-01
    9.86958e-01    -1.70121e-01

    9.86958e-01    -1.70121e-01
    9.86958e-01    -1.70121e-01

    9.99253e-01    -1.21957e-01
    9.86958e-01    -1.70121e-01

   -2.11985e-01     9.79618e-01
   -1.70121e-01     9.86958e-01

   -1.70121e-01     9.86958e-01
   -1.70121e-01     9.86958e-01

   -1.70121e-01     9.86958e-01
   -1.70121e-01     9.86958e-01

   -1.21957e-01     9.99253e-01
   -1.70121e-01     9.86958e-01

   -3.43505e-01    -9.72439e-01
   -3.28986e-01    -9.70631e-01

   -3.28986e-01    -9.70631e-01
   -3.43505e-01    -9.72439e-01

   -3.28986e-01    -9.70631e-01
   -3.28986e-01    -9.70631e-01

   -3.28986e-01    -9.70631e-01
   -3.28986e-01    -9.70631e-01

   -2.57911e-01    -9.74473e-01
   -3.11245e-01    -9.69217e-01

   -2.57911e-01    -9.74473e-01
   -3.11245e-01    -9.69217e-01

   -3.11245e-01    -9.69217e-01
   -3.11245e-01    -9.69217e-01

   -2.28956e-01    -9.77326e-01
   -2.57911e-01    -9.74473e-01

   -2.57911e-01    -9.74473e-01
   -2.57911e-01    -9.74473e-01

   -2.28956e-01    -9.77326e-01
   -2.57911e-01    -9.74473e-01

   -3.11245e-01    -9.69217e-01
   -3.28986e-01    -9.70631e-01

   -3.28986e-01    -9.70631e-01
   -3.11245e-01    -9.69217e-01

   -9.72439e-01    -3.43505e-01
   -9.70631e-01    -3.28986e-01

   -9.72439e-01    -3.43505e-01
   -9.70631e-01    -3.28986e-01

   -9.70631e-01    -3.28986e-01
   -9.70631e-01    -3.28986e-01

   -9.70631e-01    -3.28986e-01
   -9.70631e-01    -3.28986e-01

   -9.70631e-01    -3.28986e-01
   -9.69217e-01    -3.11245e-01

   -9.69217e-01    -3.11245e-01
   -9.70631e-01    -3.28986e-01

   -9.69217e-01    -3.11245e-01
   -9.74473e-01    -2.57911e-01

   -9.74473e-01    -2.57911e-01
   -9.69217e-01    -3.11245e-01

   -9.69217e-01    -3.11245e-01
   -9.69217e-01    -3.11245e-01

   -9.77326e-01    -2.28956e-01
   -9.74473e-01    -2.57911e-01

   -9.74473e-01    -2.57911e-01
   -9.74473e-01    -2.57911e-01

   -9.74473e-01    -2.57911e-01
   -9.77326e-01    -2.28956e-01

    1.00614e+00    -1.09662e-01
    9.99253e-01    -1.21957e-01

    1.00614e+00    -1.09662e-01
    1.00614e+00    -1.09662e-01

    1.00614e+00    -1.09662e-01
    1.00614e+00    -1.09662e-01

    1.00614e+00    -1.09662e-01
    1.00199e+00    -9.46278e-02

    1.00465e+00    -6.45273e-02
    1.00199e+00    -9.46278e-02

    1.00465e+00    -6.45273e-02
    1.00845e+00    -2.14937e-02

   -1.21957e-01     9.99253e-01
   -1.09662e-01     1.00614e+00

   -1.09662e-01     1.00614e+00
   -1.09662e-01     1.00614e+00

   -6.45273e-02     1.00465e+00
   -9.46278e-02     1.00199e+00

   -6.45273e-02     1.00465e+00
   -2.14937e-02     1.00845e+00

   -9.46278e-02     1.00199e+00
   -1.09662e-01     1.00614e+00

   -1.21957e-01    -9.99253e-01
   -1.09662e-01    -1.00614e+00

   -1.09662e-01    -1.00614e+00
   -1.21957e-01    -9.99253e-01

   -1.09662e-01    -1.00614e+00
   -1.09662e-01    -1.00614e+00

   -1.21957e-01    -9.99253e-01
   -1.70121e-01    -9.86958e-01

   -1.70121e-01    -9.86958e-01
   -1.21957e-01    -9.99253e-01

   -1.70121e-01    -9.86958e-01
   -1.70121e-01    -9.86958e-01

   -1.70121e-01    -9.86958e-01
   -1.70121e-01    -9.86958e-01

   -1.09662e-01    -1.00614e+00
   -1.09662e-01    -1.00614e+00

   -1.09662e-01    -1.00614e+00
   -1.09662e-01    -1.00614e+00

   -1.09662e-01    -1.00614e+00
   -9.46279e-02    -1.00199e+00

   -2.28956e-01    -9.77326e-01
   -2.19324e-01    -9.79635e-01

   -2.19324e-01    -9.79635e-01
   -2.28956e-01    -9.77326e-01

   -2.19324e-01    -9.79635e-01
   -2.19324e-01    -9.79635e-01

   -1.70121e-01    -9.86958e-01
   -1.70121e-01    -9.86958e-01

   -1.70121e-01    -9.86958e-01
   -1.70121e-01    -9.86958e-01

   -2.19324e-01    -9.79635e-01
   -2.19324e-01    -9.79635e-01

   -2.11985e-01    -9.79618e-01
   -1.70121e-01    -9.86958e-01

   -1.70121e-01    -9.86958e-01
   -2.11985e-01    -9.79618e-01

   -2.11985e-01    -9.79618e-01
   -2.19324e-01    -9.79635e-01

   -2.19324e-01    -9.79635e-01
   -2.11985e-01    -9.79618e-01

   -9.77326e-01    -2.28956e-01
   -9.79635e-01    -2.19324e-01

   -9.77326e-01    -2.28956e-01
   -9.79635e-01    -2.19324e-01

   -9.79635e-01    -2.19324e-01
   -9.79635e-01    -2.19324e-01

   -9.99253e-01    -1.21957e-01
   -9.86958e-01    -1.70121e-01

   -9.86958e-01    -1.70121e-01
   -9.99253e-01    -1.21957e-01

   -9.86958e-01    -1.70121e-01
   -9.86958e-01    -1.70121e-01

   -9.86958e-01    -1.70121e-01
   -9.86958e-01    -1.70121e-01

   -9.99253e-01    -1.21957e-01
   -1.00614e+00    -1.09662e-01

   -9.99253e-01    -1.21957e-01
   -1.00614e+00    -1.09662e-01

   -1.00614e+00    -1.09662e-01
   -1.00614e+00    -1.09662e-01

   -9.79635e-01    -2.19324e-01
   -9.79635e-01    -2.19324e-01

   -9.86958e-01    -1.70121e-01
   -9.86958e-01    -1.70121e-01

   -9.86958e-01    -1.70121e-01
   -9.86958e-01    -1.70121e-01

   -9.79635e-01    -2.19324e-01
   -9.79618e-01    -2.11985e-01

   -9.79618e-01    -2.11985e-01
   -9.79635e-01    -2.19324e-01

   -9.79618e-01    -2.11985e-01
   -9.86958e-01    -1.70121e-01

   -9.79618e-01    -2.11985e-01
   -9.86958e-01    -1.70121e-01

   -1.00614e+00    -1.09662e-01
   -1.00614e+00    -1.09662e-01

   -1.00614e+00    -1.09662e-01
   -1.00614e+00    -1.09662e-01

   -1.00614e+00    -1.09662e-01
   -1.00199e+00    -9.46279e-02

    1.01847e+00     0.00000e+00
    1.00845e+00    -2.14937e-02

    1.01847e+00     0.00000e+00
    1.01847e+00     0.00000e+00

    1.01847e+00     0.00000e+00
    1.01847e+00     0.00000e+00

    1.01847e+00     0.00000e+00
    1.00845e+00     2.14937e-02

    1.00465e+00     6.45273e-02
    1.00199e+00     9.46278e-02

    1.00465e+00     6.45273e-02
    1.00845e+00     2.14937e-02

    0.00000e+00     1.01847e+00
   -2.14937e-02     1.00845e+00

    0.00000e+00     1.01847e+00
    0.00000e+00     1.01847e+00

    0.00000e+00     1.01847e+00
    0.00000e+00     1.01847e+00

    6.45273e-02     1.00465e+00
    9.46279e-02     1.00199e+00

    6.45273e-02     1.00465e+00
    2.14937e-02     1.00845e+00

    0.00000e+00     1.01847e+00
    2.14937e-02     1.00845e+00

    0.00000e+00    -1.01847e+00
   -2.22976e-02    -1.00926e+00

    0.00000e+00    -1.01847e+00
    0.00000e+00    -1.01847e+00

   -5.07221e-02    -1.01093e+00
   -2.22976e-02    -1.00926e+00

   -5.07221e-02    -1.01093e+00
   -8.37518e-02    -1.01287e+00

    0.00000e+00    -1.01847e+00
    0.00000e+00    -1.01847e+00

    0.00000e+00    -1.01847e+00
    2.22976e-02    -1.00926e+00

   -1.01093e+00    -5.07221e-02
   -1.00926e+00    -2.22976e-02

   -1.01093e+00    -5.07221e-02
   -1.01287e+00    -8.37518e-02

   -1.01847e+00     0.00000e+00
   -1.00926e+00    -2.22976e-02

   -1.01847e+00     0.00000e+00
   -1.01847e+00     0.00000e+00

   -1.01847e+00     0.00000e+00
   -1.01847e+00     0.00000e+00

   -1.01847e+00     0.00000e+00
   -1.00926e+00     2.22976e-02

    1.03002e+00     1.09662e-01
    1.01287e+00     8.37518e-02

    1.03002e+00     1.09662e-01
    1.03002e+00     1.09662e-01

    1.03002e+00     1.09662e-01
    1.03002e+00     1.09662e-01

    1.03002e+00     1.09662e-01
    1.02359e+00     1.46290e-01

    1.02573e+00     1.61283e-01
    1.02359e+00     1.46290e-01

    1.02573e+00     1.61283e-01
    1.02814e+00     1.78140e-01

    1.09662e-01     1.03002e+00
    8.37518e-02     1.01287e+00

    1.09662e-01     1.03002e+00
    1.09662e-01     1.03002e+00

    1.09662e-01     1.03002e+00
    1.09662e-01     1.03002e+00

    1.61283e-01     1.02573e+00
    1.46290e-01     1.02359e+00

    1.61283e-01     1.02573e+00
    1.78140e-01     1.02814e+00

    1.09662e-01     1.03002e+00
    1.46290e-01     1.02359e+00

    8.37518e-02    -1.01287e+00
    1.09662e-01    -1.03002e+00

    5.07221e-02    -1.01093e+00
    2.22976e-02    -1.00926e+00

    5.07221e-02    -1.01093e+00
    8.37518e-02    -1.01287e+00

    1.09662e-01    -1.03002e+00
    1.09662e-01    -1.03002e+00

    1.46290e-01    -1.02359e+00
    1.09662e-01    -1.03002e+00

   -1.01093e+00     5.07221e-02
   -1.00926e+00     2.22976e-02

   -1.01093e+00     5.07221e-02
   -1.01287e+00     8.37518e-02

   -1.03002e+00     1.09662e-01
   -1.01287e+00     8.37518e-02

   -1.03002e+00     1.09662e-01
   -1.03002e+00     1.09662e-01

   -1.03002e+00     1.09662e-01
   -1.03002e+00     1.09662e-01

   -1.03002e+00     1.09662e-01
   -1.02359e+00     1.46290e-01

    1.06088e+00     2.19324e-01
    1.02814e+00     1.78140e-01

    1.06088e+00     2.19324e-01
    1.06088e+00     2.19324e-01

    1.06088e+00     2.19324e-01
    1.06088e+00     2.19324e-01

    1.06088e+00     2.19324e-01
    1.06088e+00     2.19324e-01

    1.06088e+00     2.19324e-01
    1.06088e+00     2.19324e-01

    1.06088e+00     2.19324e-01
    1.06062e+00     2.55324e-01

    2.19324e-01     1.06088e+00
    1.78140e-01     1.02814e+00

    2.19324e-01     1.06088e+00
    2.19324e-01     1.06088e+00

    2.19324e-01     1.06088e+00
    2.19324e-01     1.06088e+00

    2.19324e-01     1.06088e+00
    2.19324e-01     1.06088e+00

    2.19324e-01     1.06088e+00
    2.19324e-01     1.06088e+00

    2.19324e-01     1.06088e+00
    2.55324e-01     1.06062e+00

    2.19324e-01    -1.06088e+00
    1.78140e-01    -1.02814e+00

    2.19324e-01    -1.06088e+00
    2.19324e-01    -1.06088e+00

    2.19324e-01    -1.06088e+00
    2.19324e-01    -1.06088e+00

    1.61283e-01    -1.02573e+00
    1.46290e-01    -1.02359e+00

    1.61283e-01    -1.02573e+00
    1.78140e-01    -1.02814e+00

    3.09305e-01    -1.09662e+00
    2.55324e-01    -1.06062e+00

    2.19324e-01    -1.06088e+00
    2.55324e-01    -1.06062e+00

   -1.02573e+00     1.61283e-01
   -1.02359e+00     1.46290e-01

   -1.02573e+00     1.61283e-01
   -1.02814e+00     1.78140e-01

   -1.06088e+00     2.19324e-01
   -1.02814e+00     1.78140e-01

   -1.06088e+00     2.19324e-01
   -1.06088e+00     2.19324e-01

   -1.06088e+00     2.19324e-01
   -1.06088e+00     2.19324e-01

    1.09662e+00     3.09305e-01
    1.09662e+00     3.09305e-01

   -1.09662e+00     3.09305e-01
   -1.09662e+00     3.09305e-01

   -1.06088e+00     2.19324e-01
   -1.06062e+00     2.55324e-01

   -1.09662e+00     3.09305e-01
   -1.06062e+00     2.55324e-01

    1.09662e+00     3.09305e-01
    1.06062e+00     2.55324e-01

   -1.09662e+00     3.09305e-01
   -1.09662e+00     3.09305e-01

    1.09662e+00     3.09305e-01
    1.09662e+00     3.09305e-01

    3.09305e-01     1.09662e+00
    2.55324e-01     1.06062e+00

    3.09305e-01    -1.09662e+00
    3.09305e-01    -1.09662e+00

    3.09305e-01     1.09662e+00
    3.09305e-01     1.09662e+00

   -3.09305e-01    -1.09662e+00
   -3.09305e-01    -1.09662e+00

   -3.09305e-01     1.09662e+00
   -3.09305e-01     1.09662e+00

   -3.09305e-01    -1.09662e+00
   -3.09305e-01    -1.09662e+00

   -3.09305e-01    -1.09662e+00
   -2.55324e-01    -1.06062e+00

   -1.09662e+00    -3.09305e-01
   -1.09662e+00    -3.09305e-01

    1.09662e+00    -3.09305e-01
    1.09662e+00    -3.09305e-01

   -1.09662e+00    -3.09305e-01
   -1.09662e+00    -3.09305e-01

   -1.09662e+00    -3.09305e-01
   -1.06062e+00    -2.55324e-01

    1.09662e+00    -3.09305e-01
    1.06062e+00    -2.55324e-01

   -1.09662e+00    -3.09305e-01
   -1.09662e+00    -3.09305e-01

    1.09662e+00    -3.09305e-01
    1.09662e+00    -3.09305e-01

    1.06062e+00    -2.55324e-01
    1.06088e+00    -2.19324e-01

    1.06088e+00    -2.19324e-01
    1.06088e+00    -2.19324e-01

    1.06088e+00    -2.19324e-01
    1.06088e+00    -2.19324e-01

    1.02814e+00    -1.78140e-01
    1.06088e+00    -2.19324e-01

    1.02573e+00    -1.61283e-01
    1.02359e+00    -1.46290e-01

    1.02573e+00    -1.61283e-01
    1.02814e+00    -1.78140e-01

   -2.55324e-01     1.06062e+00
   -2.19324e-01     1.06088e+00

   -2.55324e-01     1.06062e+00
   -3.09305e-01     1.09662e+00

   -2.19324e-01     1.06088e+00
   -2.19324e-01     1.06088e+00

   -2.19324e-01     1.06088e+00
   -2.19324e-01     1.06088e+00

   -1.61283e-01     1.02573e+00
   -1.46290e-01     1.02359e+00

   -1.61283e-01     1.02573e+00
   -1.78140e-01     1.02814e+00

   -1.78140e-01     1.02814e+00
   -2.19324e-01     1.06088e+00

   -2.19324e-01    -1.06088e+00
   -2.19324e-01    -1.06088e+00

   -2.19324e-01    -1.06088e+00
   -2.55324e-01    -1.06062e+00

   -2.19324e-01    -1.06088e+00
   -2.19324e-01    -1.06088e+00

   -2.19324e-01    -1.06088e+00
   -2.19324e-01    -1.06088e+00

   -2.19324e-01    -1.06088e+00
   -2.19324e-01    -1.06088e+00

   -2.19324e-01    -1.06088e+00
   -2.19324e-01    -1.06088e+00

   -1.78140e-01    -1.02814e+00
   -2.19324e-01    -1.06088e+00

   -2.19324e-01    -1.06088e+00
   -1.78140e-01    -1.02814e+00

   -1.06088e+00    -2.19324e-01
   -1.06088e+00    -2.19324e-01

   -1.06088e+00    -2.19324e-01
   -1.06062e+00    -2.55324e-01

   -1.06088e+00    -2.19324e-01
   -1.06088e+00    -2.19324e-01

   -1.06088e+00    -2.19324e-01
   -1.06088e+00    -2.19324e-01

   -1.06088e+00    -2.19324e-01
   -1.06088e+00    -2.19324e-01

   -1.06088e+00    -2.19324e-01
   -1.06088e+00    -2.19324e-01

   -1.06088e+00    -2.19324e-01
   -1.02814e+00    -1.78140e-01

   -1.02814e+00    -1.78140e-01
   -1.06088e+00    -2.19324e-01

    1.03002e+00    -1.09662e-01
    1.02359e+00    -1.46290e-01

    1.03002e+00    -1.09662e-01
    1.03002e+00    -1.09662e-01

    1.03002e+00    -1.09662e-01
    1.03002e+00    -1.09662e-01

    1.03002e+00    -1.09662e-01
    1.01287e+00    -8.37518e-02

    1.01093e+00    -5.07221e-02
    1.00926e+00    -2.22976e-02

    1.01093e+00    -5.07221e-02
    1.01287e+00    -8.37518e-02

   -1.09662e-01     1.03002e+00
   -1.46290e-01     1.02359e+00

   -1.09662e-01     1.03002e+00
   -1.09662e-01     1.03002e+00

   -5.07221e-02     1.01093e+00
   -2.22976e-02     1.00926e+00

   -5.07221e-02     1.01093e+00
   -8.37518e-02     1.01287e+00

   -1.09662e-01     1.03002e+00
   -8.37518e-02     1.01287e+00

   -1.46290e-01    -1.02359e+00
   -1.09662e-01    -1.03002e+00

   -1.09662e-01    -1.03002e+00
   -1.46290e-01    -1.02359e+00

   -1.09662e-01    -1.03002e+00
   -1.09662e-01    -1.03002e+00

   -1.61283e-01    -1.02573e+00
   -1.46290e-01    -1.02359e+00

   -1.46290e-01    -1.02359e+00
   -1.61283e-01    -1.02573e+00

   -1.61283e-01    -1.02573e+00
   -1.61283e-01    -1.02573e+00

   -1.78140e-01    -1.02814e+00
   -1.61283e-01    -1.02573e+00

   -1.78140e-01    -1.02814e+00
   -1.78140e-01    -1.02814e+00

   -1.61283e-01    -1.02573e+00
   -1.78140e-01    -1.02814e+00

   -1.09662e-01    -1.03002e+00
   -1.09662e-01    -1.03002e+00

   -8.37518e-02    -1.01287e+00
   -1.09662e-01    -1.03002e+00

   -1.09662e-01    -1.03002e+00
   -8.37518e-02    -1.01287e+00

   -1.02359e+00    -1.46290e-01
   -1.02573e+00    -1.61283e-01

   -1.02573e+00    -1.61283e-01
   -1.02359e+00    -1.46290e-01

   -1.02573e+00    -1.61283e-01
   -1.02573e+00    -1.61283e-01

   -1.02814e+00    -1.78140e-01
   -1.02573e+00    -1.61283e-01

   -1.02814e+00    -1.78140e-01
   -1.02814e+00    -1.78140e-01

   -1.02814e+00    -1.78140e-01
   -1.02573e+00    -1.61283e-01

   -1.02359e+00    -1.46290e-01
   -1.03002e+00    -1.09662e-01

   -1.02359e+00    -1.46290e-01
   -1.03002e+00    -1.09662e-01

   -1.03002e+00    -1.09662e-01
   -1.03002e+00    -1.09662e-01

   -1.03002e+00    -1.09662e-01
   -1.03002e+00    -1.09662e-01

   -1.03002e+00    -1.09662e-01
   -1.01287e+00    -8.37518e-02

   -1.01287e+00    -8.37518e-02
   -1.03002e+00    -1.09662e-01

    1.01847e+00     0.00000e+00
    1.00926e+00    -2.22976e-02

    1.01847e+00     0.00000e+00
    1.01847e+00     0.00000e+00

    1.01847e+00     0.00000e+00
    1.01847e+00     0.00000e+00

    1.01847e+00     0.00000e+00
    1.00926e+00     2.22976e-02

    1.01093e+00     5.07221e-02
    1.00926e+00     2.22976e-02

    1.01093e+00     5.07221e-02
    1.01287e+00     8.37518e-02

    0.00000e+00     1.01847e+00
   -2.22976e-02     1.00926e+00

    0.00000e+00     1.01847e+00
    0.00000e+00     1.01847e+00

    0.00000e+00     1.01847e+00
    0.00000e+00     1.01847e+00

    5.07221e-02     1.01093e+00
    2.22976e-02     1.00926e+00

    5.07221e-02     1.01093e+00
    8.37518e-02     1.01287e+00

    0.00000e+00     1.01847e+00
    2.22976e-02     1.00926e+00

