   -1.38523e-01    -9.06157e-01
   -1.09662e-01    -9.07910e-01

   -1.57228e-01    -9.09981e-01
   -1.38523e-01    -9.06157e-01

   -1.57228e-01    -9.09981e-01
   -1.81646e-01    -9.14973e-01

   -1.09662e-01    -9.07910e-01
   -1.09662e-01    -9.07910e-01

   -8.53144e-02    -9.01643e-01
   -1.09662e-01    -9.07910e-01

   -9.09981e-01    -1.57228e-01
   -9.06157e-01    -1.38523e-01

   -9.09981e-01    -1.57228e-01
   -9.14973e-01    -1.81646e-01

   -9.07910e-01    -1.09662e-01
   -9.06157e-01    -1.38523e-01

   -9.07910e-01    -1.09662e-01
   -9.07910e-01    -1.09662e-01

   -9.07910e-01    -1.09662e-01
   -9.01643e-01    -8.53144e-02

    9.26336e-01     2.19324e-01
    9.14973e-01     1.81646e-01

    9.26336e-01     2.19324e-01
    9.26336e-01     2.19324e-01

    9.26336e-01     2.19324e-01
    9.26336e-01     2.19324e-01

    9.26336e-01     2.19324e-01
    9.19612e-01     2.61640e-01

    9.19818e-01     2.73888e-01
    9.19612e-01     2.61640e-01

    9.19818e-01     2.73888e-01
    9.20027e-01     2.86255e-01

    2.19324e-01     9.26336e-01
    1.81646e-01     9.14973e-01

    2.19324e-01     9.26336e-01
    2.19324e-01     9.26336e-01

    2.19324e-01     9.26336e-01
    2.19324e-01     9.26336e-01

    2.73888e-01     9.19818e-01
    2.61640e-01     9.19612e-01

    2.73888e-01     9.19818e-01
    2.86255e-01     9.20027e-01

    2.19324e-01     9.26336e-01
    2.61640e-01     9.19612e-01

    0.00000e+00    -8.98886e-01
   -1.87470e-02    -8.96043e-01

    0.00000e+00    -8.98886e-01
    0.00000e+00    -8.98886e-01

   -4.77051e-02    -8.98479e-01
   -1.87470e-02    -8.96043e-01

   -4.77051e-02    -8.98479e-01
   -8.53144e-02    -9.01643e-01

    0.00000e+00    -8.98886e-01
    0.00000e+00    -8.98886e-01

    0.00000e+00    -8.98886e-01
    1.87470e-02    -8.96043e-01

   -8.98479e-01    -4.77051e-02
   -8.96043e-01    -1.87470e-02

   -8.98479e-01    -4.77051e-02
   -9.01643e-01    -8.53144e-02

   -8.98886e-01     0.00000e+00
   -8.96043e-01    -1.87470e-02

   -8.98886e-01     0.00000e+00
   -8.98886e-01     0.00000e+00

   -8.98886e-01     0.00000e+00
   -8.98886e-01     0.00000e+00

   -8.98886e-01     0.00000e+00
   -8.96043e-01     1.87470e-02

    9.22571e-01     3.28986e-01
    9.20027e-01     2.86255e-01

    9.22571e-01     3.28986e-01
    9.22571e-01     3.28986e-01

    8.77296e-01     4.29827e-01
    8.74223e-01     4.35575e-01

    8.77296e-01     4.29827e-01
    8.77296e-01     4.29827e-01

    8.77296e-01     4.29827e-01
    8.77296e-01     4.29827e-01

    8.73555e-01     4.38648e-01
    8.74223e-01     4.35575e-01

    8.73555e-01     4.38648e-01
    8.73555e-01     4.38648e-01

    9.22571e-01     3.28986e-01
    9.22571e-01     3.28986e-01

    8.77296e-01     4.29827e-01
    8.77296e-01     4.29827e-01

    8.77296e-01     4.29827e-01
    8.77296e-01     4.29827e-01

    9.22571e-01     3.28986e-01
    9.09966e-01     3.61656e-01

    8.77296e-01     4.29827e-01
    9.09966e-01     3.61656e-01

    8.73555e-01     4.38648e-01
    8.64834e-01     4.51110e-01

    4.38648e-01     8.73555e-01
    4.35575e-01     8.74223e-01

    4.38648e-01     8.73555e-01
    4.38648e-01     8.73555e-01

    4.29827e-01     8.77296e-01
    4.35575e-01     8.74223e-01

    4.29827e-01     8.77296e-01
    4.29827e-01     8.77296e-01

    4.29827e-01     8.77296e-01
    4.29827e-01     8.77296e-01

    4.38648e-01     8.73555e-01
    4.51110e-01     8.64834e-01

    3.28986e-01     9.22571e-01
    2.86255e-01     9.20027e-01

    3.28986e-01     9.22571e-01
    3.28986e-01     9.22571e-01

    4.29827e-01     8.77296e-01
    4.29827e-01     8.77296e-01

    4.29827e-01     8.77296e-01
    4.29827e-01     8.77296e-01

    3.28986e-01     9.22571e-01
    3.28986e-01     9.22571e-01

    4.29827e-01     8.77296e-01
    3.61656e-01     9.09966e-01

    3.28986e-01     9.22571e-01
    3.61656e-01     9.09966e-01

    1.09662e-01    -9.07910e-01
    8.53144e-02    -9.01643e-01

    1.09662e-01    -9.07911e-01
    1.09662e-01    -9.07910e-01

    4.77051e-02    -8.98479e-01
    1.87470e-02    -8.96043e-01

    4.77051e-02    -8.98479e-01
    8.53144e-02    -9.01643e-01

    1.09662e-01    -9.07911e-01
    1.38523e-01    -9.06157e-01

   -8.98479e-01     4.77051e-02
   -8.96043e-01     1.87470e-02

   -8.98479e-01     4.77051e-02
   -9.01643e-01     8.53144e-02

   -9.07910e-01     1.09662e-01
   -9.01643e-01     8.53144e-02

   -9.07910e-01     1.09662e-01
   -9.07910e-01     1.09662e-01

   -9.07910e-01     1.09662e-01
   -9.07910e-01     1.09662e-01

   -9.07910e-01     1.09662e-01
   -9.06157e-01     1.38523e-01

    8.57800e-01     4.62531e-01
    8.32538e-01     5.03552e-01

    8.57800e-01     4.62531e-01
    8.64834e-01     4.51110e-01

    8.10153e-01     5.48310e-01
    8.32538e-01     5.03552e-01

    8.10153e-01     5.48310e-01
    8.10153e-01     5.48310e-01

    8.10153e-01     5.48310e-01
    8.10153e-01     5.48310e-01

    7.67634e-01     6.05532e-01
    7.39989e-01     6.30327e-01

    7.67634e-01     6.05532e-01
    7.67634e-01     6.05532e-01

    7.23980e-01     6.57972e-01
    7.39989e-01     6.30327e-01

    7.23980e-01     6.57972e-01
    7.23980e-01     6.57972e-01

    8.10153e-01     5.48310e-01
    8.10153e-01     5.48310e-01

    8.10153e-01     5.48310e-01
    8.10153e-01     5.48310e-01

    7.67634e-01     6.05532e-01
    7.67634e-01     6.05532e-01

    8.10153e-01     5.48310e-01
    7.95699e-01     5.76375e-01

    7.67634e-01     6.05532e-01
    7.95699e-01     5.76375e-01

    6.57972e-01     7.23980e-01
    6.30327e-01     7.39989e-01

    6.57972e-01     7.23980e-01
    6.57972e-01     7.23980e-01

    6.05532e-01     7.67634e-01
    6.30327e-01     7.39989e-01

    6.05532e-01     7.67634e-01
    6.05532e-01     7.67634e-01

    7.23980e-01     6.57972e-01
    7.23980e-01     6.57972e-01

    6.57972e-01     7.23980e-01
    6.57972e-01     7.23980e-01

    7.23980e-01     6.57972e-01
    6.90399e-01     6.90399e-01

    6.57972e-01     7.23980e-01
    6.90399e-01     6.90399e-01

    5.48310e-01     8.10153e-01
    5.03552e-01     8.32538e-01

    5.48310e-01     8.10153e-01
    5.48310e-01     8.10153e-01

    5.48310e-01     8.10153e-01
    5.48310e-01     8.10153e-01

    4.62531e-01     8.57800e-01
    5.03552e-01     8.32538e-01

    4.62531e-01     8.57800e-01
    4.51110e-01     8.64834e-01

    6.05532e-01     7.67634e-01
    6.05532e-01     7.67634e-01

    5.48310e-01     8.10153e-01
    5.48310e-01     8.10153e-01

    5.48310e-01     8.10153e-01
    5.48310e-01     8.10153e-01

    6.05532e-01     7.67634e-01
    5.76375e-01     7.95699e-01

    5.48310e-01     8.10153e-01
    5.76375e-01     7.95699e-01

    2.19324e-01    -9.26336e-01
    1.81646e-01    -9.14973e-01

    2.19324e-01    -9.26336e-01
    2.19324e-01    -9.26336e-01

    1.57228e-01    -9.09981e-01
    1.38523e-01    -9.06157e-01

    1.57228e-01    -9.09981e-01
    1.81646e-01    -9.14973e-01

    2.19324e-01    -9.26336e-01
    2.61640e-01    -9.19612e-01

   -9.09981e-01     1.57228e-01
   -9.06157e-01     1.38523e-01

   -9.09981e-01     1.57228e-01
   -9.14973e-01     1.81646e-01

   -9.26336e-01     2.19324e-01
   -9.14973e-01     1.81646e-01

   -9.26336e-01     2.19324e-01
   -9.26336e-01     2.19324e-01

   -9.26336e-01     2.19324e-01
   -9.19612e-01     2.61640e-01

    3.28986e-01    -9.22571e-01
    2.86255e-01    -9.20027e-01

    3.28986e-01    -9.22571e-01
    3.28986e-01    -9.22571e-01

    2.73888e-01    -9.19818e-01
    2.61640e-01    -9.19612e-01

    2.73888e-01    -9.19818e-01
    2.86255e-01    -9.20027e-01

    3.28986e-01    -9.22571e-01
    3.61656e-01    -9.09966e-01

   -9.19818e-01     2.73888e-01
   -9.19612e-01     2.61640e-01

   -9.19818e-01     2.73888e-01
   -9.20027e-01     2.86255e-01

   -9.22571e-01     3.28986e-01
   -9.20027e-01     2.86255e-01

   -9.22571e-01     3.28986e-01
   -9.22571e-01     3.28986e-01

   -9.22571e-01     3.28986e-01
   -9.09966e-01     3.61656e-01

    4.29827e-01    -8.77296e-01
    3.61656e-01    -9.09966e-01

    4.29827e-01    -8.77296e-01
    4.29827e-01    -8.77296e-01

    4.29827e-01    -8.77296e-01
    4.29827e-01    -8.77296e-01

    4.29827e-01    -8.77296e-01
    4.35575e-01    -8.74223e-01

   -8.77296e-01     4.29827e-01
   -9.09966e-01     3.61656e-01

   -8.77296e-01     4.29827e-01
   -8.77296e-01     4.29827e-01

   -8.77296e-01     4.29827e-01
   -8.77296e-01     4.29827e-01

   -8.77296e-01     4.29827e-01
   -8.74223e-01     4.35575e-01

    4.38648e-01    -8.73555e-01
    4.35575e-01    -8.74223e-01

    4.38648e-01    -8.73555e-01
    4.38648e-01    -8.73555e-01

    4.38648e-01    -8.73555e-01
    4.38648e-01    -8.73555e-01

    5.03552e-01    -8.32538e-01
    4.62531e-01    -8.57800e-01

    4.51110e-01    -8.64834e-01
    4.62531e-01    -8.57800e-01

    4.38648e-01    -8.73555e-01
    4.51110e-01    -8.64834e-01

   -8.73555e-01     4.38648e-01
   -8.74223e-01     4.35575e-01

   -8.73555e-01     4.38648e-01
   -8.73555e-01     4.38648e-01

   -8.73555e-01     4.38648e-01
   -8.73555e-01     4.38648e-01

   -8.73555e-01     4.38648e-01
   -8.64834e-01     4.51110e-01

   -8.32538e-01     5.03552e-01
   -8.57800e-01     4.62531e-01

   -8.64834e-01     4.51110e-01
   -8.57800e-01     4.62531e-01

    5.48310e-01    -8.10152e-01
    5.03552e-01    -8.32538e-01

    5.48310e-01    -8.10152e-01
    5.48310e-01    -8.10152e-01

    5.48310e-01    -8.10152e-01
    5.48310e-01    -8.10152e-01

    5.48310e-01    -8.10152e-01
    5.48310e-01    -8.10152e-01

    5.48310e-01    -8.10152e-01
    5.48310e-01    -8.10152e-01

    5.48310e-01    -8.10152e-01
    5.76375e-01    -7.95699e-01

   -8.10153e-01     5.48310e-01
   -8.32538e-01     5.03552e-01

   -8.10153e-01     5.48310e-01
   -8.10153e-01     5.48310e-01

   -8.10153e-01     5.48310e-01
   -8.10152e-01     5.48310e-01

   -8.10152e-01     5.48310e-01
   -7.95699e-01     5.76375e-01

    6.05532e-01    -7.67634e-01
    5.76375e-01    -7.95699e-01

    6.05532e-01    -7.67634e-01
    6.05532e-01    -7.67634e-01

    6.05532e-01    -7.67634e-01
    6.05532e-01    -7.67634e-01

    6.05532e-01    -7.67634e-01
    6.30328e-01    -7.39989e-01

   -7.67634e-01     6.05532e-01
   -7.95699e-01     5.76375e-01

   -7.67634e-01     6.05532e-01
   -7.67634e-01     6.05532e-01

   -7.67634e-01     6.05532e-01
   -7.67634e-01     6.05532e-01

   -7.67634e-01     6.05532e-01
   -7.39989e-01     6.30328e-01

    6.57972e-01    -7.23980e-01
    6.30328e-01    -7.39989e-01

    6.57972e-01    -7.23980e-01
    6.57972e-01    -7.23980e-01

    6.57972e-01    -7.23980e-01
    6.57972e-01    -7.23980e-01

    6.57972e-01    -7.23980e-01
    6.90399e-01    -6.90399e-01

   -7.23980e-01     6.57972e-01
   -7.39989e-01     6.30328e-01

   -7.23980e-01     6.57972e-01
   -7.23980e-01     6.57972e-01

   -7.23980e-01     6.57972e-01
   -7.23980e-01     6.57972e-01

   -7.23980e-01     6.57972e-01
   -6.90399e-01     6.90399e-01

    7.23980e-01    -6.57972e-01
    6.90399e-01    -6.90399e-01

    7.23980e-01    -6.57972e-01
    7.23980e-01    -6.57972e-01

    7.23980e-01    -6.57972e-01
    7.23980e-01    -6.57972e-01

    7.23980e-01    -6.57972e-01
    7.39989e-01    -6.30328e-01

   -6.57972e-01     7.23980e-01
   -6.90399e-01     6.90399e-01

   -6.57972e-01     7.23980e-01
   -6.57972e-01     7.23980e-01

   -6.57972e-01     7.23980e-01
   -6.57972e-01     7.23980e-01

   -6.57972e-01     7.23980e-01
   -6.30328e-01     7.39989e-01

    7.67634e-01    -6.05532e-01
    7.39989e-01    -6.30328e-01

    7.67634e-01    -6.05532e-01
    7.67634e-01    -6.05532e-01

    7.67634e-01    -6.05532e-01
    7.67634e-01    -6.05532e-01

    7.67634e-01    -6.05532e-01
    7.95699e-01    -5.76375e-01

   -6.05532e-01     7.67634e-01
   -6.30328e-01     7.39989e-01

   -6.05532e-01     7.67634e-01
   -6.05532e-01     7.67634e-01

   -6.05532e-01     7.67634e-01
   -6.05532e-01     7.67634e-01

   -6.05532e-01     7.67634e-01
   -5.76375e-01     7.95699e-01

    7.95699e-01    -5.76375e-01
    8.10152e-01    -5.48310e-01

    8.10153e-01    -5.48310e-01
    8.10153e-01    -5.48310e-01

    8.10152e-01    -5.48310e-01
    8.10153e-01    -5.48310e-01

    8.32538e-01    -5.03552e-01
    8.10153e-01    -5.48310e-01

   -5.48310e-01     8.10152e-01
   -5.76375e-01     7.95699e-01

   -5.48310e-01     8.10152e-01
   -5.48310e-01     8.10152e-01

   -5.48310e-01     8.10152e-01
   -5.48310e-01     8.10152e-01

   -5.48310e-01     8.10152e-01
   -5.48310e-01     8.10152e-01

   -5.48310e-01     8.10152e-01
   -5.48310e-01     8.10152e-01

   -5.48310e-01     8.10152e-01
   -5.03552e-01     8.32538e-01

    8.57800e-01    -4.62531e-01
    8.32538e-01    -5.03552e-01

    8.57800e-01    -4.62531e-01
    8.64834e-01    -4.51110e-01

    8.73555e-01    -4.38648e-01
    8.64834e-01    -4.51110e-01

    8.73555e-01    -4.38648e-01
    8.73555e-01    -4.38648e-01

    8.73555e-01    -4.38648e-01
    8.73555e-01    -4.38648e-01

    8.73555e-01    -4.38648e-01
    8.74223e-01    -4.35575e-01

   -4.38648e-01     8.73555e-01
   -4.51110e-01     8.64834e-01

   -4.38648e-01     8.73555e-01
   -4.38648e-01     8.73555e-01

   -4.62531e-01     8.57800e-01
   -5.03552e-01     8.32538e-01

   -4.62531e-01     8.57800e-01
   -4.51110e-01     8.64834e-01

   -4.38648e-01     8.73555e-01
   -4.38648e-01     8.73555e-01

   -4.38648e-01     8.73555e-01
   -4.35575e-01     8.74223e-01

    8.74223e-01    -4.35575e-01
    8.77296e-01    -4.29827e-01

    8.77296e-01    -4.29827e-01
    8.77296e-01    -4.29827e-01

    8.77296e-01    -4.29827e-01
    8.77296e-01    -4.29827e-01

    9.09966e-01    -3.61656e-01
    8.77296e-01    -4.29827e-01

   -4.35575e-01     8.74223e-01
   -4.29827e-01     8.77296e-01

   -4.29827e-01     8.77296e-01
   -4.29827e-01     8.77296e-01

   -4.29827e-01     8.77296e-01
   -4.29827e-01     8.77296e-01

   -3.61656e-01     9.09966e-01
   -4.29827e-01     8.77296e-01

    9.09966e-01    -3.61656e-01
    9.22571e-01    -3.28986e-01

    9.22571e-01    -3.28986e-01
    9.22571e-01    -3.28986e-01

    9.20027e-01    -2.86255e-01
    9.22571e-01    -3.28986e-01

    9.19818e-01    -2.73887e-01
    9.19612e-01    -2.61640e-01

    9.19818e-01    -2.73887e-01
    9.20027e-01    -2.86255e-01

   -3.61656e-01     9.09966e-01
   -3.28986e-01     9.22571e-01

   -3.28986e-01     9.22571e-01
   -3.28986e-01     9.22571e-01

   -2.73887e-01     9.19818e-01
   -2.61640e-01     9.19612e-01

   -2.73887e-01     9.19818e-01
   -2.86255e-01     9.20027e-01

   -2.86255e-01     9.20027e-01
   -3.28986e-01     9.22571e-01

    9.19612e-01    -2.61640e-01
    9.26336e-01    -2.19324e-01

    9.26336e-01    -2.19324e-01
    9.26336e-01    -2.19324e-01

    9.14973e-01    -1.81646e-01
    9.26336e-01    -2.19324e-01

    9.09981e-01    -1.57228e-01
    9.06157e-01    -1.38523e-01

    9.09981e-01    -1.57228e-01
    9.14973e-01    -1.81646e-01

   -2.61640e-01     9.19612e-01
   -2.19324e-01     9.26336e-01

   -2.19324e-01     9.26336e-01
   -2.19324e-01     9.26336e-01

   -1.57228e-01     9.09981e-01
   -1.38523e-01     9.06157e-01

   -1.57228e-01     9.09981e-01
   -1.81646e-01     9.14973e-01

   -1.81646e-01     9.14973e-01
   -2.19324e-01     9.26336e-01

   -5.76375e-01    -7.95699e-01
   -5.48310e-01    -8.10153e-01

   -5.48310e-01    -8.10153e-01
   -5.76375e-01    -7.95699e-01

   -5.48310e-01    -8.10153e-01
   -5.48310e-01    -8.10153e-01

   -5.48310e-01    -8.10153e-01
   -5.48310e-01    -8.10153e-01

   -6.05532e-01    -7.67634e-01
   -5.76375e-01    -7.95699e-01

   -5.76375e-01    -7.95699e-01
   -6.05532e-01    -7.67634e-01

   -6.05532e-01    -7.67634e-01
   -6.05532e-01    -7.67634e-01

   -5.48310e-01    -8.10153e-01
   -5.48310e-01    -8.10153e-01

   -5.48310e-01    -8.10153e-01
   -5.48310e-01    -8.10153e-01

   -5.03552e-01    -8.32538e-01
   -4.62531e-01    -8.57800e-01

   -5.03552e-01    -8.32538e-01
   -5.03552e-01    -8.32538e-01

   -5.03552e-01    -8.32538e-01
   -5.03552e-01    -8.32538e-01

   -4.51110e-01    -8.64834e-01
   -4.51110e-01    -8.64834e-01

   -4.62531e-01    -8.57800e-01
   -4.62531e-01    -8.57800e-01

   -4.51110e-01    -8.64834e-01
   -4.62531e-01    -8.57800e-01

   -5.48310e-01    -8.10153e-01
   -5.03552e-01    -8.32538e-01

   -5.03552e-01    -8.32538e-01
   -5.48310e-01    -8.10153e-01

   -6.57972e-01    -7.23980e-01
   -6.90399e-01    -6.90399e-01

   -6.57972e-01    -7.23980e-01
   -6.90399e-01    -6.90399e-01

   -6.57972e-01    -7.23980e-01
   -6.57972e-01    -7.23980e-01

   -7.23980e-01    -6.57972e-01
   -6.90399e-01    -6.90399e-01

   -6.90399e-01    -6.90399e-01
   -7.23980e-01    -6.57972e-01

   -7.23980e-01    -6.57972e-01
   -7.23980e-01    -6.57972e-01

   -6.05532e-01    -7.67634e-01
   -6.05532e-01    -7.67634e-01

   -6.57972e-01    -7.23980e-01
   -6.57972e-01    -7.23980e-01

   -6.05532e-01    -7.67634e-01
   -6.30327e-01    -7.39989e-01

   -6.05532e-01    -7.67634e-01
   -6.30327e-01    -7.39989e-01

   -6.57972e-01    -7.23980e-01
   -6.30327e-01    -7.39989e-01

   -6.30327e-01    -7.39989e-01
   -6.57972e-01    -7.23980e-01

   -7.67634e-01    -6.05532e-01
   -7.95699e-01    -5.76375e-01

   -7.67634e-01    -6.05532e-01
   -7.95699e-01    -5.76375e-01

   -7.67634e-01    -6.05532e-01
   -7.67634e-01    -6.05532e-01

   -7.95699e-01    -5.76375e-01
   -8.10153e-01    -5.48310e-01

   -7.95699e-01    -5.76375e-01
   -8.10153e-01    -5.48310e-01

   -8.10153e-01    -5.48310e-01
   -8.10153e-01    -5.48310e-01

   -8.10153e-01    -5.48310e-01
   -8.10153e-01    -5.48310e-01

   -7.23980e-01    -6.57972e-01
   -7.23980e-01    -6.57972e-01

   -7.67634e-01    -6.05532e-01
   -7.67634e-01    -6.05532e-01

   -7.23980e-01    -6.57972e-01
   -7.39989e-01    -6.30327e-01

   -7.23980e-01    -6.57972e-01
   -7.39989e-01    -6.30327e-01

   -7.67634e-01    -6.05532e-01
   -7.39989e-01    -6.30327e-01

   -7.39989e-01    -6.30327e-01
   -7.67634e-01    -6.05532e-01

   -8.10153e-01    -5.48310e-01
   -8.10153e-01    -5.48310e-01

   -8.10153e-01    -5.48310e-01
   -8.10153e-01    -5.48310e-01

   -8.10153e-01    -5.48310e-01
   -8.32538e-01    -5.03552e-01

   -8.10153e-01    -5.48310e-01
   -8.32538e-01    -5.03552e-01

   -8.32538e-01    -5.03552e-01
   -8.57800e-01    -4.62531e-01

   -8.32538e-01    -5.03552e-01
   -8.32538e-01    -5.03552e-01

   -8.32538e-01    -5.03552e-01
   -8.32538e-01    -5.03552e-01

   -8.64834e-01    -4.51110e-01
   -8.64834e-01    -4.51110e-01

   -8.57800e-01    -4.62531e-01
   -8.57800e-01    -4.62531e-01

   -8.64834e-01    -4.51110e-01
   -8.57800e-01    -4.62531e-01

    9.07910e-01    -1.09662e-01
    9.06157e-01    -1.38523e-01

    9.07910e-01    -1.09662e-01
    9.07910e-01    -1.09662e-01

    9.07910e-01    -1.09662e-01
    9.07910e-01    -1.09662e-01

    9.07910e-01    -1.09662e-01
    9.01643e-01    -8.53144e-02

    8.98479e-01    -4.77051e-02
    8.96043e-01    -1.87470e-02

    8.98479e-01    -4.77051e-02
    9.01643e-01    -8.53144e-02

   -1.38523e-01     9.06157e-01
   -1.09662e-01     9.07911e-01

   -1.09662e-01     9.07910e-01
   -1.09662e-01     9.07911e-01

   -4.77051e-02     8.98479e-01
   -1.87470e-02     8.96043e-01

   -4.77051e-02     8.98479e-01
   -8.53144e-02     9.01643e-01

   -8.53144e-02     9.01643e-01
   -1.09662e-01     9.07910e-01

   -3.28986e-01    -9.22571e-01
   -3.61656e-01    -9.09966e-01

   -3.61656e-01    -9.09966e-01
   -3.61656e-01    -9.09966e-01

   -3.61656e-01    -9.09966e-01
   -3.28986e-01    -9.22571e-01

   -3.61656e-01    -9.09966e-01
   -3.61656e-01    -9.09966e-01

   -3.28986e-01    -9.22571e-01
   -3.28986e-01    -9.22571e-01

   -3.61656e-01    -9.09966e-01
   -4.29827e-01    -8.77296e-01

   -4.29827e-01    -8.77296e-01
   -3.61656e-01    -9.09966e-01

   -4.29827e-01    -8.77296e-01
   -4.29827e-01    -8.77296e-01

   -4.29827e-01    -8.77296e-01
   -4.29827e-01    -8.77296e-01

   -3.28986e-01    -9.22571e-01
   -3.28986e-01    -9.22571e-01

   -3.28986e-01    -9.22571e-01
   -3.28986e-01    -9.22571e-01

   -3.28986e-01    -9.22571e-01
   -2.86255e-01    -9.20027e-01

   -4.38648e-01    -8.73555e-01
   -4.51110e-01    -8.64834e-01

   -4.51110e-01    -8.64834e-01
   -4.51110e-01    -8.64834e-01

   -4.29827e-01    -8.77296e-01
   -4.29827e-01    -8.77296e-01

   -4.29827e-01    -8.77296e-01
   -4.29827e-01    -8.77296e-01

   -4.38648e-01    -8.73555e-01
   -4.38648e-01    -8.73555e-01

   -4.35575e-01    -8.74223e-01
   -4.29827e-01    -8.77296e-01

   -4.29827e-01    -8.77296e-01
   -4.35575e-01    -8.74223e-01

   -4.35575e-01    -8.74223e-01
   -4.38648e-01    -8.73555e-01

   -4.35575e-01    -8.74223e-01
   -4.35575e-01    -8.74223e-01

   -8.64834e-01    -4.51110e-01
   -8.73555e-01    -4.38648e-01

   -8.64834e-01    -4.51110e-01
   -8.64834e-01    -4.51110e-01

   -8.77296e-01    -4.29827e-01
   -9.09966e-01    -3.61656e-01

   -9.09966e-01    -3.61656e-01
   -8.77296e-01    -4.29827e-01

   -8.77296e-01    -4.29827e-01
   -8.77296e-01    -4.29827e-01

   -8.77296e-01    -4.29827e-01
   -8.77296e-01    -4.29827e-01

   -9.09966e-01    -3.61656e-01
   -9.22571e-01    -3.28986e-01

   -9.22571e-01    -3.28986e-01
   -9.09966e-01    -3.61656e-01

   -9.22571e-01    -3.28986e-01
   -9.22571e-01    -3.28986e-01

   -8.73555e-01    -4.38648e-01
   -8.73555e-01    -4.38648e-01

   -8.77296e-01    -4.29827e-01
   -8.77296e-01    -4.29827e-01

   -8.77296e-01    -4.29827e-01
   -8.77296e-01    -4.29827e-01

   -8.73555e-01    -4.38648e-01
   -8.74223e-01    -4.35575e-01

   -8.74223e-01    -4.35575e-01
   -8.74223e-01    -4.35575e-01

   -8.74223e-01    -4.35575e-01
   -8.77296e-01    -4.29827e-01

   -8.74223e-01    -4.35575e-01
   -8.77296e-01    -4.29827e-01

   -9.22571e-01    -3.28986e-01
   -9.22571e-01    -3.28986e-01

   -9.22571e-01    -3.28986e-01
   -9.22571e-01    -3.28986e-01

   -9.22571e-01    -3.28986e-01
   -9.20027e-01    -2.86255e-01

    8.98886e-01     0.00000e+00
    8.96043e-01    -1.87470e-02

    8.98886e-01     0.00000e+00
    8.98886e-01     0.00000e+00

    8.98886e-01     0.00000e+00
    8.98886e-01     0.00000e+00

    8.98886e-01     0.00000e+00
    8.96043e-01     1.87470e-02

    8.98479e-01     4.77051e-02
    8.96043e-01     1.87470e-02

    8.98479e-01     4.77051e-02
    9.01643e-01     8.53144e-02

    0.00000e+00     8.98886e-01
   -1.87470e-02     8.96043e-01

    0.00000e+00     8.98886e-01
    0.00000e+00     8.98886e-01

    0.00000e+00     8.98886e-01
    0.00000e+00     8.98886e-01

    4.77051e-02     8.98479e-01
    1.87470e-02     8.96043e-01

    4.77051e-02     8.98479e-01
    8.53144e-02     9.01643e-01

    0.00000e+00     8.98886e-01
    1.87470e-02     8.96043e-01

   -2.61640e-01    -9.19612e-01
   -2.19324e-01    -9.26336e-01

   -2.19324e-01    -9.26336e-01
   -2.61640e-01    -9.19612e-01

   -2.19324e-01    -9.26336e-01
   -2.19324e-01    -9.26336e-01

   -2.73888e-01    -9.19818e-01
   -2.61640e-01    -9.19612e-01

   -2.61640e-01    -9.19612e-01
   -2.73888e-01    -9.19818e-01

   -2.73888e-01    -9.19818e-01
   -2.73888e-01    -9.19818e-01

   -2.73888e-01    -9.19818e-01
   -2.73888e-01    -9.19818e-01

   -2.86255e-01    -9.20027e-01
   -2.86255e-01    -9.20027e-01

   -2.73888e-01    -9.19818e-01
   -2.86255e-01    -9.20027e-01

   -2.19324e-01    -9.26336e-01
   -2.19324e-01    -9.26336e-01

   -1.81646e-01    -9.14973e-01
   -2.19324e-01    -9.26336e-01

   -2.19324e-01    -9.26336e-01
   -1.81646e-01    -9.14973e-01

   -9.19612e-01    -2.61640e-01
   -9.19818e-01    -2.73888e-01

   -9.19818e-01    -2.73888e-01
   -9.19612e-01    -2.61640e-01

   -9.19818e-01    -2.73888e-01
   -9.19818e-01    -2.73888e-01

   -9.19818e-01    -2.73888e-01
   -9.19818e-01    -2.73888e-01

   -9.20027e-01    -2.86255e-01
   -9.20027e-01    -2.86255e-01

   -9.19818e-01    -2.73888e-01
   -9.20027e-01    -2.86255e-01

   -9.19612e-01    -2.61640e-01
   -9.26336e-01    -2.19324e-01

   -9.19612e-01    -2.61640e-01
   -9.26336e-01    -2.19324e-01

   -9.26336e-01    -2.19324e-01
   -9.26336e-01    -2.19324e-01

   -9.26336e-01    -2.19324e-01
   -9.26336e-01    -2.19324e-01

   -9.26336e-01    -2.19324e-01
   -9.14973e-01    -1.81646e-01

   -9.14973e-01    -1.81646e-01
   -9.26336e-01    -2.19324e-01

    9.01643e-01     8.53144e-02
    9.07910e-01     1.09662e-01

    9.07910e-01     1.09662e-01
    9.07910e-01     1.09662e-01

    9.06157e-01     1.38523e-01
    9.07910e-01     1.09662e-01

    9.09981e-01     1.57228e-01
    9.06157e-01     1.38523e-01

    9.09981e-01     1.57228e-01
    9.14973e-01     1.81646e-01

    1.09662e-01     9.07910e-01
    8.53144e-02     9.01643e-01

    1.09662e-01     9.07910e-01
    1.09662e-01     9.07910e-01

    1.57228e-01     9.09981e-01
    1.38523e-01     9.06157e-01

    1.57228e-01     9.09981e-01
    1.81646e-01     9.14973e-01

    1.09662e-01     9.07910e-01
    1.38523e-01     9.06157e-01

    0.00000e+00    -1.00878e+00
   -1.48730e-02    -1.00183e+00

    0.00000e+00    -1.00878e+00
    0.00000e+00    -1.00878e+00

   -7.47859e-02    -9.96418e-01
   -1.02726e-01    -9.93894e-01

   -7.47859e-02    -9.96418e-01
   -1.48730e-02    -1.00183e+00

    0.00000e+00    -1.00878e+00
    0.00000e+00    -1.00878e+00

    0.00000e+00    -1.00878e+00
    1.48730e-02    -1.00183e+00

   -9.96418e-01    -7.47858e-02
   -9.93894e-01    -1.02726e-01

   -9.96418e-01    -7.47858e-02
   -1.00183e+00    -1.48730e-02

   -1.00878e+00     0.00000e+00
   -1.00183e+00    -1.48730e-02

   -1.00878e+00     0.00000e+00
   -1.00878e+00     0.00000e+00

   -1.00878e+00     0.00000e+00
   -1.00878e+00     0.00000e+00

   -1.00878e+00     0.00000e+00
   -1.00183e+00     1.48730e-02

    9.95757e-01     1.09662e-01
    9.93894e-01     1.02726e-01

    9.95757e-01     1.09662e-01
    9.95757e-01     1.09662e-01

    9.86958e-01     1.36581e-01
    9.74380e-01     2.06746e-01

    9.86958e-01     1.36581e-01
    9.86958e-01     1.36581e-01

    9.86958e-01     1.36581e-01
    9.86958e-01     1.36581e-01

    9.74325e-01     2.19324e-01
    9.74380e-01     2.06746e-01

    9.74325e-01     2.19324e-01
    9.74325e-01     2.19324e-01

    9.95757e-01     1.09662e-01
    9.95757e-01     1.09662e-01

    9.86958e-01     1.36581e-01
    9.86958e-01     1.36581e-01

    9.86958e-01     1.36581e-01
    9.86958e-01     1.36581e-01

    9.95757e-01     1.09662e-01
    9.92564e-01     1.15268e-01

    9.86958e-01     1.36581e-01
    9.92564e-01     1.15268e-01

    9.74325e-01     2.19324e-01
    9.74325e-01     2.19324e-01

    9.74325e-01     2.19324e-01
    9.70117e-01     2.36165e-01

    2.19324e-01     9.74325e-01
    2.06746e-01     9.74380e-01

    2.19324e-01     9.74325e-01
    2.19324e-01     9.74325e-01

    1.36581e-01     9.86958e-01
    2.06746e-01     9.74380e-01

    1.36581e-01     9.86958e-01
    1.36581e-01     9.86958e-01

    1.36581e-01     9.86958e-01
    1.36581e-01     9.86958e-01

    2.19324e-01     9.74325e-01
    2.19324e-01     9.74325e-01

    2.19324e-01     9.74325e-01
    2.36165e-01     9.70117e-01

    1.09662e-01     9.95757e-01
    1.02726e-01     9.93894e-01

    1.09662e-01     9.95757e-01
    1.09662e-01     9.95757e-01

    1.36581e-01     9.86958e-01
    1.36581e-01     9.86958e-01

    1.36581e-01     9.86958e-01
    1.36581e-01     9.86958e-01

    1.09662e-01     9.95757e-01
    1.09662e-01     9.95757e-01

    1.36581e-01     9.86958e-01
    1.15268e-01     9.92564e-01

    1.09662e-01     9.95757e-01
    1.15268e-01     9.92564e-01

    1.09662e-01    -9.95757e-01
    1.02726e-01    -9.93894e-01

    1.09662e-01    -9.95757e-01
    1.09662e-01    -9.95757e-01

    7.47859e-02    -9.96418e-01
    1.02726e-01    -9.93894e-01

    7.47859e-02    -9.96418e-01
    1.48730e-02    -1.00183e+00

    1.09662e-01    -9.95757e-01
    1.15268e-01    -9.92564e-01

   -9.96418e-01     7.47859e-02
   -9.93894e-01     1.02726e-01

   -9.96418e-01     7.47859e-02
   -1.00183e+00     1.48730e-02

   -9.95757e-01     1.09662e-01
   -9.93894e-01     1.02726e-01

   -9.95757e-01     1.09662e-01
   -9.95757e-01     1.09662e-01

   -9.95757e-01     1.09662e-01
   -9.95757e-01     1.09662e-01

   -9.95757e-01     1.09662e-01
   -9.92564e-01     1.15268e-01

    9.67033e-01     2.64113e-01
    9.62565e-01     3.04594e-01

    9.67033e-01     2.64113e-01
    9.70117e-01     2.36165e-01

    9.64115e-01     3.28986e-01
    9.62565e-01     3.04594e-01

    9.64115e-01     3.28986e-01
    9.64115e-01     3.28986e-01

    9.64115e-01     3.28986e-01
    9.64115e-01     3.28986e-01

    9.64115e-01     3.28986e-01
    9.66617e-01     3.49327e-01

    3.28986e-01     9.64115e-01
    3.04594e-01     9.62565e-01

    3.28986e-01     9.64115e-01
    3.28986e-01     9.64115e-01

    2.64113e-01     9.67033e-01
    3.04594e-01     9.62565e-01

    2.64113e-01     9.67033e-01
    2.36165e-01     9.70117e-01

    3.28986e-01     9.64115e-01
    3.28986e-01     9.64115e-01

    3.28986e-01     9.64115e-01
    3.49327e-01     9.66617e-01

    1.36581e-01    -9.86958e-01
    1.15268e-01    -9.92564e-01

    1.36581e-01    -9.86958e-01
    1.36581e-01    -9.86958e-01

    1.36581e-01    -9.86958e-01
    1.36581e-01    -9.86958e-01

    1.36581e-01    -9.86958e-01
    2.06746e-01    -9.74380e-01

   -9.86958e-01     1.36581e-01
   -9.92564e-01     1.15268e-01

   -9.86958e-01     1.36581e-01
   -9.86958e-01     1.36581e-01

   -9.86958e-01     1.36581e-01
   -9.86958e-01     1.36581e-01

   -9.86958e-01     1.36581e-01
   -9.74380e-01     2.06746e-01

    9.69481e-01     3.91537e-01
    9.66617e-01     3.49327e-01

    9.69481e-01     3.91537e-01
    9.71638e-01     4.23328e-01

    9.72230e-01     4.38648e-01
    9.71638e-01     4.23328e-01

    9.72230e-01     4.38648e-01
    9.72230e-01     4.38648e-01

    9.72230e-01     4.38648e-01
    9.72230e-01     4.38648e-01

    9.72230e-01     4.38648e-01
    9.74705e-01     4.50901e-01

    4.38648e-01     9.72230e-01
    4.23328e-01     9.71638e-01

    4.38648e-01     9.72230e-01
    4.38648e-01     9.72230e-01

    3.91537e-01     9.69481e-01
    3.49327e-01     9.66617e-01

    3.91537e-01     9.69481e-01
    4.23328e-01     9.71638e-01

    4.38648e-01     9.72230e-01
    4.38648e-01     9.72230e-01

    4.38648e-01     9.72230e-01
    4.50901e-01     9.74705e-01

    2.19324e-01    -9.74325e-01
    2.06746e-01    -9.74380e-01

    2.19324e-01    -9.74325e-01
    2.19324e-01    -9.74325e-01

    3.04593e-01    -9.62565e-01
    2.64113e-01    -9.67033e-01

    2.36164e-01    -9.70117e-01
    2.64113e-01    -9.67033e-01

    2.19324e-01    -9.74325e-01
    2.36164e-01    -9.70117e-01

   -9.74325e-01     2.19324e-01
   -9.74380e-01     2.06746e-01

   -9.74325e-01     2.19324e-01
   -9.74325e-01     2.19324e-01

   -9.74325e-01     2.19324e-01
   -9.70117e-01     2.36164e-01

   -9.62565e-01     3.04593e-01
   -9.67033e-01     2.64113e-01

   -9.70117e-01     2.36164e-01
   -9.67033e-01     2.64113e-01

    9.78536e-01     5.10622e-01
    9.74705e-01     4.50901e-01

    9.78536e-01     5.10622e-01
    9.80542e-01     5.41894e-01

    9.77625e-01     5.48310e-01
    9.80542e-01     5.41894e-01

    9.77625e-01     5.48310e-01
    9.77625e-01     5.48310e-01

    9.77625e-01     5.48310e-01
    9.77625e-01     5.48310e-01

    9.77625e-01     5.48310e-01
    9.79085e-01     5.56182e-01

    5.48310e-01     9.77625e-01
    5.41894e-01     9.80542e-01

    5.48310e-01     9.77625e-01
    5.48310e-01     9.77625e-01

    5.10622e-01     9.78536e-01
    4.50901e-01     9.74705e-01

    5.10622e-01     9.78536e-01
    5.41894e-01     9.80542e-01

    5.48310e-01     9.77625e-01
    5.48310e-01     9.77625e-01

    5.48310e-01     9.77625e-01
    5.56182e-01     9.79085e-01

    3.28986e-01    -9.64115e-01
    3.04593e-01    -9.62565e-01

    3.28986e-01    -9.64115e-01
    3.28986e-01    -9.64115e-01

    3.49327e-01    -9.66617e-01
    3.91537e-01    -9.69481e-01

    4.23328e-01    -9.71638e-01
    3.91537e-01    -9.69481e-01

    3.28986e-01    -9.64115e-01
    3.49327e-01    -9.66617e-01

   -9.64115e-01     3.28986e-01
   -9.62565e-01     3.04593e-01

   -9.64115e-01     3.28986e-01
   -9.64115e-01     3.28986e-01

   -9.64115e-01     3.28986e-01
   -9.66617e-01     3.49327e-01

   -9.66617e-01     3.49327e-01
   -9.69481e-01     3.91537e-01

   -9.71638e-01     4.23328e-01
   -9.69481e-01     3.91537e-01

    9.77923e-01     5.95045e-01
    9.76358e-01     6.47372e-01

    9.77923e-01     5.95045e-01
    9.79085e-01     5.56182e-01

    9.68102e-01     6.57972e-01
    9.76358e-01     6.47372e-01

    9.68102e-01     6.57972e-01
    9.68102e-01     6.57972e-01

    9.68102e-01     6.57972e-01
    9.68102e-01     6.57972e-01

    9.68543e-01     6.76386e-01
    9.68399e-01     6.70344e-01

    9.68102e-01     6.57972e-01
    9.68325e-01     6.67288e-01

    9.68399e-01     6.70344e-01
    9.68325e-01     6.67288e-01

    6.57972e-01     9.68102e-01
    6.47372e-01     9.76358e-01

    6.57972e-01     9.68102e-01
    6.57972e-01     9.68102e-01

    5.95045e-01     9.77923e-01
    6.47372e-01     9.76358e-01

    5.95045e-01     9.77923e-01
    5.56182e-01     9.79085e-01

    6.57972e-01     9.68102e-01
    6.57972e-01     9.68102e-01

    6.76386e-01     9.68543e-01
    6.70345e-01     9.68399e-01

    6.57972e-01     9.68102e-01
    6.67288e-01     9.68325e-01

    6.70345e-01     9.68399e-01
    6.67288e-01     9.68325e-01

    4.38648e-01    -9.72230e-01
    4.23328e-01    -9.71638e-01

    4.38648e-01    -9.72230e-01
    4.38648e-01    -9.72230e-01

    4.50901e-01    -9.74705e-01
    5.10623e-01    -9.78536e-01

    5.41894e-01    -9.80542e-01
    5.10623e-01    -9.78536e-01

    4.38648e-01    -9.72230e-01
    4.50901e-01    -9.74705e-01

   -9.72230e-01     4.38648e-01
   -9.71638e-01     4.23328e-01

   -9.72230e-01     4.38648e-01
   -9.72230e-01     4.38648e-01

   -9.72230e-01     4.38648e-01
   -9.74705e-01     4.50901e-01

   -9.74705e-01     4.50901e-01
   -9.78536e-01     5.10623e-01

   -9.80542e-01     5.41894e-01
   -9.78536e-01     5.10623e-01

    5.48310e-01    -9.77625e-01
    5.41894e-01    -9.80542e-01

    5.48310e-01    -9.77625e-01
    5.48310e-01    -9.77625e-01

    5.48310e-01    -9.77625e-01
    5.48310e-01    -9.77625e-01

    6.47372e-01    -9.76358e-01
    5.95045e-01    -9.77923e-01

    5.56182e-01    -9.79085e-01
    5.95045e-01    -9.77923e-01

    5.48310e-01    -9.77625e-01
    5.56182e-01    -9.79085e-01

   -9.77625e-01     5.48310e-01
   -9.80542e-01     5.41894e-01

   -9.77625e-01     5.48310e-01
   -9.77625e-01     5.48310e-01

   -9.77625e-01     5.48310e-01
   -9.79085e-01     5.56182e-01

   -9.76358e-01     6.47372e-01
   -9.77923e-01     5.95045e-01

   -9.79085e-01     5.56182e-01
   -9.77923e-01     5.95045e-01

    6.57972e-01    -9.68102e-01
    6.47372e-01    -9.76358e-01

    6.57972e-01    -9.68102e-01
    6.57972e-01    -9.68102e-01

    6.57972e-01    -9.68102e-01
    6.67288e-01    -9.68325e-01

    6.70344e-01    -9.68399e-01
    6.67288e-01    -9.68325e-01

    6.70344e-01    -9.68399e-01
    6.76386e-01    -9.68543e-01

   -9.68102e-01     6.57972e-01
   -9.76358e-01     6.47372e-01

   -9.68102e-01     6.57972e-01
   -9.68102e-01     6.57972e-01

   -9.68102e-01     6.57972e-01
   -9.68325e-01     6.67288e-01

   -9.68399e-01     6.70345e-01
   -9.68325e-01     6.67288e-01

   -9.68543e-01     6.76386e-01
   -9.68399e-01     6.70345e-01

    9.68325e-01    -6.67288e-01
    9.68102e-01    -6.57972e-01

    9.68399e-01    -6.70345e-01
    9.68325e-01    -6.67288e-01

    9.68399e-01    -6.70345e-01
    9.68543e-01    -6.76386e-01

    9.68102e-01    -6.57972e-01
    9.68102e-01    -6.57972e-01

    9.76358e-01    -6.47372e-01
    9.68102e-01    -6.57972e-01

   -6.67288e-01     9.68325e-01
   -6.57972e-01     9.68102e-01

   -6.70344e-01     9.68399e-01
   -6.67288e-01     9.68325e-01

   -6.70344e-01     9.68399e-01
   -6.76386e-01     9.68543e-01

   -6.57972e-01     9.68102e-01
   -6.57972e-01     9.68102e-01

   -6.47372e-01     9.76358e-01
   -6.57972e-01     9.68102e-01

    9.77923e-01    -5.95045e-01
    9.76358e-01    -6.47372e-01

    9.77923e-01    -5.95045e-01
    9.79085e-01    -5.56182e-01

    9.79085e-01    -5.56182e-01
    9.77625e-01    -5.48310e-01

    9.77625e-01    -5.48310e-01
    9.77625e-01    -5.48310e-01

    9.80542e-01    -5.41894e-01
    9.77625e-01    -5.48310e-01

   -5.48310e-01     9.77625e-01
   -5.56182e-01     9.79085e-01

   -5.48310e-01     9.77625e-01
   -5.48310e-01     9.77625e-01

   -5.95045e-01     9.77923e-01
   -6.47372e-01     9.76358e-01

   -5.95045e-01     9.77923e-01
   -5.56182e-01     9.79085e-01

   -5.48310e-01     9.77625e-01
   -5.48310e-01     9.77625e-01

   -5.48310e-01     9.77625e-01
   -5.41894e-01     9.80542e-01

    9.78536e-01    -5.10623e-01
    9.74705e-01    -4.50901e-01

    9.78536e-01    -5.10623e-01
    9.80542e-01    -5.41894e-01

    9.74705e-01    -4.50901e-01
    9.72230e-01    -4.38648e-01

    9.72230e-01    -4.38648e-01
    9.72230e-01    -4.38648e-01

    9.71638e-01    -4.23328e-01
    9.72230e-01    -4.38648e-01

   -4.50901e-01     9.74705e-01
   -4.38648e-01     9.72230e-01

   -5.10623e-01     9.78536e-01
   -4.50901e-01     9.74705e-01

   -5.10623e-01     9.78536e-01
   -5.41894e-01     9.80542e-01

   -4.38648e-01     9.72230e-01
   -4.38648e-01     9.72230e-01

   -4.23328e-01     9.71638e-01
   -4.38648e-01     9.72230e-01

   -6.76386e-01    -9.68543e-01
   -6.57972e-01    -9.68102e-01

   -6.57972e-01    -9.68102e-01
   -6.76386e-01    -9.68543e-01

   -6.57972e-01    -9.68102e-01
   -6.57972e-01    -9.68102e-01

   -6.57972e-01    -9.68102e-01
   -6.57972e-01    -9.68102e-01

   -6.47372e-01    -9.76358e-01
   -5.95045e-01    -9.77923e-01

   -6.47372e-01    -9.76358e-01
   -6.47372e-01    -9.76358e-01

   -6.47372e-01    -9.76358e-01
   -6.47372e-01    -9.76358e-01

   -5.56182e-01    -9.79085e-01
   -5.56182e-01    -9.79085e-01

   -5.95044e-01    -9.77923e-01
   -5.95045e-01    -9.77923e-01

   -5.56182e-01    -9.79085e-01
   -5.95044e-01    -9.77923e-01

   -6.57972e-01    -9.68102e-01
   -6.47372e-01    -9.76358e-01

   -6.47372e-01    -9.76358e-01
   -6.57972e-01    -9.68102e-01

   -9.68543e-01    -6.76386e-01
   -9.68102e-01    -6.57972e-01

   -9.68543e-01    -6.76386e-01
   -9.68102e-01    -6.57972e-01

   -9.68102e-01    -6.57972e-01
   -9.68102e-01    -6.57972e-01

   -9.68102e-01    -6.57972e-01
   -9.68102e-01    -6.57972e-01

   -9.68102e-01    -6.57972e-01
   -9.76358e-01    -6.47372e-01

   -9.68102e-01    -6.57972e-01
   -9.76358e-01    -6.47372e-01

   -9.76358e-01    -6.47372e-01
   -9.77923e-01    -5.95045e-01

   -9.76358e-01    -6.47372e-01
   -9.76358e-01    -6.47372e-01

   -9.76358e-01    -6.47372e-01
   -9.76358e-01    -6.47372e-01

   -9.79085e-01    -5.56182e-01
   -9.79085e-01    -5.56182e-01

   -9.77923e-01    -5.95044e-01
   -9.77923e-01    -5.95045e-01

   -9.79085e-01    -5.56182e-01
   -9.77923e-01    -5.95044e-01

    9.69481e-01    -3.91537e-01
    9.66617e-01    -3.49327e-01

    9.69481e-01    -3.91537e-01
    9.71638e-01    -4.23328e-01

    9.66617e-01    -3.49327e-01
    9.64115e-01    -3.28986e-01

    9.64115e-01    -3.28986e-01
    9.64115e-01    -3.28986e-01

    9.62565e-01    -3.04593e-01
    9.64115e-01    -3.28986e-01

   -3.49327e-01     9.66617e-01
   -3.28986e-01     9.64115e-01

   -3.91537e-01     9.69481e-01
   -3.49327e-01     9.66617e-01

   -3.91537e-01     9.69481e-01
   -4.23328e-01     9.71638e-01

   -3.28986e-01     9.64115e-01
   -3.28986e-01     9.64115e-01

   -3.04593e-01     9.62565e-01
   -3.28986e-01     9.64115e-01

   -5.56182e-01    -9.79085e-01
   -5.48310e-01    -9.77625e-01

   -5.48310e-01    -9.77625e-01
   -5.56182e-01    -9.79085e-01

   -5.48310e-01    -9.77625e-01
   -5.48310e-01    -9.77625e-01

   -5.48310e-01    -9.77625e-01
   -5.48310e-01    -9.77625e-01

   -5.10622e-01    -9.78536e-01
   -4.50901e-01    -9.74705e-01

   -5.10622e-01    -9.78536e-01
   -4.50901e-01    -9.74705e-01

   -4.50901e-01    -9.74705e-01
   -4.50901e-01    -9.74705e-01

   -5.41894e-01    -9.80542e-01
   -5.10622e-01    -9.78536e-01

   -5.10622e-01    -9.78536e-01
   -5.10622e-01    -9.78536e-01

   -5.10622e-01    -9.78536e-01
   -5.41894e-01    -9.80542e-01

   -5.48310e-01    -9.77625e-01
   -5.41894e-01    -9.80542e-01

   -5.41894e-01    -9.80542e-01
   -5.48310e-01    -9.77625e-01

   -9.79085e-01    -5.56182e-01
   -9.77625e-01    -5.48310e-01

   -9.79085e-01    -5.56182e-01
   -9.77625e-01    -5.48310e-01

   -9.77625e-01    -5.48310e-01
   -9.77625e-01    -5.48310e-01

   -9.77625e-01    -5.48310e-01
   -9.77625e-01    -5.48310e-01

   -9.77625e-01    -5.48310e-01
   -9.80542e-01    -5.41894e-01

   -9.77625e-01    -5.48310e-01
   -9.80542e-01    -5.41894e-01

   -9.74705e-01    -4.50901e-01
   -9.78536e-01    -5.10622e-01

   -9.78536e-01    -5.10622e-01
   -9.74705e-01    -4.50901e-01

   -9.74705e-01    -4.50901e-01
   -9.74705e-01    -4.50901e-01

   -9.80542e-01    -5.41894e-01
   -9.78536e-01    -5.10622e-01

   -9.78536e-01    -5.10622e-01
   -9.78536e-01    -5.10622e-01

   -9.80542e-01    -5.41894e-01
   -9.78536e-01    -5.10622e-01

    9.67033e-01    -2.64113e-01
    9.62565e-01    -3.04593e-01

    9.67033e-01    -2.64113e-01
    9.70117e-01    -2.36164e-01

    9.70117e-01    -2.36164e-01
    9.74325e-01    -2.19324e-01

    9.74325e-01    -2.19324e-01
    9.74325e-01    -2.19324e-01

    9.74380e-01    -2.06746e-01
    9.74325e-01    -2.19324e-01

   -2.36164e-01     9.70117e-01
   -2.19324e-01     9.74325e-01

   -2.64113e-01     9.67033e-01
   -3.04593e-01     9.62565e-01

   -2.64113e-01     9.67033e-01
   -2.36164e-01     9.70117e-01

   -2.19324e-01     9.74325e-01
   -2.19324e-01     9.74325e-01

   -2.06746e-01     9.74380e-01
   -2.19324e-01     9.74325e-01

   -4.50901e-01    -9.74705e-01
   -4.38648e-01    -9.72230e-01

   -4.38648e-01    -9.72230e-01
   -4.50901e-01    -9.74705e-01

   -4.38648e-01    -9.72230e-01
   -4.38648e-01    -9.72230e-01

   -4.38648e-01    -9.72230e-01
   -4.38648e-01    -9.72230e-01

   -3.49327e-01    -9.66617e-01
   -3.91537e-01    -9.69481e-01

   -3.49327e-01    -9.66617e-01
   -3.49327e-01    -9.66617e-01

   -3.49327e-01    -9.66617e-01
   -3.49327e-01    -9.66617e-01

   -4.23328e-01    -9.71638e-01
   -4.23328e-01    -9.71638e-01

   -4.23328e-01    -9.71638e-01
   -4.23328e-01    -9.71638e-01

   -3.91538e-01    -9.69481e-01
   -3.91538e-01    -9.69481e-01

   -3.91538e-01    -9.69481e-01
   -3.91537e-01    -9.69481e-01

   -4.23328e-01    -9.71638e-01
   -3.91538e-01    -9.69481e-01

   -4.23328e-01    -9.71638e-01
   -4.23328e-01    -9.71638e-01

   -4.23328e-01    -9.71638e-01
   -4.38648e-01    -9.72230e-01

   -4.38648e-01    -9.72230e-01
   -4.23328e-01    -9.71638e-01

   -9.74705e-01    -4.50901e-01
   -9.72230e-01    -4.38648e-01

   -9.74705e-01    -4.50901e-01
   -9.72230e-01    -4.38648e-01

   -9.72230e-01    -4.38648e-01
   -9.72230e-01    -4.38648e-01

   -9.72230e-01    -4.38648e-01
   -9.72230e-01    -4.38648e-01

   -9.72230e-01    -4.38648e-01
   -9.71638e-01    -4.23328e-01

   -9.71638e-01    -4.23328e-01
   -9.72230e-01    -4.38648e-01

   -9.66617e-01    -3.49327e-01
   -9.69481e-01    -3.91537e-01

   -9.66617e-01    -3.49327e-01
   -9.66617e-01    -3.49327e-01

   -9.66617e-01    -3.49327e-01
   -9.66617e-01    -3.49327e-01

   -9.71638e-01    -4.23328e-01
   -9.71638e-01    -4.23328e-01

   -9.71638e-01    -4.23328e-01
   -9.71638e-01    -4.23328e-01

   -9.69481e-01    -3.91538e-01
   -9.69481e-01    -3.91538e-01

   -9.69481e-01    -3.91538e-01
   -9.69481e-01    -3.91537e-01

   -9.71638e-01    -4.23328e-01
   -9.69481e-01    -3.91538e-01

   -9.71638e-01    -4.23328e-01
   -9.71638e-01    -4.23328e-01

    9.74380e-01    -2.06746e-01
    9.86958e-01    -1.36581e-01

    9.86958e-01    -1.36581e-01
    9.86958e-01    -1.36581e-01

    9.86958e-01    -1.36581e-01
    9.86958e-01    -1.36581e-01

    9.92564e-01    -1.15268e-01
    9.86958e-01    -1.36581e-01

   -2.06746e-01     9.74380e-01
   -1.36581e-01     9.86958e-01

   -1.36581e-01     9.86958e-01
   -1.36581e-01     9.86958e-01

   -1.36581e-01     9.86958e-01
   -1.36581e-01     9.86958e-01

   -1.15268e-01     9.92564e-01
   -1.36581e-01     9.86958e-01

   -3.49327e-01    -9.66617e-01
   -3.28986e-01    -9.64115e-01

   -3.28986e-01    -9.64115e-01
   -3.49327e-01    -9.66617e-01

   -3.28986e-01    -9.64115e-01
   -3.28986e-01    -9.64115e-01

   -3.28986e-01    -9.64115e-01
   -3.28986e-01    -9.64115e-01

   -3.04594e-01    -9.62565e-01
   -2.64113e-01    -9.67033e-01

   -3.04594e-01    -9.62565e-01
   -3.04594e-01    -9.62565e-01

   -3.04594e-01    -9.62565e-01
   -3.04594e-01    -9.62565e-01

   -2.36165e-01    -9.70117e-01
   -2.36165e-01    -9.70117e-01

   -2.64112e-01    -9.67033e-01
   -2.64113e-01    -9.67033e-01

   -2.36165e-01    -9.70117e-01
   -2.64112e-01    -9.67033e-01

   -3.04594e-01    -9.62565e-01
   -3.28986e-01    -9.64115e-01

   -3.28986e-01    -9.64115e-01
   -3.04594e-01    -9.62565e-01

   -9.66617e-01    -3.49327e-01
   -9.64115e-01    -3.28986e-01

   -9.66617e-01    -3.49327e-01
   -9.64115e-01    -3.28986e-01

   -9.64115e-01    -3.28986e-01
   -9.64115e-01    -3.28986e-01

   -9.64115e-01    -3.28986e-01
   -9.64115e-01    -3.28986e-01

   -9.64115e-01    -3.28986e-01
   -9.62565e-01    -3.04594e-01

   -9.62565e-01    -3.04594e-01
   -9.64115e-01    -3.28986e-01

   -9.62565e-01    -3.04594e-01
   -9.67033e-01    -2.64113e-01

   -9.62565e-01    -3.04594e-01
   -9.62565e-01    -3.04594e-01

   -9.62565e-01    -3.04594e-01
   -9.62565e-01    -3.04594e-01

   -9.70117e-01    -2.36165e-01
   -9.70117e-01    -2.36165e-01

   -9.67033e-01    -2.64112e-01
   -9.67033e-01    -2.64113e-01

   -9.70117e-01    -2.36165e-01
   -9.67033e-01    -2.64112e-01

    9.95757e-01    -1.09662e-01
    9.92564e-01    -1.15268e-01

    9.95757e-01    -1.09662e-01
    9.95757e-01    -1.09662e-01

    9.95757e-01    -1.09662e-01
    9.95757e-01    -1.09662e-01

    9.95757e-01    -1.09662e-01
    9.93894e-01    -1.02726e-01

    9.96418e-01    -7.47859e-02
    9.93894e-01    -1.02726e-01

    9.96418e-01    -7.47859e-02
    1.00183e+00    -1.48730e-02

   -1.15268e-01     9.92564e-01
   -1.09662e-01     9.95757e-01

   -1.09662e-01     9.95757e-01
   -1.09662e-01     9.95757e-01

   -7.47859e-02     9.96418e-01
   -1.02726e-01     9.93894e-01

   -7.47859e-02     9.96418e-01
   -1.48730e-02     1.00183e+00

   -1.02726e-01     9.93894e-01
   -1.09662e-01     9.95757e-01

   -1.15268e-01    -9.92564e-01
   -1.09662e-01    -9.95757e-01

   -1.09662e-01    -9.95757e-01
   -1.15268e-01    -9.92564e-01

   -1.09662e-01    -9.95757e-01
   -1.09662e-01    -9.95757e-01

   -1.15268e-01    -9.92564e-01
   -1.36581e-01    -9.86958e-01

   -1.15268e-01    -9.92564e-01
   -1.36581e-01    -9.86958e-01

   -1.36581e-01    -9.86958e-01
   -1.36581e-01    -9.86958e-01

   -1.36581e-01    -9.86958e-01
   -1.36581e-01    -9.86958e-01

   -1.09662e-01    -9.95757e-01
   -1.09662e-01    -9.95757e-01

   -1.02726e-01    -9.93894e-01
   -1.09662e-01    -9.95757e-01

   -1.09662e-01    -9.95757e-01
   -1.02726e-01    -9.93894e-01

   -2.36165e-01    -9.70117e-01
   -2.19324e-01    -9.74325e-01

   -2.19324e-01    -9.74325e-01
   -2.36165e-01    -9.70117e-01

   -2.19324e-01    -9.74325e-01
   -2.19324e-01    -9.74325e-01

   -1.36581e-01    -9.86958e-01
   -1.36581e-01    -9.86958e-01

   -1.36581e-01    -9.86958e-01
   -1.36581e-01    -9.86958e-01

   -2.19324e-01    -9.74325e-01
   -2.19324e-01    -9.74325e-01

   -2.06746e-01    -9.74380e-01
   -1.36581e-01    -9.86958e-01

   -1.36581e-01    -9.86958e-01
   -2.06746e-01    -9.74380e-01

   -2.06746e-01    -9.74380e-01
   -2.19324e-01    -9.74325e-01

   -2.06746e-01    -9.74380e-01
   -2.19324e-01    -9.74325e-01

   -9.70117e-01    -2.36165e-01
   -9.74325e-01    -2.19324e-01

   -9.70117e-01    -2.36165e-01
   -9.74325e-01    -2.19324e-01

   -9.74325e-01    -2.19324e-01
   -9.74325e-01    -2.19324e-01

   -9.92564e-01    -1.15268e-01
   -9.86958e-01    -1.36581e-01

   -9.86958e-01    -1.36581e-01
   -9.92564e-01    -1.15268e-01

   -9.86958e-01    -1.36581e-01
   -9.86958e-01    -1.36581e-01

   -9.86958e-01    -1.36581e-01
   -9.86958e-01    -1.36581e-01

   -9.92564e-01    -1.15268e-01
   -9.95757e-01    -1.09662e-01

   -9.92564e-01    -1.15268e-01
   -9.95757e-01    -1.09662e-01

   -9.95757e-01    -1.09662e-01
   -9.95757e-01    -1.09662e-01

   -9.74325e-01    -2.19324e-01
   -9.74325e-01    -2.19324e-01

   -9.86958e-01    -1.36581e-01
   -9.86958e-01    -1.36581e-01

   -9.86958e-01    -1.36581e-01
   -9.86958e-01    -1.36581e-01

   -9.74380e-01    -2.06746e-01
   -9.74325e-01    -2.19324e-01

   -9.74325e-01    -2.19324e-01
   -9.74380e-01    -2.06746e-01

   -9.74380e-01    -2.06746e-01
   -9.86958e-01    -1.36581e-01

   -9.74380e-01    -2.06746e-01
   -9.86958e-01    -1.36581e-01

   -9.95757e-01    -1.09662e-01
   -9.95757e-01    -1.09662e-01

   -9.95757e-01    -1.09662e-01
   -9.93894e-01    -1.02726e-01

   -9.93894e-01    -1.02726e-01
   -9.95757e-01    -1.09662e-01

    1.00878e+00     0.00000e+00
    1.00183e+00    -1.48730e-02

    1.00878e+00     0.00000e+00
    1.00878e+00     0.00000e+00

    1.00878e+00     0.00000e+00
    1.00878e+00     0.00000e+00

    1.00878e+00     0.00000e+00
    1.00183e+00     1.48730e-02

    9.96418e-01     7.47860e-02
    9.93894e-01     1.02726e-01

    9.96418e-01     7.47860e-02
    1.00183e+00     1.48730e-02

    0.00000e+00     1.00878e+00
   -1.48730e-02     1.00183e+00

    0.00000e+00     1.00878e+00
    0.00000e+00     1.00878e+00

    0.00000e+00     1.00878e+00
    0.00000e+00     1.00878e+00

    7.47860e-02     9.96418e-01
    1.02726e-01     9.93894e-01

    7.47860e-02     9.96418e-01
    1.48730e-02     1.00183e+00

    0.00000e+00     1.00878e+00
    1.48730e-02     1.00183e+00

    0.00000e+00    -1.00878e+00
   -1.54168e-02    -1.00237e+00

    0.00000e+00    -1.00878e+00
    0.00000e+00    -1.00878e+00

   -4.79065e-02    -1.00432e+00
   -1.54168e-02    -1.00237e+00

   -4.79065e-02    -1.00432e+00
   -8.97885e-02    -1.00683e+00

    0.00000e+00    -1.00878e+00
    0.00000e+00    -1.00878e+00

    0.00000e+00    -1.00878e+00
    1.54168e-02    -1.00237e+00

   -1.00432e+00    -4.79066e-02
   -1.00237e+00    -1.54168e-02

   -1.00432e+00    -4.79066e-02
   -1.00683e+00    -8.97885e-02

   -1.00878e+00     0.00000e+00
   -1.00237e+00    -1.54168e-02

   -1.00878e+00     0.00000e+00
   -1.00878e+00     0.00000e+00

   -1.00878e+00     0.00000e+00
   -1.00878e+00     0.00000e+00

   -1.00878e+00     0.00000e+00
   -1.00237e+00     1.54168e-02

    1.02015e+00     1.09662e-01
    1.00683e+00     8.97884e-02

    1.02015e+00     1.09662e-01
    1.02015e+00     1.09662e-01

    1.02015e+00     1.09662e-01
    1.02015e+00     1.09662e-01

    1.02015e+00     1.09662e-01
    1.01522e+00     1.37928e-01

    1.01825e+00     1.58619e-01
    1.01522e+00     1.37928e-01

    1.01825e+00     1.58619e-01
    1.02201e+00     1.84275e-01

    1.09662e-01     1.02015e+00
    8.97884e-02     1.00683e+00

    1.09662e-01     1.02015e+00
    1.09662e-01     1.02015e+00

    1.09662e-01     1.02015e+00
    1.09662e-01     1.02015e+00

    1.58619e-01     1.01825e+00
    1.37928e-01     1.01522e+00

    1.58619e-01     1.01825e+00
    1.84275e-01     1.02201e+00

    1.09662e-01     1.02015e+00
    1.37928e-01     1.01522e+00

    1.09662e-01    -1.02015e+00
    8.97884e-02    -1.00683e+00

    1.09662e-01    -1.02015e+00
    1.09662e-01    -1.02015e+00

    4.79065e-02    -1.00432e+00
    1.54168e-02    -1.00237e+00

    4.79065e-02    -1.00432e+00
    8.97884e-02    -1.00683e+00

    1.09662e-01    -1.02015e+00
    1.37928e-01    -1.01522e+00

   -1.00432e+00     4.79065e-02
   -1.00237e+00     1.54168e-02

   -1.00432e+00     4.79065e-02
   -1.00683e+00     8.97884e-02

   -1.02015e+00     1.09662e-01
   -1.00683e+00     8.97884e-02

   -1.02015e+00     1.09662e-01
   -1.02015e+00     1.09662e-01

   -1.02015e+00     1.09662e-01
   -1.02015e+00     1.09662e-01

   -1.02015e+00     1.09662e-01
   -1.01522e+00     1.37928e-01

    1.05040e+00     2.19324e-01
    1.02201e+00     1.84275e-01

    1.05040e+00     2.19324e-01
    1.05040e+00     2.19324e-01

    1.05040e+00     2.19324e-01
    1.05040e+00     2.19324e-01

    1.05040e+00     2.19324e-01
    1.05040e+00     2.19324e-01

    1.05040e+00     2.19324e-01
    1.05040e+00     2.19324e-01

    1.05040e+00     2.19324e-01
    1.05017e+00     2.65776e-01

    2.19324e-01     1.05040e+00
    1.84275e-01     1.02201e+00

    2.19324e-01     1.05040e+00
    2.19324e-01     1.05040e+00

    2.19324e-01     1.05040e+00
    2.19324e-01     1.05040e+00

    2.19324e-01     1.05040e+00
    2.19324e-01     1.05040e+00

    2.19324e-01     1.05040e+00
    2.19324e-01     1.05040e+00

    2.19324e-01     1.05040e+00
    2.65776e-01     1.05017e+00

    2.19324e-01    -1.05040e+00
    1.84275e-01    -1.02201e+00

    2.19324e-01    -1.05040e+00
    2.19324e-01    -1.05040e+00

    2.19324e-01    -1.05040e+00
    2.19324e-01    -1.05040e+00

    1.58619e-01    -1.01825e+00
    1.37928e-01    -1.01522e+00

    1.58619e-01    -1.01825e+00
    1.84275e-01    -1.02201e+00

    2.65776e-01    -1.05017e+00
    3.11901e-01    -1.08215e+00

    3.20413e-01    -1.08805e+00
    3.11901e-01    -1.08215e+00

    2.19324e-01    -1.05040e+00
    2.65776e-01    -1.05017e+00

   -1.01825e+00     1.58619e-01
   -1.01522e+00     1.37928e-01

   -1.01825e+00     1.58619e-01
   -1.02201e+00     1.84275e-01

   -1.05040e+00     2.19324e-01
   -1.02201e+00     1.84275e-01

   -1.05040e+00     2.19324e-01
   -1.05040e+00     2.19324e-01

   -1.05040e+00     2.19324e-01
   -1.05040e+00     2.19324e-01

   -1.05040e+00     2.19324e-01
   -1.05017e+00     2.65776e-01

   -1.05017e+00     2.65776e-01
   -1.08215e+00     3.11901e-01

   -1.08805e+00     3.20413e-01
   -1.08215e+00     3.11901e-01

    1.08215e+00     3.11900e-01
    1.05017e+00     2.65776e-01

    1.08215e+00     3.11900e-01
    1.08805e+00     3.20413e-01

    1.09466e+00     3.28986e-01
    1.08805e+00     3.20413e-01

    1.09466e+00     3.28986e-01
    1.09466e+00     3.28986e-01

    1.09466e+00     3.28986e-01
    1.09466e+00     3.28986e-01

    1.09466e+00     3.28986e-01
    1.09479e+00     3.30819e-01

    3.28986e-01     1.09466e+00
    3.20413e-01     1.08805e+00

    3.28986e-01     1.09466e+00
    3.28986e-01     1.09466e+00

    3.11901e-01     1.08215e+00
    2.65776e-01     1.05017e+00

    3.11901e-01     1.08215e+00
    3.20413e-01     1.08805e+00

    3.28986e-01     1.09466e+00
    3.28986e-01     1.09466e+00

    3.28986e-01     1.09466e+00
    3.30819e-01     1.09479e+00

    3.28986e-01    -1.09466e+00
    3.20413e-01    -1.08805e+00

    3.28986e-01    -1.09466e+00
    3.28986e-01    -1.09466e+00

    3.34216e-01    -1.09662e+00
    3.30819e-01    -1.09479e+00

    3.28986e-01    -1.09466e+00
    3.30819e-01    -1.09479e+00

   -1.09466e+00     3.28986e-01
   -1.08805e+00     3.20413e-01

   -1.09466e+00     3.28986e-01
   -1.09466e+00     3.28986e-01

    1.09662e+00     3.34217e-01
    1.09662e+00     3.34217e-01

   -1.09662e+00     3.34217e-01
   -1.09662e+00     3.34217e-01

   -1.09466e+00     3.28986e-01
   -1.09479e+00     3.30819e-01

   -1.09662e+00     3.34217e-01
   -1.09479e+00     3.30819e-01

    1.09662e+00     3.34216e-01
    1.09479e+00     3.30819e-01

   -1.09662e+00     3.34216e-01
   -1.09662e+00     3.34216e-01

    1.09662e+00     3.34216e-01
    1.09662e+00     3.34216e-01

    3.34217e-01     1.09662e+00
    3.30819e-01     1.09479e+00

    3.34217e-01    -1.09662e+00
    3.34217e-01    -1.09662e+00

    3.34217e-01     1.09662e+00
    3.34217e-01     1.09662e+00

   -3.34217e-01    -1.09662e+00
   -3.34217e-01    -1.09662e+00

   -3.34217e-01     1.09662e+00
   -3.34217e-01     1.09662e+00

   -3.30819e-01    -1.09479e+00
   -3.34217e-01    -1.09662e+00

   -3.34217e-01    -1.09662e+00
   -3.30819e-01    -1.09479e+00

   -1.09662e+00    -3.34216e-01
   -1.09662e+00    -3.34216e-01

    1.09662e+00    -3.34216e-01
    1.09662e+00    -3.34216e-01

   -1.09662e+00    -3.34216e-01
   -1.09479e+00    -3.30819e-01

   -1.09479e+00    -3.30819e-01
   -1.09662e+00    -3.34216e-01

    1.09662e+00    -3.34217e-01
    1.09479e+00    -3.30819e-01

   -1.09662e+00    -3.34217e-01
   -1.09662e+00    -3.34217e-01

    1.09662e+00    -3.34217e-01
    1.09662e+00    -3.34217e-01

    1.09479e+00    -3.30819e-01
    1.09466e+00    -3.28986e-01

    1.09466e+00    -3.28986e-01
    1.09466e+00    -3.28986e-01

    1.08805e+00    -3.20413e-01
    1.09466e+00    -3.28986e-01

   -3.30819e-01     1.09479e+00
   -3.28986e-01     1.09466e+00

   -3.30819e-01     1.09479e+00
   -3.34216e-01     1.09662e+00

   -3.28986e-01     1.09466e+00
   -3.28986e-01     1.09466e+00

   -3.20413e-01     1.08805e+00
   -3.28986e-01     1.09466e+00

   -3.30819e-01    -1.09479e+00
   -3.28986e-01    -1.09466e+00

   -3.28986e-01    -1.09466e+00
   -3.30819e-01    -1.09479e+00

   -3.28986e-01    -1.09466e+00
   -3.28986e-01    -1.09466e+00

   -3.28986e-01    -1.09466e+00
   -3.28986e-01    -1.09466e+00

   -3.11901e-01    -1.08215e+00
   -2.65776e-01    -1.05017e+00

   -3.11901e-01    -1.08215e+00
   -2.65776e-01    -1.05017e+00

   -2.65776e-01    -1.05017e+00
   -2.65776e-01    -1.05017e+00

   -3.20413e-01    -1.08805e+00
   -3.11901e-01    -1.08215e+00

   -3.11901e-01    -1.08215e+00
   -3.11901e-01    -1.08215e+00

   -3.11901e-01    -1.08215e+00
   -3.20413e-01    -1.08805e+00

   -3.20413e-01    -1.08805e+00
   -3.28986e-01    -1.09466e+00

   -3.28986e-01    -1.09466e+00
   -3.20413e-01    -1.08805e+00

   -1.09479e+00    -3.30819e-01
   -1.09466e+00    -3.28986e-01

   -1.09479e+00    -3.30819e-01
   -1.09466e+00    -3.28986e-01

   -1.09466e+00    -3.28986e-01
   -1.09466e+00    -3.28986e-01

   -1.09466e+00    -3.28986e-01
   -1.09466e+00    -3.28986e-01

   -1.09466e+00    -3.28986e-01
   -1.08805e+00    -3.20413e-01

   -1.08805e+00    -3.20413e-01
   -1.09466e+00    -3.28986e-01

   -1.05017e+00    -2.65776e-01
   -1.08215e+00    -3.11900e-01

   -1.08215e+00    -3.11900e-01
   -1.05017e+00    -2.65776e-01

   -1.05017e+00    -2.65776e-01
   -1.05017e+00    -2.65776e-01

   -1.08805e+00    -3.20413e-01
   -1.08215e+00    -3.11900e-01

   -1.08215e+00    -3.11900e-01
   -1.08215e+00    -3.11900e-01

   -1.08805e+00    -3.20413e-01
   -1.08215e+00    -3.11900e-01

    1.08215e+00    -3.11901e-01
    1.05017e+00    -2.65776e-01

    1.08215e+00    -3.11901e-01
    1.08805e+00    -3.20413e-01

    1.05017e+00    -2.65776e-01
    1.05040e+00    -2.19324e-01

    1.05040e+00    -2.19324e-01
    1.05040e+00    -2.19324e-01

    1.05040e+00    -2.19324e-01
    1.05040e+00    -2.19324e-01

    1.02201e+00    -1.84275e-01
    1.05040e+00    -2.19324e-01

    1.01825e+00    -1.58619e-01
    1.01522e+00    -1.37928e-01

    1.01825e+00    -1.58619e-01
    1.02201e+00    -1.84275e-01

   -2.65776e-01     1.05017e+00
   -2.19324e-01     1.05040e+00

   -3.11901e-01     1.08215e+00
   -2.65776e-01     1.05017e+00

   -3.11901e-01     1.08215e+00
   -3.20413e-01     1.08805e+00

   -2.19324e-01     1.05040e+00
   -2.19324e-01     1.05040e+00

   -2.19324e-01     1.05040e+00
   -2.19324e-01     1.05040e+00

   -1.58619e-01     1.01825e+00
   -1.37928e-01     1.01522e+00

   -1.58619e-01     1.01825e+00
   -1.84275e-01     1.02201e+00

   -1.84275e-01     1.02201e+00
   -2.19324e-01     1.05040e+00

   -2.65776e-01    -1.05017e+00
   -2.19324e-01    -1.05040e+00

   -2.19324e-01    -1.05040e+00
   -2.65776e-01    -1.05017e+00

   -2.19324e-01    -1.05040e+00
   -2.19324e-01    -1.05040e+00

   -2.19324e-01    -1.05040e+00
   -2.19324e-01    -1.05040e+00

   -2.19324e-01    -1.05040e+00
   -2.19324e-01    -1.05040e+00

   -2.19324e-01    -1.05040e+00
   -2.19324e-01    -1.05040e+00

   -1.84275e-01    -1.02201e+00
   -2.19324e-01    -1.05040e+00

   -2.19324e-01    -1.05040e+00
   -1.84275e-01    -1.02201e+00

   -1.05017e+00    -2.65776e-01
   -1.05040e+00    -2.19324e-01

   -1.05017e+00    -2.65776e-01
   -1.05040e+00    -2.19324e-01

   -1.05040e+00    -2.19324e-01
   -1.05040e+00    -2.19324e-01

   -1.05040e+00    -2.19324e-01
   -1.05040e+00    -2.19324e-01

   -1.05040e+00    -2.19324e-01
   -1.05040e+00    -2.19324e-01

   -1.05040e+00    -2.19324e-01
   -1.05040e+00    -2.19324e-01

   -1.05040e+00    -2.19324e-01
   -1.02201e+00    -1.84275e-01

   -1.05040e+00    -2.19324e-01
   -1.02201e+00    -1.84275e-01

    1.02015e+00    -1.09662e-01
    1.01522e+00    -1.37928e-01

    1.02015e+00    -1.09662e-01
    1.02015e+00    -1.09662e-01

    1.02015e+00    -1.09662e-01
    1.02015e+00    -1.09662e-01

    1.02015e+00    -1.09662e-01
    1.00683e+00    -8.97884e-02

    1.00432e+00    -4.79065e-02
    1.00237e+00    -1.54168e-02

    1.00432e+00    -4.79065e-02
    1.00683e+00    -8.97884e-02

   -1.37928e-01     1.01522e+00
   -1.09662e-01     1.02015e+00

   -1.09662e-01     1.02015e+00
   -1.09662e-01     1.02015e+00

   -4.79065e-02     1.00432e+00
   -1.54168e-02     1.00237e+00

   -4.79065e-02     1.00432e+00
   -8.97884e-02     1.00683e+00

   -8.97884e-02     1.00683e+00
   -1.09662e-01     1.02015e+00

   -1.37928e-01    -1.01522e+00
   -1.09662e-01    -1.02015e+00

   -1.09662e-01    -1.02015e+00
   -1.37928e-01    -1.01522e+00

   -1.09662e-01    -1.02015e+00
   -1.09662e-01    -1.02015e+00

   -1.58619e-01    -1.01825e+00
   -1.37928e-01    -1.01522e+00

   -1.37928e-01    -1.01522e+00
   -1.58619e-01    -1.01825e+00

   -1.58619e-01    -1.01825e+00
   -1.58619e-01    -1.01825e+00

   -1.84275e-01    -1.02201e+00
   -1.58619e-01    -1.01825e+00

   -1.84275e-01    -1.02201e+00
   -1.84275e-01    -1.02201e+00

   -1.58619e-01    -1.01825e+00
   -1.84275e-01    -1.02201e+00

   -1.09662e-01    -1.02015e+00
   -1.09662e-01    -1.02015e+00

   -8.97884e-02    -1.00683e+00
   -1.09662e-01    -1.02015e+00

   -1.09662e-01    -1.02015e+00
   -8.97884e-02    -1.00683e+00

   -1.01522e+00    -1.37928e-01
   -1.01825e+00    -1.58619e-01

   -1.01825e+00    -1.58619e-01
   -1.01522e+00    -1.37928e-01

   -1.01825e+00    -1.58619e-01
   -1.01825e+00    -1.58619e-01

   -1.02201e+00    -1.84275e-01
   -1.01825e+00    -1.58619e-01

   -1.02201e+00    -1.84275e-01
   -1.02201e+00    -1.84275e-01

   -1.02201e+00    -1.84275e-01
   -1.01825e+00    -1.58619e-01

   -1.01522e+00    -1.37928e-01
   -1.02015e+00    -1.09662e-01

   -1.01522e+00    -1.37928e-01
   -1.02015e+00    -1.09662e-01

   -1.02015e+00    -1.09662e-01
   -1.02015e+00    -1.09662e-01

   -1.02015e+00    -1.09662e-01
   -1.02015e+00    -1.09662e-01

   -1.02015e+00    -1.09662e-01
   -1.00683e+00    -8.97884e-02

   -1.00683e+00    -8.97884e-02
   -1.02015e+00    -1.09662e-01

    1.00878e+00     0.00000e+00
    1.00237e+00    -1.54168e-02

    1.00878e+00     0.00000e+00
    1.00878e+00     0.00000e+00

    1.00878e+00     0.00000e+00
    1.00878e+00     0.00000e+00

    1.00878e+00     0.00000e+00
    1.00237e+00     1.54168e-02

    1.00432e+00     4.79065e-02
    1.00237e+00     1.54168e-02

    1.00432e+00     4.79065e-02
    1.00683e+00     8.97885e-02

    0.00000e+00     1.00878e+00
   -1.54168e-02     1.00237e+00

    0.00000e+00     1.00878e+00
    0.00000e+00     1.00878e+00

    0.00000e+00     1.00878e+00
    0.00000e+00     1.00878e+00

    4.79065e-02     1.00432e+00
    1.54168e-02     1.00237e+00

    4.79065e-02     1.00432e+00
    8.97885e-02     1.00683e+00

    0.00000e+00     1.00878e+00
    1.54168e-02     1.00237e+00

