   -2.19324e-01    -8.56903e-01
   -2.38451e-01    -8.58169e-01

   -2.19324e-01    -8.56903e-01
   -2.19324e-01    -8.56903e-01

   -1.46836e-01    -8.40122e-01
   -1.70401e-01    -8.44127e-01

   -1.89382e-01    -8.47354e-01
   -1.70401e-01    -8.44127e-01

   -2.19324e-01    -8.56903e-01
   -1.89382e-01    -8.47354e-01

   -8.58169e-01    -2.38451e-01
   -8.56903e-01    -2.19324e-01

   -8.56903e-01    -2.19324e-01
   -8.56903e-01    -2.19324e-01

   -8.47354e-01    -1.89382e-01
   -8.56903e-01    -2.19324e-01

   -8.40122e-01    -1.46836e-01
   -8.44127e-01    -1.70401e-01

   -8.47354e-01    -1.89382e-01
   -8.44127e-01    -1.70401e-01

    8.64743e-01     2.93002e-01
    8.58169e-01     2.38451e-01

    8.64743e-01     2.93002e-01
    8.67954e-01     3.19645e-01

    8.68731e-01     3.28986e-01
    8.67954e-01     3.19645e-01

    8.68731e-01     3.28986e-01
    8.68731e-01     3.28986e-01

    8.68731e-01     3.28986e-01
    8.68731e-01     3.28986e-01

    8.68731e-01     3.28986e-01
    8.55167e-01     3.51114e-01

    3.28986e-01     8.68731e-01
    3.19645e-01     8.67954e-01

    3.28986e-01     8.68731e-01
    3.28986e-01     8.68731e-01

    2.93002e-01     8.64743e-01
    2.38451e-01     8.58169e-01

    2.93002e-01     8.64743e-01
    3.19645e-01     8.67954e-01

    3.28986e-01     8.68731e-01
    3.28986e-01     8.68731e-01

    3.28986e-01     8.68731e-01
    3.51114e-01     8.55167e-01

   -1.46836e-01    -8.40122e-01
   -1.09662e-01    -8.35490e-01

   -1.09662e-01    -8.35490e-01
   -1.09662e-01    -8.35490e-01

   -5.34209e-02    -8.23875e-01
   -5.49337e-02    -8.23975e-01

   -5.64408e-02    -8.24075e-01
   -5.49337e-02    -8.23975e-01

   -5.64408e-02    -8.24075e-01
   -1.09662e-01    -8.35490e-01

   -8.35490e-01    -1.09662e-01
   -8.40122e-01    -1.46836e-01

   -8.35490e-01    -1.09662e-01
   -8.35490e-01    -1.09662e-01

   -8.35490e-01    -1.09662e-01
   -8.35490e-01    -1.09662e-01

   -8.35490e-01    -1.09662e-01
   -8.24075e-01    -5.64408e-02

   -8.23875e-01    -5.34209e-02
   -8.23975e-01    -5.49337e-02

   -8.24075e-01    -5.64408e-02
   -8.23975e-01    -5.49337e-02

    8.48160e-01     3.66453e-01
    8.34656e-01     3.96008e-01

    8.48160e-01     3.66453e-01
    8.55167e-01     3.51114e-01

    8.23252e-01     4.38648e-01
    8.34656e-01     3.96008e-01

    8.23252e-01     4.38648e-01
    8.23252e-01     4.38648e-01

    8.23252e-01     4.38648e-01
    8.23252e-01     4.38648e-01

    7.67634e-01     5.24401e-01
    7.55322e-01     5.35998e-01

    7.67634e-01     5.24401e-01
    7.67634e-01     5.24401e-01

    7.50868e-01     5.48310e-01
    7.55322e-01     5.35998e-01

    7.50868e-01     5.48310e-01
    7.50868e-01     5.48310e-01

    8.23252e-01     4.38648e-01
    8.23252e-01     4.38648e-01

    8.23252e-01     4.38648e-01
    8.23252e-01     4.38648e-01

    7.67634e-01     5.24401e-01
    7.67634e-01     5.24401e-01

    8.23252e-01     4.38648e-01
    8.01199e-01     4.72213e-01

    7.67634e-01     5.24401e-01
    8.01199e-01     4.72213e-01

    6.57972e-01     6.55645e-01
    6.56455e-01     6.56455e-01

    6.57972e-01     6.55645e-01
    6.57972e-01     6.55645e-01

    6.55645e-01     6.57972e-01
    6.56455e-01     6.56455e-01

    6.55645e-01     6.57972e-01
    6.55645e-01     6.57972e-01

    7.50868e-01     5.48310e-01
    7.50868e-01     5.48310e-01

    6.57972e-01     6.55645e-01
    6.57972e-01     6.55645e-01

    7.50868e-01     5.48310e-01
    7.03756e-01     5.94094e-01

    6.57972e-01     6.55645e-01
    7.03756e-01     5.94094e-01

    5.48310e-01     7.50868e-01
    5.35998e-01     7.55322e-01

    5.48310e-01     7.50868e-01
    5.48310e-01     7.50868e-01

    5.24401e-01     7.67634e-01
    5.35998e-01     7.55322e-01

    5.24401e-01     7.67634e-01
    5.24401e-01     7.67634e-01

    6.55645e-01     6.57972e-01
    6.55645e-01     6.57972e-01

    5.48310e-01     7.50868e-01
    5.48310e-01     7.50868e-01

    6.55645e-01     6.57972e-01
    5.94094e-01     7.03756e-01

    5.48310e-01     7.50868e-01
    5.94094e-01     7.03756e-01

    4.38648e-01     8.23252e-01
    3.96009e-01     8.34656e-01

    4.38648e-01     8.23252e-01
    4.38648e-01     8.23252e-01

    4.38648e-01     8.23252e-01
    4.38648e-01     8.23252e-01

    3.66453e-01     8.48160e-01
    3.96009e-01     8.34656e-01

    3.66453e-01     8.48160e-01
    3.51114e-01     8.55167e-01

    5.24401e-01     7.67634e-01
    5.24401e-01     7.67634e-01

    4.38648e-01     8.23252e-01
    4.38648e-01     8.23252e-01

    4.38648e-01     8.23252e-01
    4.38648e-01     8.23252e-01

    5.24401e-01     7.67634e-01
    4.72213e-01     8.01199e-01

    4.38648e-01     8.23252e-01
    4.72213e-01     8.01199e-01

    0.00000e+00    -8.26207e-01
   -5.34209e-02    -8.23875e-01

    0.00000e+00    -8.26207e-01
    0.00000e+00    -8.26207e-01

    0.00000e+00    -8.26207e-01
    0.00000e+00    -8.26207e-01

    5.34209e-02    -8.23875e-01
    5.49337e-02    -8.23975e-01

    5.64408e-02    -8.24075e-01
    5.49337e-02    -8.23975e-01

    0.00000e+00    -8.26207e-01
    5.34209e-02    -8.23875e-01

   -8.26207e-01     0.00000e+00
   -8.23875e-01    -5.34209e-02

   -8.26207e-01     0.00000e+00
   -8.26207e-01     0.00000e+00

   -8.26207e-01     0.00000e+00
   -8.26207e-01     0.00000e+00

   -8.26207e-01     0.00000e+00
   -8.23875e-01     5.34209e-02

   -8.23875e-01     5.34209e-02
   -8.23975e-01     5.49337e-02

   -8.24075e-01     5.64408e-02
   -8.23975e-01     5.49337e-02

    1.09662e-01    -8.35490e-01
    5.64408e-02    -8.24075e-01

    1.09662e-01    -8.35490e-01
    1.09662e-01    -8.35490e-01

    1.46836e-01    -8.40122e-01
    1.70401e-01    -8.44127e-01

    1.89382e-01    -8.47354e-01
    1.70401e-01    -8.44127e-01

    1.09662e-01    -8.35490e-01
    1.46836e-01    -8.40122e-01

   -8.35490e-01     1.09662e-01
   -8.24075e-01     5.64408e-02

   -8.35490e-01     1.09662e-01
   -8.35490e-01     1.09662e-01

   -8.35490e-01     1.09662e-01
   -8.35490e-01     1.09662e-01

   -8.35490e-01     1.09662e-01
   -8.40122e-01     1.46836e-01

   -8.40122e-01     1.46836e-01
   -8.44127e-01     1.70401e-01

   -8.47354e-01     1.89382e-01
   -8.44127e-01     1.70401e-01

    2.19324e-01    -8.56903e-01
    1.89382e-01    -8.47354e-01

    2.19324e-01    -8.56903e-01
    2.19324e-01    -8.56903e-01

    2.38451e-01    -8.58169e-01
    2.93002e-01    -8.64743e-01

    3.19645e-01    -8.67954e-01
    2.93002e-01    -8.64743e-01

    2.19324e-01    -8.56903e-01
    2.38451e-01    -8.58169e-01

   -8.56903e-01     2.19324e-01
   -8.47354e-01     1.89382e-01

   -8.56903e-01     2.19324e-01
   -8.56903e-01     2.19324e-01

   -8.56903e-01     2.19324e-01
   -8.58169e-01     2.38451e-01

   -8.58169e-01     2.38451e-01
   -8.64743e-01     2.93002e-01

   -8.67954e-01     3.19645e-01
   -8.64743e-01     2.93002e-01

    3.28986e-01    -8.68731e-01
    3.19645e-01    -8.67954e-01

    3.28986e-01    -8.68731e-01
    3.28986e-01    -8.68731e-01

    3.96009e-01    -8.34656e-01
    3.66453e-01    -8.48160e-01

    3.51114e-01    -8.55167e-01
    3.66453e-01    -8.48160e-01

    3.28986e-01    -8.68731e-01
    3.51114e-01    -8.55167e-01

   -8.68731e-01     3.28986e-01
   -8.67954e-01     3.19645e-01

   -8.68731e-01     3.28986e-01
   -8.68731e-01     3.28986e-01

   -8.68731e-01     3.28986e-01
   -8.55167e-01     3.51114e-01

   -8.34656e-01     3.96009e-01
   -8.48160e-01     3.66453e-01

   -8.55167e-01     3.51114e-01
   -8.48160e-01     3.66453e-01

    4.38648e-01    -8.23252e-01
    3.96009e-01    -8.34656e-01

    4.38648e-01    -8.23252e-01
    4.38648e-01    -8.23252e-01

    4.38648e-01    -8.23252e-01
    4.38648e-01    -8.23252e-01

    4.38648e-01    -8.23252e-01
    4.38648e-01    -8.23252e-01

    4.38648e-01    -8.23252e-01
    4.38648e-01    -8.23252e-01

    4.38648e-01    -8.23252e-01
    4.72213e-01    -8.01199e-01

   -8.23252e-01     4.38648e-01
   -8.34656e-01     3.96009e-01

   -8.23252e-01     4.38648e-01
   -8.23252e-01     4.38648e-01

   -8.23252e-01     4.38648e-01
   -8.23252e-01     4.38648e-01

   -8.23252e-01     4.38648e-01
   -8.23252e-01     4.38648e-01

   -8.23252e-01     4.38648e-01
   -8.23252e-01     4.38648e-01

   -8.23252e-01     4.38648e-01
   -8.01199e-01     4.72213e-01

    5.24401e-01    -7.67634e-01
    4.72213e-01    -8.01199e-01

    5.24401e-01    -7.67634e-01
    5.24401e-01    -7.67634e-01

    5.24401e-01    -7.67634e-01
    5.24401e-01    -7.67634e-01

    5.24401e-01    -7.67634e-01
    5.35998e-01    -7.55322e-01

   -7.67634e-01     5.24401e-01
   -8.01199e-01     4.72213e-01

   -7.67634e-01     5.24401e-01
   -7.67634e-01     5.24401e-01

   -7.67634e-01     5.24401e-01
   -7.67634e-01     5.24401e-01

   -7.67634e-01     5.24401e-01
   -7.55322e-01     5.35998e-01

    5.35998e-01    -7.55322e-01
    5.48310e-01    -7.50868e-01

    5.48310e-01    -7.50868e-01
    5.48310e-01    -7.50868e-01

    5.94094e-01    -7.03756e-01
    5.48310e-01    -7.50868e-01

   -7.55322e-01     5.35998e-01
   -7.50868e-01     5.48310e-01

   -7.50868e-01     5.48310e-01
   -7.50868e-01     5.48310e-01

   -7.03756e-01     5.94094e-01
   -7.50868e-01     5.48310e-01

    5.94094e-01    -7.03756e-01
    6.55645e-01    -6.57972e-01

    6.55645e-01    -6.57972e-01
    6.55645e-01    -6.57972e-01

    6.56455e-01    -6.56455e-01
    6.55645e-01    -6.57972e-01

   -7.03756e-01     5.94094e-01
   -6.57972e-01     6.55645e-01

   -6.57972e-01     6.55645e-01
   -6.57972e-01     6.55645e-01

   -6.56455e-01     6.56455e-01
   -6.57972e-01     6.55645e-01

    6.57972e-01    -6.55645e-01
    6.56455e-01    -6.56455e-01

    6.57972e-01    -6.55645e-01
    6.57972e-01    -6.55645e-01

    6.57972e-01    -6.55645e-01
    7.03756e-01    -5.94094e-01

   -6.55645e-01     6.57972e-01
   -6.56455e-01     6.56455e-01

   -6.55645e-01     6.57972e-01
   -6.55645e-01     6.57972e-01

   -6.55645e-01     6.57972e-01
   -5.94094e-01     7.03756e-01

    7.50868e-01    -5.48310e-01
    7.03756e-01    -5.94094e-01

    7.50868e-01    -5.48310e-01
    7.50868e-01    -5.48310e-01

    7.50868e-01    -5.48310e-01
    7.55322e-01    -5.35998e-01

   -5.48310e-01     7.50868e-01
   -5.94094e-01     7.03756e-01

   -5.48310e-01     7.50868e-01
   -5.48310e-01     7.50868e-01

   -5.48310e-01     7.50868e-01
   -5.35998e-01     7.55322e-01

    7.67634e-01    -5.24401e-01
    7.55322e-01    -5.35998e-01

    7.67634e-01    -5.24401e-01
    7.67634e-01    -5.24401e-01

    7.67634e-01    -5.24401e-01
    7.67634e-01    -5.24401e-01

    7.67634e-01    -5.24401e-01
    8.01199e-01    -4.72213e-01

   -5.24401e-01     7.67634e-01
   -5.35998e-01     7.55322e-01

   -5.24401e-01     7.67634e-01
   -5.24401e-01     7.67634e-01

   -5.24401e-01     7.67634e-01
   -5.24401e-01     7.67634e-01

   -5.24401e-01     7.67634e-01
   -4.72213e-01     8.01199e-01

    8.23252e-01    -4.38648e-01
    8.01199e-01    -4.72213e-01

    8.23252e-01    -4.38648e-01
    8.23252e-01    -4.38648e-01

    8.23252e-01    -4.38648e-01
    8.23252e-01    -4.38648e-01

    8.23252e-01    -4.38648e-01
    8.23252e-01    -4.38648e-01

    8.23252e-01    -4.38648e-01
    8.23252e-01    -4.38648e-01

    8.23252e-01    -4.38648e-01
    8.34656e-01    -3.96009e-01

   -4.38648e-01     8.23252e-01
   -4.72213e-01     8.01199e-01

   -4.38648e-01     8.23252e-01
   -4.38648e-01     8.23252e-01

   -4.38648e-01     8.23252e-01
   -4.38648e-01     8.23252e-01

   -4.38648e-01     8.23252e-01
   -4.38648e-01     8.23252e-01

   -4.38648e-01     8.23252e-01
   -4.38648e-01     8.23252e-01

   -4.38648e-01     8.23252e-01
   -3.96009e-01     8.34656e-01

    8.48160e-01    -3.66453e-01
    8.34656e-01    -3.96009e-01

    8.48160e-01    -3.66453e-01
    8.55167e-01    -3.51114e-01

    8.55167e-01    -3.51114e-01
    8.68731e-01    -3.28986e-01

    8.68731e-01    -3.28986e-01
    8.68731e-01    -3.28986e-01

    8.67954e-01    -3.19645e-01
    8.68731e-01    -3.28986e-01

   -3.51114e-01     8.55167e-01
   -3.28986e-01     8.68731e-01

   -3.66453e-01     8.48160e-01
   -3.96009e-01     8.34656e-01

   -3.66453e-01     8.48160e-01
   -3.51114e-01     8.55167e-01

   -3.28986e-01     8.68731e-01
   -3.28986e-01     8.68731e-01

   -3.19645e-01     8.67954e-01
   -3.28986e-01     8.68731e-01

    8.64743e-01    -2.93002e-01
    8.58169e-01    -2.38451e-01

    8.64743e-01    -2.93002e-01
    8.67954e-01    -3.19645e-01

    8.58169e-01    -2.38451e-01
    8.56903e-01    -2.19324e-01

    8.56903e-01    -2.19324e-01
    8.56903e-01    -2.19324e-01

    8.47354e-01    -1.89382e-01
    8.56903e-01    -2.19324e-01

   -2.38451e-01     8.58169e-01
   -2.19324e-01     8.56903e-01

   -2.93002e-01     8.64743e-01
   -2.38451e-01     8.58169e-01

   -2.93002e-01     8.64743e-01
   -3.19645e-01     8.67954e-01

   -2.19324e-01     8.56903e-01
   -2.19324e-01     8.56903e-01

   -1.89382e-01     8.47354e-01
   -2.19324e-01     8.56903e-01

    8.44127e-01    -1.70401e-01
    8.40122e-01    -1.46836e-01

    8.44127e-01    -1.70401e-01
    8.47354e-01    -1.89382e-01

    8.35490e-01    -1.09662e-01
    8.40122e-01    -1.46836e-01

    8.35490e-01    -1.09662e-01
    8.35490e-01    -1.09662e-01

    8.35490e-01    -1.09662e-01
    8.35490e-01    -1.09662e-01

    8.35490e-01    -1.09662e-01
    8.24075e-01    -5.64408e-02

   -1.46836e-01     8.40122e-01
   -1.09662e-01     8.35490e-01

   -1.70401e-01     8.44127e-01
   -1.46836e-01     8.40122e-01

   -1.70401e-01     8.44127e-01
   -1.89382e-01     8.47354e-01

   -1.09662e-01     8.35490e-01
   -1.09662e-01     8.35490e-01

   -5.64408e-02     8.24075e-01
   -1.09662e-01     8.35490e-01

    8.23975e-01    -5.49337e-02
    8.23875e-01    -5.34209e-02

    8.23975e-01    -5.49337e-02
    8.24075e-01    -5.64408e-02

    8.26207e-01     0.00000e+00
    8.23875e-01    -5.34209e-02

    8.26207e-01     0.00000e+00
    8.26207e-01     0.00000e+00

    8.26207e-01     0.00000e+00
    8.26207e-01     0.00000e+00

    8.26207e-01     0.00000e+00
    8.23875e-01     5.34209e-02

    0.00000e+00     8.26207e-01
   -5.34209e-02     8.23875e-01

    0.00000e+00     8.26207e-01
    0.00000e+00     8.26207e-01

   -5.49337e-02     8.23975e-01
   -5.34209e-02     8.23875e-01

   -5.49337e-02     8.23975e-01
   -5.64408e-02     8.24075e-01

    0.00000e+00     8.26207e-01
    0.00000e+00     8.26207e-01

    0.00000e+00     8.26207e-01
    5.34209e-02     8.23875e-01

   -4.38648e-01    -8.23252e-01
   -4.38648e-01    -8.23252e-01

   -4.38648e-01    -8.23252e-01
   -4.72213e-01    -8.01199e-01

   -4.38648e-01    -8.23252e-01
   -4.38648e-01    -8.23252e-01

   -4.38648e-01    -8.23252e-01
   -4.38648e-01    -8.23252e-01

   -5.24401e-01    -7.67634e-01
   -5.24401e-01    -7.67634e-01

   -5.24401e-01    -7.67634e-01
   -4.72213e-01    -8.01199e-01

   -5.24401e-01    -7.67634e-01
   -5.24401e-01    -7.67634e-01

   -4.38648e-01    -8.23252e-01
   -4.38648e-01    -8.23252e-01

   -4.38648e-01    -8.23252e-01
   -4.38648e-01    -8.23252e-01

   -3.66453e-01    -8.48160e-01
   -3.96009e-01    -8.34656e-01

   -3.66453e-01    -8.48160e-01
   -3.96009e-01    -8.34656e-01

   -3.96009e-01    -8.34656e-01
   -3.96009e-01    -8.34656e-01

   -3.66453e-01    -8.48160e-01
   -3.51114e-01    -8.55167e-01

   -3.66453e-01    -8.48160e-01
   -3.66453e-01    -8.48160e-01

   -3.51114e-01    -8.55167e-01
   -3.66453e-01    -8.48160e-01

   -4.38648e-01    -8.23252e-01
   -3.96009e-01    -8.34656e-01

   -3.96009e-01    -8.34656e-01
   -4.38648e-01    -8.23252e-01

   -5.48310e-01    -7.50868e-01
   -5.94094e-01    -7.03756e-01

   -5.48310e-01    -7.50868e-01
   -5.94094e-01    -7.03756e-01

   -5.48310e-01    -7.50868e-01
   -5.48310e-01    -7.50868e-01

   -6.55645e-01    -6.57972e-01
   -5.94094e-01    -7.03756e-01

   -5.94094e-01    -7.03756e-01
   -6.55645e-01    -6.57972e-01

   -6.55645e-01    -6.57972e-01
   -6.55645e-01    -6.57972e-01

   -5.24401e-01    -7.67634e-01
   -5.24401e-01    -7.67634e-01

   -5.48310e-01    -7.50868e-01
   -5.48310e-01    -7.50868e-01

   -5.24401e-01    -7.67634e-01
   -5.35998e-01    -7.55322e-01

   -5.24401e-01    -7.67634e-01
   -5.35998e-01    -7.55322e-01

   -5.48310e-01    -7.50868e-01
   -5.35998e-01    -7.55322e-01

   -5.35998e-01    -7.55322e-01
   -5.48310e-01    -7.50868e-01

   -6.57972e-01    -6.55645e-01
   -7.03756e-01    -5.94094e-01

   -6.57972e-01    -6.55645e-01
   -7.03756e-01    -5.94094e-01

   -6.57972e-01    -6.55645e-01
   -6.57972e-01    -6.55645e-01

   -7.50868e-01    -5.48310e-01
   -7.03756e-01    -5.94094e-01

   -7.03756e-01    -5.94094e-01
   -7.50868e-01    -5.48310e-01

   -7.50868e-01    -5.48310e-01
   -7.50868e-01    -5.48310e-01

   -6.55645e-01    -6.57972e-01
   -6.55645e-01    -6.57972e-01

   -6.57972e-01    -6.55645e-01
   -6.57972e-01    -6.55645e-01

   -6.55645e-01    -6.57972e-01
   -6.55645e-01    -6.57972e-01

   -6.55645e-01    -6.57972e-01
   -6.56455e-01    -6.56455e-01

   -6.57972e-01    -6.55645e-01
   -6.57972e-01    -6.55645e-01

   -6.57972e-01    -6.55645e-01
   -6.56455e-01    -6.56455e-01

   -7.67634e-01    -5.24401e-01
   -7.67634e-01    -5.24401e-01

   -7.67634e-01    -5.24401e-01
   -8.01199e-01    -4.72213e-01

   -7.67634e-01    -5.24401e-01
   -7.67634e-01    -5.24401e-01

   -8.23252e-01    -4.38648e-01
   -8.23252e-01    -4.38648e-01

   -8.23252e-01    -4.38648e-01
   -8.01199e-01    -4.72213e-01

   -8.23252e-01    -4.38648e-01
   -8.23252e-01    -4.38648e-01

   -8.23252e-01    -4.38648e-01
   -8.23252e-01    -4.38648e-01

   -7.50868e-01    -5.48310e-01
   -7.50868e-01    -5.48310e-01

   -7.67634e-01    -5.24401e-01
   -7.67634e-01    -5.24401e-01

   -7.50868e-01    -5.48310e-01
   -7.55322e-01    -5.35998e-01

   -7.50868e-01    -5.48310e-01
   -7.55322e-01    -5.35998e-01

   -7.67634e-01    -5.24401e-01
   -7.55322e-01    -5.35998e-01

   -7.55322e-01    -5.35998e-01
   -7.67634e-01    -5.24401e-01

   -8.23252e-01    -4.38648e-01
   -8.23252e-01    -4.38648e-01

   -8.23252e-01    -4.38648e-01
   -8.23252e-01    -4.38648e-01

   -8.23252e-01    -4.38648e-01
   -8.34656e-01    -3.96008e-01

   -8.23252e-01    -4.38648e-01
   -8.34656e-01    -3.96008e-01

   -8.34656e-01    -3.96008e-01
   -8.48160e-01    -3.66453e-01

   -8.34656e-01    -3.96008e-01
   -8.48160e-01    -3.66453e-01

   -8.34656e-01    -3.96008e-01
   -8.34656e-01    -3.96008e-01

   -8.48160e-01    -3.66453e-01
   -8.55167e-01    -3.51114e-01

   -8.48160e-01    -3.66453e-01
   -8.48160e-01    -3.66453e-01

   -8.48160e-01    -3.66453e-01
   -8.55167e-01    -3.51114e-01

    8.23975e-01     5.49337e-02
    8.23875e-01     5.34209e-02

    8.23975e-01     5.49337e-02
    8.24075e-01     5.64408e-02

    8.35490e-01     1.09662e-01
    8.24075e-01     5.64408e-02

    8.35490e-01     1.09662e-01
    8.35490e-01     1.09662e-01

    8.35490e-01     1.09662e-01
    8.35490e-01     1.09662e-01

    8.35490e-01     1.09662e-01
    8.40122e-01     1.46836e-01

    1.09662e-01     8.35490e-01
    5.64408e-02     8.24075e-01

    1.09662e-01     8.35490e-01
    1.09662e-01     8.35490e-01

    5.49337e-02     8.23975e-01
    5.34209e-02     8.23875e-01

    5.49337e-02     8.23975e-01
    5.64408e-02     8.24075e-01

    1.09662e-01     8.35490e-01
    1.46836e-01     8.40122e-01

   -3.51114e-01    -8.55167e-01
   -3.28986e-01    -8.68731e-01

   -3.28986e-01    -8.68731e-01
   -3.51114e-01    -8.55167e-01

   -3.28986e-01    -8.68731e-01
   -3.28986e-01    -8.68731e-01

   -3.28986e-01    -8.68731e-01
   -3.28986e-01    -8.68731e-01

   -2.93002e-01    -8.64743e-01
   -2.38451e-01    -8.58169e-01

   -2.93002e-01    -8.64743e-01
   -2.93002e-01    -8.64743e-01

   -2.93002e-01    -8.64743e-01
   -2.38451e-01    -8.58169e-01

   -2.38451e-01    -8.58169e-01
   -2.38451e-01    -8.58169e-01

   -2.93002e-01    -8.64743e-01
   -3.19645e-01    -8.67954e-01

   -2.93002e-01    -8.64743e-01
   -2.93002e-01    -8.64743e-01

   -2.93002e-01    -8.64743e-01
   -2.93002e-01    -8.64743e-01

   -3.19645e-01    -8.67954e-01
   -2.93002e-01    -8.64743e-01

   -3.19645e-01    -8.67954e-01
   -3.28986e-01    -8.68731e-01

   -3.28986e-01    -8.68731e-01
   -3.19645e-01    -8.67954e-01

   -8.55167e-01    -3.51114e-01
   -8.68731e-01    -3.28986e-01

   -8.55167e-01    -3.51114e-01
   -8.68731e-01    -3.28986e-01

   -8.68731e-01    -3.28986e-01
   -8.68731e-01    -3.28986e-01

   -8.68731e-01    -3.28986e-01
   -8.68731e-01    -3.28986e-01

   -8.68731e-01    -3.28986e-01
   -8.67954e-01    -3.19645e-01

   -8.67954e-01    -3.19645e-01
   -8.68731e-01    -3.28986e-01

   -8.58169e-01    -2.38451e-01
   -8.64743e-01    -2.93002e-01

   -8.64743e-01    -2.93002e-01
   -8.64743e-01    -2.93002e-01

   -8.64743e-01    -2.93002e-01
   -8.58169e-01    -2.38451e-01

   -8.58169e-01    -2.38451e-01
   -8.58169e-01    -2.38451e-01

   -8.67954e-01    -3.19645e-01
   -8.64743e-01    -2.93002e-01

   -8.67954e-01    -3.19645e-01
   -8.67954e-01    -3.19645e-01

   -8.64743e-01    -2.93002e-01
   -8.64743e-01    -2.93002e-01

   -8.64743e-01    -2.93002e-01
   -8.64743e-01    -2.93002e-01

   -8.64743e-01    -2.93002e-01
   -8.67954e-01    -3.19645e-01

   -8.67954e-01    -3.19645e-01
   -8.67954e-01    -3.19645e-01

    8.44127e-01     1.70401e-01
    8.40122e-01     1.46836e-01

    8.44127e-01     1.70401e-01
    8.47354e-01     1.89382e-01

    8.56903e-01     2.19324e-01
    8.47354e-01     1.89382e-01

    8.56903e-01     2.19324e-01
    8.56903e-01     2.19324e-01

    8.56903e-01     2.19324e-01
    8.58169e-01     2.38451e-01

    1.89382e-01     8.47354e-01
    2.19324e-01     8.56903e-01

    1.70401e-01     8.44127e-01
    1.46836e-01     8.40122e-01

    1.70401e-01     8.44127e-01
    1.89382e-01     8.47354e-01

    2.19324e-01     8.56903e-01
    2.19324e-01     8.56903e-01

    2.38451e-01     8.58169e-01
    2.19324e-01     8.56903e-01

   -1.09662e-01    -9.48658e-01
   -1.62046e-01    -9.29680e-01

   -1.09662e-01    -9.48658e-01
   -1.09662e-01    -9.48658e-01

   -1.09662e-01    -9.48658e-01
   -1.09662e-01    -9.48658e-01

   -1.65227e-01    -9.28978e-01
   -1.68325e-01    -9.28295e-01

   -1.65227e-01    -9.28978e-01
   -1.62046e-01    -9.29680e-01

   -6.82012e-02    -9.45497e-01
   -5.34374e-02    -9.46551e-01

   -3.94056e-02    -9.47552e-01
   -5.34374e-02    -9.46551e-01

   -1.09662e-01    -9.48658e-01
   -6.82012e-02    -9.45497e-01

   -9.28978e-01    -1.65227e-01
   -9.28295e-01    -1.68325e-01

   -9.28978e-01    -1.65227e-01
   -9.29680e-01    -1.62046e-01

   -9.48658e-01    -1.09662e-01
   -9.29680e-01    -1.62046e-01

   -9.48658e-01    -1.09662e-01
   -9.48658e-01    -1.09662e-01

   -9.48658e-01    -1.09662e-01
   -9.48658e-01    -1.09662e-01

   -9.48658e-01    -1.09662e-01
   -9.45497e-01    -6.82012e-02

   -9.45497e-01    -6.82012e-02
   -9.46551e-01    -5.34374e-02

   -9.47552e-01    -3.94056e-02
   -9.46551e-01    -5.34374e-02

    9.25300e-01     2.19324e-01
    9.28295e-01     1.68325e-01

    9.25300e-01     2.19324e-01
    9.25300e-01     2.19324e-01

    9.25300e-01     2.19324e-01
    9.25300e-01     2.19324e-01

    9.25300e-01     2.19324e-01
    9.13489e-01     2.55517e-01

    9.06916e-01     2.84113e-01
    9.02364e-01     3.03918e-01

    9.06916e-01     2.84113e-01
    9.13489e-01     2.55517e-01

    2.19324e-01     9.25300e-01
    1.68325e-01     9.28295e-01

    2.19324e-01     9.25300e-01
    2.19324e-01     9.25300e-01

    2.19324e-01     9.25300e-01
    2.19324e-01     9.25300e-01

    2.84113e-01     9.06916e-01
    3.03918e-01     9.02364e-01

    2.84113e-01     9.06916e-01
    2.55517e-01     9.13489e-01

    2.19324e-01     9.25300e-01
    2.55517e-01     9.13489e-01

    0.00000e+00    -9.56284e-01
   -3.94056e-02    -9.47552e-01

    0.00000e+00    -9.56284e-01
    0.00000e+00    -9.56284e-01

    0.00000e+00    -9.56284e-01
    0.00000e+00    -9.56284e-01

    6.82012e-02    -9.45497e-01
    5.34374e-02    -9.46551e-01

    3.94056e-02    -9.47552e-01
    5.34374e-02    -9.46551e-01

    0.00000e+00    -9.56284e-01
    3.94056e-02    -9.47552e-01

   -9.56284e-01     0.00000e+00
   -9.47552e-01    -3.94056e-02

   -9.56284e-01     0.00000e+00
   -9.56284e-01     0.00000e+00

   -9.56284e-01     0.00000e+00
   -9.56284e-01     0.00000e+00

   -9.56284e-01     0.00000e+00
   -9.47552e-01     3.94056e-02

   -9.45497e-01     6.82012e-02
   -9.46551e-01     5.34374e-02

   -9.47552e-01     3.94056e-02
   -9.46551e-01     5.34374e-02

    8.99351e-01     3.28986e-01
    9.02364e-01     3.03918e-01

    8.99351e-01     3.28986e-01
    8.99351e-01     3.28986e-01

    8.99351e-01     3.28986e-01
    8.99351e-01     3.28986e-01

    8.99351e-01     3.28986e-01
    9.01507e-01     3.53198e-01

    9.06341e-01     3.72870e-01
    9.01507e-01     3.53198e-01

    9.06341e-01     3.72870e-01
    9.13587e-01     4.02356e-01

    3.28986e-01     8.99351e-01
    3.03918e-01     9.02364e-01

    3.28986e-01     8.99351e-01
    3.28986e-01     8.99351e-01

    3.28986e-01     8.99351e-01
    3.28986e-01     8.99351e-01

    3.72870e-01     9.06341e-01
    3.53198e-01     9.01507e-01

    3.72870e-01     9.06341e-01
    4.02357e-01     9.13587e-01

    3.28986e-01     8.99351e-01
    3.53198e-01     9.01507e-01

    1.09662e-01    -9.48658e-01
    6.82012e-02    -9.45497e-01

    1.09662e-01    -9.48658e-01
    1.09662e-01    -9.48658e-01

    1.09662e-01    -9.48658e-01
    1.09662e-01    -9.48658e-01

    1.09662e-01    -9.48658e-01
    1.62046e-01    -9.29680e-01

   -9.48658e-01     1.09662e-01
   -9.45497e-01     6.82012e-02

   -9.48658e-01     1.09662e-01
   -9.48658e-01     1.09662e-01

   -9.48658e-01     1.09662e-01
   -9.48658e-01     1.09662e-01

   -9.48658e-01     1.09662e-01
   -9.48658e-01     1.09662e-01

   -9.48658e-01     1.09662e-01
   -9.48658e-01     1.09662e-01

   -9.48658e-01     1.09662e-01
   -9.29680e-01     1.62046e-01

    9.20473e-01     4.38648e-01
    9.13587e-01     4.02356e-01

    9.20473e-01     4.38648e-01
    9.20473e-01     4.38648e-01

    9.20473e-01     4.38648e-01
    9.20473e-01     4.38648e-01

    9.20473e-01     4.38648e-01
    9.22552e-01     4.83904e-01

    9.20260e-01     4.96256e-01
    9.18189e-01     5.07417e-01

    9.20260e-01     4.96256e-01
    9.22552e-01     4.83904e-01

    4.38648e-01     9.20473e-01
    4.02357e-01     9.13587e-01

    4.38648e-01     9.20473e-01
    4.38648e-01     9.20473e-01

    4.38648e-01     9.20473e-01
    4.38648e-01     9.20473e-01

    4.96256e-01     9.20260e-01
    5.07417e-01     9.18189e-01

    4.96256e-01     9.20260e-01
    4.83904e-01     9.22552e-01

    4.38648e-01     9.20473e-01
    4.83904e-01     9.22552e-01

    2.19324e-01    -9.25300e-01
    1.68325e-01    -9.28295e-01

    2.19324e-01    -9.25300e-01
    2.19324e-01    -9.25300e-01

    1.65227e-01    -9.28978e-01
    1.68325e-01    -9.28295e-01

    1.65227e-01    -9.28978e-01
    1.62046e-01    -9.29680e-01

    2.19324e-01    -9.25300e-01
    2.55517e-01    -9.13489e-01

   -9.28978e-01     1.65227e-01
   -9.28295e-01     1.68325e-01

   -9.28978e-01     1.65227e-01
   -9.29680e-01     1.62046e-01

   -9.25300e-01     2.19324e-01
   -9.28295e-01     1.68325e-01

   -9.25300e-01     2.19324e-01
   -9.25300e-01     2.19324e-01

   -9.25300e-01     2.19324e-01
   -9.13489e-01     2.55517e-01

    9.10803e-01     5.48310e-01
    9.18189e-01     5.07417e-01

    9.10803e-01     5.48310e-01
    9.10803e-01     5.48310e-01

    9.10803e-01     5.48310e-01
    9.10803e-01     5.48310e-01

    9.10803e-01     5.48310e-01
    9.17893e-01     5.88907e-01

    9.00823e-01     6.26195e-01
    8.93859e-01     6.41408e-01

    9.00823e-01     6.26195e-01
    9.17893e-01     5.88907e-01

    5.48310e-01     9.10803e-01
    5.07417e-01     9.18189e-01

    5.48310e-01     9.10803e-01
    5.48310e-01     9.10803e-01

    5.48310e-01     9.10803e-01
    5.48310e-01     9.10803e-01

    6.26195e-01     9.00823e-01
    6.41408e-01     8.93859e-01

    6.26195e-01     9.00823e-01
    5.88907e-01     9.17893e-01

    5.48310e-01     9.10803e-01
    5.88907e-01     9.17893e-01

    3.28986e-01    -8.99351e-01
    3.03918e-01    -9.02364e-01

    3.28986e-01    -8.99351e-01
    3.28986e-01    -8.99351e-01

    2.84113e-01    -9.06916e-01
    3.03918e-01    -9.02364e-01

    2.84113e-01    -9.06916e-01
    2.55517e-01    -9.13489e-01

    3.28986e-01    -8.99351e-01
    3.53198e-01    -9.01507e-01

   -9.06916e-01     2.84113e-01
   -9.02364e-01     3.03918e-01

   -9.06916e-01     2.84113e-01
   -9.13489e-01     2.55517e-01

   -8.99351e-01     3.28986e-01
   -9.02364e-01     3.03918e-01

   -8.99351e-01     3.28986e-01
   -8.99351e-01     3.28986e-01

   -8.99351e-01     3.28986e-01
   -9.01507e-01     3.53198e-01

    8.83762e-01     6.57972e-01
    8.93859e-01     6.41408e-01

    8.83762e-01     6.57972e-01
    8.83762e-01     6.57972e-01

    8.77296e-01     6.75232e-01
    8.40841e-01     7.31179e-01

    8.77296e-01     6.75232e-01
    8.77296e-01     6.75232e-01

    8.77296e-01     6.75232e-01
    8.77296e-01     6.75232e-01

    7.79381e-01     7.67634e-01
    8.40841e-01     7.31179e-01

    7.79381e-01     7.67634e-01
    7.79381e-01     7.67634e-01

    8.83762e-01     6.57972e-01
    8.83762e-01     6.57972e-01

    8.77296e-01     6.75232e-01
    8.77296e-01     6.75232e-01

    8.77296e-01     6.75232e-01
    8.77296e-01     6.75232e-01

    8.83762e-01     6.57972e-01
    8.84872e-01     6.65548e-01

    8.77296e-01     6.75232e-01
    8.84872e-01     6.65548e-01

    7.67634e-01     7.79381e-01
    7.31179e-01     8.40841e-01

    7.67634e-01     7.79381e-01
    7.67634e-01     7.79381e-01

    6.75232e-01     8.77296e-01
    7.31179e-01     8.40841e-01

    6.75232e-01     8.77296e-01
    6.75232e-01     8.77296e-01

    6.75232e-01     8.77296e-01
    6.75232e-01     8.77296e-01

    7.79381e-01     7.67634e-01
    7.79381e-01     7.67634e-01

    7.67634e-01     7.79381e-01
    7.67634e-01     7.79381e-01

    7.79381e-01     7.67634e-01
    7.74305e-01     7.74305e-01

    7.67634e-01     7.79381e-01
    7.74305e-01     7.74305e-01

    6.57972e-01     8.83762e-01
    6.41408e-01     8.93859e-01

    6.57972e-01     8.83762e-01
    6.57972e-01     8.83762e-01

    6.75232e-01     8.77296e-01
    6.75232e-01     8.77296e-01

    6.75232e-01     8.77296e-01
    6.75232e-01     8.77296e-01

    6.57972e-01     8.83762e-01
    6.57972e-01     8.83762e-01

    6.75232e-01     8.77296e-01
    6.65548e-01     8.84872e-01

    6.57972e-01     8.83762e-01
    6.65548e-01     8.84872e-01

    4.38648e-01    -9.20473e-01
    4.02356e-01    -9.13587e-01

    4.38648e-01    -9.20473e-01
    4.38648e-01    -9.20473e-01

    3.72870e-01    -9.06341e-01
    3.53198e-01    -9.01507e-01

    3.72870e-01    -9.06341e-01
    4.02356e-01    -9.13587e-01

    4.38648e-01    -9.20473e-01
    4.83904e-01    -9.22552e-01

   -9.06341e-01     3.72870e-01
   -9.01507e-01     3.53198e-01

   -9.06341e-01     3.72870e-01
   -9.13587e-01     4.02356e-01

   -9.20473e-01     4.38648e-01
   -9.13587e-01     4.02356e-01

   -9.20473e-01     4.38648e-01
   -9.20473e-01     4.38648e-01

   -9.20473e-01     4.38648e-01
   -9.22552e-01     4.83904e-01

    5.48310e-01    -9.10803e-01
    5.07417e-01    -9.18189e-01

    5.48310e-01    -9.10803e-01
    5.48310e-01    -9.10803e-01

    4.96256e-01    -9.20260e-01
    5.07417e-01    -9.18189e-01

    4.96256e-01    -9.20260e-01
    4.83904e-01    -9.22552e-01

    5.48310e-01    -9.10803e-01
    5.48310e-01    -9.10803e-01

    5.48310e-01    -9.10803e-01
    5.88907e-01    -9.17893e-01

   -9.20260e-01     4.96256e-01
   -9.18189e-01     5.07416e-01

   -9.20260e-01     4.96256e-01
   -9.22552e-01     4.83904e-01

   -9.10803e-01     5.48310e-01
   -9.18189e-01     5.07416e-01

   -9.10803e-01     5.48310e-01
   -9.10803e-01     5.48310e-01

   -9.10803e-01     5.48310e-01
   -9.17893e-01     5.88907e-01

    6.57972e-01    -8.83762e-01
    6.41408e-01    -8.93859e-01

    6.57972e-01    -8.83762e-01
    6.57972e-01    -8.83762e-01

    6.26195e-01    -9.00823e-01
    6.41408e-01    -8.93859e-01

    6.26195e-01    -9.00823e-01
    5.88907e-01    -9.17893e-01

    6.57972e-01    -8.83762e-01
    6.65548e-01    -8.84872e-01

   -9.00823e-01     6.26195e-01
   -8.93859e-01     6.41408e-01

   -9.00823e-01     6.26195e-01
   -9.17893e-01     5.88907e-01

   -8.83762e-01     6.57972e-01
   -8.93859e-01     6.41408e-01

   -8.83762e-01     6.57972e-01
   -8.83762e-01     6.57972e-01

   -8.83762e-01     6.57972e-01
   -8.84872e-01     6.65548e-01

    6.75232e-01    -8.77296e-01
    6.65548e-01    -8.84872e-01

    6.75232e-01    -8.77296e-01
    6.75232e-01    -8.77296e-01

    6.75232e-01    -8.77296e-01
    6.75232e-01    -8.77296e-01

    6.75232e-01    -8.77296e-01
    7.31179e-01    -8.40841e-01

   -8.77296e-01     6.75232e-01
   -8.84872e-01     6.65548e-01

   -8.77296e-01     6.75232e-01
   -8.77296e-01     6.75232e-01

   -8.77296e-01     6.75232e-01
   -8.77296e-01     6.75232e-01

   -8.77296e-01     6.75232e-01
   -8.40841e-01     7.31179e-01

    7.67634e-01    -7.79381e-01
    7.31179e-01    -8.40841e-01

    7.67634e-01    -7.79381e-01
    7.67634e-01    -7.79381e-01

    7.67634e-01    -7.79381e-01
    7.67634e-01    -7.79381e-01

    7.67634e-01    -7.79381e-01
    7.74305e-01    -7.74305e-01

   -7.79381e-01     7.67634e-01
   -8.40841e-01     7.31179e-01

   -7.79381e-01     7.67634e-01
   -7.79381e-01     7.67634e-01

   -7.79381e-01     7.67634e-01
   -7.79381e-01     7.67634e-01

   -7.79381e-01     7.67634e-01
   -7.74305e-01     7.74305e-01

    7.79381e-01    -7.67634e-01
    7.74305e-01    -7.74305e-01

    7.79381e-01    -7.67634e-01
    7.79381e-01    -7.67634e-01

    7.79381e-01    -7.67634e-01
    7.79381e-01    -7.67634e-01

    7.79381e-01    -7.67634e-01
    8.40841e-01    -7.31179e-01

   -7.67634e-01     7.79381e-01
   -7.74305e-01     7.74305e-01

   -7.67634e-01     7.79381e-01
   -7.67634e-01     7.79381e-01

   -7.67634e-01     7.79381e-01
   -7.67634e-01     7.79381e-01

   -7.67634e-01     7.79381e-01
   -7.31179e-01     8.40841e-01

    8.40841e-01    -7.31179e-01
    8.77296e-01    -6.75232e-01

    8.77296e-01    -6.75232e-01
    8.77296e-01    -6.75232e-01

    8.77296e-01    -6.75232e-01
    8.77296e-01    -6.75232e-01

    8.84872e-01    -6.65548e-01
    8.77296e-01    -6.75232e-01

   -7.31179e-01     8.40841e-01
   -6.75232e-01     8.77296e-01

   -6.75232e-01     8.77296e-01
   -6.75232e-01     8.77296e-01

   -6.75232e-01     8.77296e-01
   -6.75232e-01     8.77296e-01

   -6.65548e-01     8.84872e-01
   -6.75232e-01     8.77296e-01

    8.84872e-01    -6.65548e-01
    8.83762e-01    -6.57972e-01

    8.83762e-01    -6.57972e-01
    8.83762e-01    -6.57972e-01

    8.93859e-01    -6.41408e-01
    8.83762e-01    -6.57972e-01

    9.00823e-01    -6.26195e-01
    8.93859e-01    -6.41408e-01

    9.00823e-01    -6.26195e-01
    9.17893e-01    -5.88907e-01

   -6.65548e-01     8.84872e-01
   -6.57972e-01     8.83762e-01

   -6.57972e-01     8.83762e-01
   -6.57972e-01     8.83762e-01

   -6.26195e-01     9.00823e-01
   -6.41408e-01     8.93859e-01

   -6.26195e-01     9.00823e-01
   -5.88907e-01     9.17893e-01

   -6.41408e-01     8.93859e-01
   -6.57972e-01     8.83762e-01

    9.17893e-01    -5.88907e-01
    9.10803e-01    -5.48310e-01

    9.10803e-01    -5.48310e-01
    9.10803e-01    -5.48310e-01

    9.18189e-01    -5.07416e-01
    9.10803e-01    -5.48310e-01

    9.20260e-01    -4.96256e-01
    9.18189e-01    -5.07416e-01

    9.20260e-01    -4.96256e-01
    9.22552e-01    -4.83904e-01

   -5.48310e-01     9.10803e-01
   -5.88907e-01     9.17893e-01

   -5.48310e-01     9.10803e-01
   -5.48310e-01     9.10803e-01

   -5.48310e-01     9.10803e-01
   -5.48310e-01     9.10803e-01

   -4.96256e-01     9.20260e-01
   -5.07417e-01     9.18189e-01

   -4.96256e-01     9.20260e-01
   -4.83904e-01     9.22552e-01

   -5.48310e-01     9.10803e-01
   -5.07417e-01     9.18189e-01

    9.22552e-01    -4.83904e-01
    9.20473e-01    -4.38648e-01

    9.20473e-01    -4.38648e-01
    9.20473e-01    -4.38648e-01

    9.13587e-01    -4.02356e-01
    9.20473e-01    -4.38648e-01

    9.06341e-01    -3.72870e-01
    9.01507e-01    -3.53198e-01

    9.06341e-01    -3.72870e-01
    9.13587e-01    -4.02356e-01

   -4.83904e-01     9.22552e-01
   -4.38648e-01     9.20473e-01

   -4.38648e-01     9.20473e-01
   -4.38648e-01     9.20473e-01

   -3.72870e-01     9.06341e-01
   -3.53198e-01     9.01507e-01

   -3.72870e-01     9.06341e-01
   -4.02356e-01     9.13587e-01

   -4.02356e-01     9.13587e-01
   -4.38648e-01     9.20473e-01

   -6.65548e-01    -8.84872e-01
   -6.57972e-01    -8.83762e-01

   -6.57972e-01    -8.83762e-01
   -6.65548e-01    -8.84872e-01

   -6.57972e-01    -8.83762e-01
   -6.57972e-01    -8.83762e-01

   -6.75232e-01    -8.77296e-01
   -6.65548e-01    -8.84872e-01

   -6.65548e-01    -8.84872e-01
   -6.75232e-01    -8.77296e-01

   -6.75232e-01    -8.77296e-01
   -6.75232e-01    -8.77296e-01

   -6.75232e-01    -8.77296e-01
   -6.75232e-01    -8.77296e-01

   -6.57972e-01    -8.83762e-01
   -6.57972e-01    -8.83762e-01

   -6.57972e-01    -8.83762e-01
   -6.41408e-01    -8.93859e-01

   -6.41408e-01    -8.93859e-01
   -6.57972e-01    -8.83762e-01

   -7.74305e-01    -7.74305e-01
   -7.67634e-01    -7.79381e-01

   -7.67634e-01    -7.79381e-01
   -7.74305e-01    -7.74305e-01

   -7.67634e-01    -7.79381e-01
   -7.67634e-01    -7.79381e-01

   -7.74305e-01    -7.74305e-01
   -7.79381e-01    -7.67634e-01

   -7.74305e-01    -7.74305e-01
   -7.79381e-01    -7.67634e-01

   -7.79381e-01    -7.67634e-01
   -7.79381e-01    -7.67634e-01

   -6.75232e-01    -8.77296e-01
   -6.75232e-01    -8.77296e-01

   -6.75232e-01    -8.77296e-01
   -6.75232e-01    -8.77296e-01

   -7.67634e-01    -7.79381e-01
   -7.67634e-01    -7.79381e-01

   -7.31179e-01    -8.40841e-01
   -6.75232e-01    -8.77296e-01

   -6.75232e-01    -8.77296e-01
   -7.31179e-01    -8.40841e-01

   -7.31179e-01    -8.40841e-01
   -7.67634e-01    -7.79381e-01

   -7.31179e-01    -8.40841e-01
   -7.67634e-01    -7.79381e-01

   -8.77296e-01    -6.75232e-01
   -8.84872e-01    -6.65548e-01

   -8.77296e-01    -6.75232e-01
   -8.84872e-01    -6.65548e-01

   -8.77296e-01    -6.75232e-01
   -8.77296e-01    -6.75232e-01

   -8.77296e-01    -6.75232e-01
   -8.77296e-01    -6.75232e-01

   -8.84872e-01    -6.65548e-01
   -8.83762e-01    -6.57972e-01

   -8.84872e-01    -6.65548e-01
   -8.83762e-01    -6.57972e-01

   -8.83762e-01    -6.57972e-01
   -8.83762e-01    -6.57972e-01

   -7.79381e-01    -7.67634e-01
   -7.79381e-01    -7.67634e-01

   -8.77296e-01    -6.75232e-01
   -8.77296e-01    -6.75232e-01

   -8.77296e-01    -6.75232e-01
   -8.77296e-01    -6.75232e-01

   -8.40841e-01    -7.31179e-01
   -7.79381e-01    -7.67634e-01

   -7.79381e-01    -7.67634e-01
   -8.40841e-01    -7.31179e-01

   -8.40841e-01    -7.31179e-01
   -8.77296e-01    -6.75232e-01

   -8.40841e-01    -7.31179e-01
   -8.77296e-01    -6.75232e-01

   -8.83762e-01    -6.57972e-01
   -8.83762e-01    -6.57972e-01

   -8.83762e-01    -6.57972e-01
   -8.93859e-01    -6.41408e-01

   -8.83762e-01    -6.57972e-01
   -8.93859e-01    -6.41408e-01

    9.01507e-01    -3.53198e-01
    8.99351e-01    -3.28986e-01

    8.99351e-01    -3.28986e-01
    8.99351e-01    -3.28986e-01

    9.02364e-01    -3.03918e-01
    8.99351e-01    -3.28986e-01

    9.06916e-01    -2.84113e-01
    9.02364e-01    -3.03918e-01

    9.06916e-01    -2.84113e-01
    9.13489e-01    -2.55517e-01

   -3.53198e-01     9.01507e-01
   -3.28986e-01     8.99351e-01

   -3.28986e-01     8.99351e-01
   -3.28986e-01     8.99351e-01

   -2.84113e-01     9.06916e-01
   -3.03918e-01     9.02364e-01

   -2.84113e-01     9.06916e-01
   -2.55517e-01     9.13489e-01

   -3.03918e-01     9.02364e-01
   -3.28986e-01     8.99351e-01

   -5.88907e-01    -9.17893e-01
   -5.48310e-01    -9.10803e-01

   -5.48310e-01    -9.10803e-01
   -5.88907e-01    -9.17893e-01

   -5.48310e-01    -9.10803e-01
   -5.48310e-01    -9.10803e-01

   -6.26195e-01    -9.00823e-01
   -6.41408e-01    -8.93859e-01

   -6.41408e-01    -8.93859e-01
   -6.26195e-01    -9.00823e-01

   -6.26195e-01    -9.00823e-01
   -6.26195e-01    -9.00823e-01

   -6.26195e-01    -9.00823e-01
   -5.88907e-01    -9.17893e-01

   -5.88907e-01    -9.17893e-01
   -5.88907e-01    -9.17893e-01

   -5.88907e-01    -9.17893e-01
   -6.26195e-01    -9.00823e-01

   -5.48310e-01    -9.10803e-01
   -5.48310e-01    -9.10803e-01

   -5.48310e-01    -9.10803e-01
   -5.07417e-01    -9.18189e-01

   -5.07417e-01    -9.18189e-01
   -5.48310e-01    -9.10803e-01

   -8.93859e-01    -6.41408e-01
   -9.00823e-01    -6.26195e-01

   -8.93859e-01    -6.41408e-01
   -9.00823e-01    -6.26195e-01

   -9.00823e-01    -6.26195e-01
   -9.00823e-01    -6.26195e-01

   -9.00823e-01    -6.26195e-01
   -9.17893e-01    -5.88907e-01

   -9.17893e-01    -5.88907e-01
   -9.17893e-01    -5.88907e-01

   -9.00823e-01    -6.26195e-01
   -9.17893e-01    -5.88907e-01

   -9.17893e-01    -5.88907e-01
   -9.10803e-01    -5.48310e-01

   -9.17893e-01    -5.88907e-01
   -9.10803e-01    -5.48310e-01

   -9.10803e-01    -5.48310e-01
   -9.10803e-01    -5.48310e-01

   -9.10803e-01    -5.48310e-01
   -9.10803e-01    -5.48310e-01

   -9.10803e-01    -5.48310e-01
   -9.18189e-01    -5.07417e-01

   -9.10803e-01    -5.48310e-01
   -9.18189e-01    -5.07417e-01

    9.13489e-01    -2.55517e-01
    9.25300e-01    -2.19324e-01

    9.25300e-01    -2.19324e-01
    9.25300e-01    -2.19324e-01

    9.28295e-01    -1.68325e-01
    9.25300e-01    -2.19324e-01

    9.28978e-01    -1.65227e-01
    9.28295e-01    -1.68325e-01

    9.28978e-01    -1.65227e-01
    9.29680e-01    -1.62046e-01

   -2.55517e-01     9.13489e-01
   -2.19324e-01     9.25300e-01

   -2.19324e-01     9.25300e-01
   -2.19324e-01     9.25300e-01

   -1.65227e-01     9.28978e-01
   -1.68325e-01     9.28295e-01

   -1.65227e-01     9.28978e-01
   -1.62046e-01     9.29680e-01

   -1.68325e-01     9.28295e-01
   -2.19324e-01     9.25300e-01

   -4.83904e-01    -9.22552e-01
   -4.38648e-01    -9.20473e-01

   -4.38648e-01    -9.20473e-01
   -4.83904e-01    -9.22552e-01

   -4.38648e-01    -9.20473e-01
   -4.38648e-01    -9.20473e-01

   -4.96256e-01    -9.20260e-01
   -5.07417e-01    -9.18189e-01

   -5.07417e-01    -9.18189e-01
   -4.96256e-01    -9.20260e-01

   -4.96256e-01    -9.20260e-01
   -4.96256e-01    -9.20260e-01

   -4.96256e-01    -9.20260e-01
   -4.83904e-01    -9.22552e-01

   -4.83904e-01    -9.22552e-01
   -4.83904e-01    -9.22552e-01

   -4.83904e-01    -9.22552e-01
   -4.96256e-01    -9.20260e-01

   -4.38648e-01    -9.20473e-01
   -4.38648e-01    -9.20473e-01

   -4.38648e-01    -9.20473e-01
   -4.38648e-01    -9.20473e-01

   -4.38648e-01    -9.20473e-01
   -4.02357e-01    -9.13587e-01

   -9.18189e-01    -5.07417e-01
   -9.20260e-01    -4.96256e-01

   -9.18189e-01    -5.07417e-01
   -9.20260e-01    -4.96256e-01

   -9.20260e-01    -4.96256e-01
   -9.20260e-01    -4.96256e-01

   -9.20260e-01    -4.96256e-01
   -9.22552e-01    -4.83904e-01

   -9.22552e-01    -4.83904e-01
   -9.22552e-01    -4.83904e-01

   -9.20260e-01    -4.96256e-01
   -9.22552e-01    -4.83904e-01

   -9.22552e-01    -4.83904e-01
   -9.20473e-01    -4.38648e-01

   -9.22552e-01    -4.83904e-01
   -9.20473e-01    -4.38648e-01

   -9.20473e-01    -4.38648e-01
   -9.20473e-01    -4.38648e-01

   -9.20473e-01    -4.38648e-01
   -9.20473e-01    -4.38648e-01

   -9.20473e-01    -4.38648e-01
   -9.20473e-01    -4.38648e-01

   -9.20473e-01    -4.38648e-01
   -9.13587e-01    -4.02356e-01

    9.48658e-01    -1.09662e-01
    9.29680e-01    -1.62046e-01

    9.48658e-01    -1.09662e-01
    9.48658e-01    -1.09662e-01

    9.48658e-01    -1.09662e-01
    9.48658e-01    -1.09662e-01

    9.48658e-01    -1.09662e-01
    9.48658e-01    -1.09662e-01

    9.48658e-01    -1.09662e-01
    9.48658e-01    -1.09662e-01

    9.48658e-01    -1.09662e-01
    9.45497e-01    -6.82012e-02

   -1.62046e-01     9.29680e-01
   -1.09662e-01     9.48658e-01

   -1.09662e-01     9.48658e-01
   -1.09662e-01     9.48658e-01

   -1.09662e-01     9.48658e-01
   -1.09662e-01     9.48658e-01

   -6.82012e-02     9.45497e-01
   -1.09662e-01     9.48658e-01

   -3.28986e-01    -8.99351e-01
   -3.53197e-01    -9.01507e-01

   -3.28986e-01    -8.99351e-01
   -3.53197e-01    -9.01507e-01

   -3.53197e-01    -9.01507e-01
   -3.53198e-01    -9.01507e-01

   -3.28986e-01    -8.99351e-01
   -3.28986e-01    -8.99351e-01

   -3.28986e-01    -8.99351e-01
   -3.28986e-01    -8.99351e-01

   -3.72870e-01    -9.06341e-01
   -3.53198e-01    -9.01507e-01

   -4.02356e-01    -9.13587e-01
   -4.02357e-01    -9.13587e-01

   -3.72870e-01    -9.06341e-01
   -4.02356e-01    -9.13587e-01

   -3.28986e-01    -8.99351e-01
   -3.28986e-01    -8.99351e-01

   -3.28986e-01    -8.99351e-01
   -3.28986e-01    -8.99351e-01

   -3.03918e-01    -9.02364e-01
   -3.28986e-01    -8.99351e-01

   -3.03918e-01    -9.02364e-01
   -3.28986e-01    -8.99351e-01

   -9.01507e-01    -3.53198e-01
   -9.06341e-01    -3.72870e-01

   -9.13587e-01    -4.02356e-01
   -9.13587e-01    -4.02356e-01

   -9.13587e-01    -4.02356e-01
   -9.06341e-01    -3.72870e-01

   -9.01507e-01    -3.53197e-01
   -8.99351e-01    -3.28986e-01

   -9.01507e-01    -3.53198e-01
   -9.01507e-01    -3.53198e-01

   -8.99351e-01    -3.28986e-01
   -9.01507e-01    -3.53197e-01

   -8.99351e-01    -3.28986e-01
   -8.99351e-01    -3.28986e-01

   -8.99351e-01    -3.28986e-01
   -8.99351e-01    -3.28986e-01

   -8.99351e-01    -3.28986e-01
   -8.99351e-01    -3.28986e-01

   -8.99351e-01    -3.28986e-01
   -8.99351e-01    -3.28986e-01

   -9.02364e-01    -3.03918e-01
   -8.99351e-01    -3.28986e-01

   -8.99351e-01    -3.28986e-01
   -9.02364e-01    -3.03918e-01

    9.46551e-01    -5.34374e-02
    9.45497e-01    -6.82012e-02

    9.46551e-01    -5.34374e-02
    9.47552e-01    -3.94056e-02

    9.56284e-01     0.00000e+00
    9.47552e-01    -3.94056e-02

    9.56284e-01     0.00000e+00
    9.56284e-01     0.00000e+00

    9.56284e-01     0.00000e+00
    9.56284e-01     0.00000e+00

    9.56284e-01     0.00000e+00
    9.47552e-01     3.94056e-02

    0.00000e+00     9.56284e-01
   -3.94056e-02     9.47552e-01

    0.00000e+00     9.56284e-01
    0.00000e+00     9.56284e-01

   -5.34374e-02     9.46551e-01
   -6.82012e-02     9.45497e-01

   -5.34374e-02     9.46551e-01
   -3.94056e-02     9.47552e-01

    0.00000e+00     9.56284e-01
    0.00000e+00     9.56284e-01

    0.00000e+00     9.56284e-01
    3.94056e-02     9.47552e-01

   -2.19324e-01    -9.25300e-01
   -2.19324e-01    -9.25300e-01

   -2.19324e-01    -9.25300e-01
   -2.55517e-01    -9.13489e-01

   -2.19324e-01    -9.25300e-01
   -2.19324e-01    -9.25300e-01

   -2.84113e-01    -9.06916e-01
   -3.03918e-01    -9.02364e-01

   -3.03918e-01    -9.02364e-01
   -2.84113e-01    -9.06916e-01

   -2.84113e-01    -9.06916e-01
   -2.84113e-01    -9.06916e-01

   -2.84113e-01    -9.06916e-01
   -2.84113e-01    -9.06916e-01

   -2.55517e-01    -9.13489e-01
   -2.55517e-01    -9.13489e-01

   -2.84113e-01    -9.06916e-01
   -2.55517e-01    -9.13489e-01

   -2.19324e-01    -9.25300e-01
   -2.19324e-01    -9.25300e-01

   -1.68324e-01    -9.28295e-01
   -2.19324e-01    -9.25300e-01

   -1.68324e-01    -9.28295e-01
   -2.19324e-01    -9.25300e-01

   -9.02364e-01    -3.03918e-01
   -9.06916e-01    -2.84113e-01

   -9.02364e-01    -3.03918e-01
   -9.06916e-01    -2.84113e-01

   -9.06916e-01    -2.84113e-01
   -9.06916e-01    -2.84113e-01

   -9.06916e-01    -2.84113e-01
   -9.06916e-01    -2.84113e-01

   -9.13489e-01    -2.55517e-01
   -9.13489e-01    -2.55517e-01

   -9.06916e-01    -2.84113e-01
   -9.13489e-01    -2.55517e-01

   -9.25300e-01    -2.19324e-01
   -9.25300e-01    -2.19324e-01

   -9.25300e-01    -2.19324e-01
   -9.13489e-01    -2.55517e-01

   -9.25300e-01    -2.19324e-01
   -9.25300e-01    -2.19324e-01

   -9.25300e-01    -2.19324e-01
   -9.25300e-01    -2.19324e-01

   -9.28295e-01    -1.68325e-01
   -9.25300e-01    -2.19324e-01

   -9.25300e-01    -2.19324e-01
   -9.28295e-01    -1.68325e-01

    9.46551e-01     5.34374e-02
    9.45497e-01     6.82012e-02

    9.46551e-01     5.34374e-02
    9.47552e-01     3.94056e-02

    9.45497e-01     6.82012e-02
    9.48658e-01     1.09662e-01

    9.48658e-01     1.09662e-01
    9.48658e-01     1.09662e-01

    9.48658e-01     1.09662e-01
    9.48658e-01     1.09662e-01

    9.29680e-01     1.62046e-01
    9.48658e-01     1.09662e-01

    9.28978e-01     1.65227e-01
    9.28295e-01     1.68325e-01

    9.28978e-01     1.65227e-01
    9.29680e-01     1.62046e-01

    6.82012e-02     9.45497e-01
    1.09662e-01     9.48658e-01

    5.34374e-02     9.46551e-01
    6.82012e-02     9.45497e-01

    5.34374e-02     9.46551e-01
    3.94056e-02     9.47552e-01

    1.09662e-01     9.48658e-01
    1.09662e-01     9.48658e-01

    1.09662e-01     9.48658e-01
    1.09662e-01     9.48658e-01

    1.65227e-01     9.28978e-01
    1.68325e-01     9.28295e-01

    1.65227e-01     9.28978e-01
    1.62046e-01     9.29680e-01

    1.62046e-01     9.29680e-01
    1.09662e-01     9.48658e-01

   -1.09662e-01    -9.59619e-01
   -1.34770e-01    -9.61849e-01

   -1.09662e-01    -9.59619e-01
   -1.09662e-01    -9.59619e-01

   -3.14379e-02    -9.55520e-01
   -5.69648e-02    -9.56743e-01

   -8.05793e-02    -9.57875e-01
   -5.69648e-02    -9.56743e-01

   -1.09662e-01    -9.59619e-01
   -8.05793e-02    -9.57875e-01

   -9.59619e-01    -1.09662e-01
   -9.61849e-01    -1.34770e-01

   -9.59619e-01    -1.09662e-01
   -9.59619e-01    -1.09662e-01

   -9.59619e-01    -1.09662e-01
   -9.57875e-01    -8.05793e-02

   -9.55520e-01    -3.14379e-02
   -9.56743e-01    -5.69648e-02

   -9.57875e-01    -8.05793e-02
   -9.56743e-01    -5.69648e-02

    9.65867e-01     1.73268e-01
    9.61849e-01     1.34770e-01

    9.65867e-01     1.73268e-01
    9.68777e-01     2.01143e-01

    9.68068e-01     2.19324e-01
    9.68777e-01     2.01143e-01

    9.68068e-01     2.19324e-01
    9.68068e-01     2.19324e-01

    9.68068e-01     2.19324e-01
    9.68068e-01     2.19324e-01

    9.68068e-01     2.19324e-01
    9.70151e-01     2.36131e-01

    2.19324e-01     9.68068e-01
    2.01143e-01     9.68777e-01

    2.19324e-01     9.68068e-01
    2.19324e-01     9.68068e-01

    1.73268e-01     9.65867e-01
    1.34770e-01     9.61849e-01

    1.73268e-01     9.65867e-01
    2.01143e-01     9.68777e-01

    2.19324e-01     9.68068e-01
    2.19324e-01     9.68068e-01

    2.19324e-01     9.68068e-01
    2.36131e-01     9.70151e-01

    0.00000e+00    -9.56285e-01
   -3.14379e-02    -9.55520e-01

    0.00000e+00    -9.56285e-01
    0.00000e+00    -9.56285e-01

    0.00000e+00    -9.56285e-01
    0.00000e+00    -9.56285e-01

    3.14379e-02    -9.55520e-01
    5.69648e-02    -9.56743e-01

    8.05793e-02    -9.57875e-01
    5.69648e-02    -9.56743e-01

    0.00000e+00    -9.56285e-01
    3.14379e-02    -9.55520e-01

   -9.56285e-01     0.00000e+00
   -9.55520e-01    -3.14379e-02

   -9.56285e-01     0.00000e+00
   -9.56285e-01     0.00000e+00

   -9.56285e-01     0.00000e+00
   -9.56285e-01     0.00000e+00

   -9.56285e-01     0.00000e+00
   -9.55520e-01     3.14379e-02

   -9.55520e-01     3.14379e-02
   -9.56743e-01     5.69647e-02

   -9.57875e-01     8.05792e-02
   -9.56743e-01     5.69647e-02

    9.76428e-01     2.94632e-01
    9.70151e-01     2.36131e-01

    9.76428e-01     2.94632e-01
    9.79291e-01     3.21319e-01

    9.78077e-01     3.28986e-01
    9.79291e-01     3.21319e-01

    9.78077e-01     3.28986e-01
    9.78077e-01     3.28986e-01

    9.78077e-01     3.28986e-01
    9.78931e-01     3.37013e-01

    3.28986e-01     9.78077e-01
    3.21319e-01     9.79291e-01

    3.28986e-01     9.78077e-01
    3.28986e-01     9.78077e-01

    2.94632e-01     9.76428e-01
    2.36131e-01     9.70151e-01

    2.94632e-01     9.76428e-01
    3.21319e-01     9.79291e-01

    3.28986e-01     9.78077e-01
    3.37013e-01     9.78931e-01

    1.09662e-01    -9.59619e-01
    8.05793e-02    -9.57875e-01

    1.09662e-01    -9.59619e-01
    1.09662e-01    -9.59619e-01

    1.34770e-01    -9.61849e-01
    1.73267e-01    -9.65868e-01

    2.01143e-01    -9.68777e-01
    1.73267e-01    -9.65868e-01

    1.09662e-01    -9.59619e-01
    1.34770e-01    -9.61849e-01

   -9.59619e-01     1.09662e-01
   -9.57875e-01     8.05792e-02

   -9.59619e-01     1.09662e-01
   -9.59619e-01     1.09662e-01

   -9.59619e-01     1.09662e-01
   -9.59619e-01     1.09662e-01

   -9.59619e-01     1.09662e-01
   -9.61849e-01     1.34770e-01

   -9.61849e-01     1.34770e-01
   -9.65868e-01     1.73267e-01

   -9.68777e-01     2.01143e-01
   -9.65868e-01     1.73267e-01

    9.83677e-01     4.16240e-01
    9.78931e-01     3.37013e-01

    9.83677e-01     4.16240e-01
    9.84896e-01     4.36586e-01

    9.84896e-01     4.36586e-01
    9.84161e-01     4.38648e-01

    9.84161e-01     4.38648e-01
    9.84161e-01     4.38648e-01

    9.84533e-01     4.41073e-01
    9.84161e-01     4.38648e-01

    4.36586e-01     9.84896e-01
    4.38648e-01     9.84161e-01

    4.16240e-01     9.83677e-01
    3.37013e-01     9.78931e-01

    4.16240e-01     9.83677e-01
    4.36586e-01     9.84896e-01

    4.38648e-01     9.84161e-01
    4.38648e-01     9.84161e-01

    4.41073e-01     9.84533e-01
    4.38648e-01     9.84161e-01

    2.19324e-01    -9.68068e-01
    2.01143e-01    -9.68777e-01

    2.19324e-01    -9.68068e-01
    2.19324e-01    -9.68068e-01

    2.36131e-01    -9.70151e-01
    2.94633e-01    -9.76428e-01

    3.21319e-01    -9.79291e-01
    2.94633e-01    -9.76428e-01

    2.19324e-01    -9.68068e-01
    2.36131e-01    -9.70151e-01

   -9.68068e-01     2.19324e-01
   -9.68777e-01     2.01143e-01

   -9.68068e-01     2.19324e-01
   -9.68068e-01     2.19324e-01

   -9.68068e-01     2.19324e-01
   -9.70151e-01     2.36131e-01

   -9.70151e-01     2.36131e-01
   -9.76428e-01     2.94633e-01

   -9.79291e-01     3.21319e-01
   -9.76428e-01     2.94633e-01

    9.83337e-01     4.66453e-01
    9.79819e-01     5.41171e-01

    9.83337e-01     4.66453e-01
    9.84533e-01     4.41073e-01

    9.81097e-01     5.48310e-01
    9.79819e-01     5.41171e-01

    9.81097e-01     5.48310e-01
    9.81097e-01     5.48310e-01

    9.81097e-01     5.48310e-01
    9.81097e-01     5.48310e-01

    9.81097e-01     5.48310e-01
    9.79145e-01     5.56123e-01

    5.48310e-01     9.81097e-01
    5.41171e-01     9.79819e-01

    5.48310e-01     9.81097e-01
    5.48310e-01     9.81097e-01

    4.66453e-01     9.83337e-01
    5.41171e-01     9.79819e-01

    4.66453e-01     9.83337e-01
    4.41073e-01     9.84533e-01

    5.48310e-01     9.81097e-01
    5.48310e-01     9.81097e-01

    5.48310e-01     9.81097e-01
    5.56123e-01     9.79145e-01

    3.28986e-01    -9.78077e-01
    3.21319e-01    -9.79291e-01

    3.28986e-01    -9.78077e-01
    3.28986e-01    -9.78077e-01

    3.37013e-01    -9.78931e-01
    4.16240e-01    -9.83677e-01

    4.36586e-01    -9.84896e-01
    4.16240e-01    -9.83677e-01

    3.28986e-01    -9.78077e-01
    3.37013e-01    -9.78931e-01

   -9.78077e-01     3.28986e-01
   -9.79291e-01     3.21319e-01

   -9.78077e-01     3.28986e-01
   -9.78077e-01     3.28986e-01

   -9.78077e-01     3.28986e-01
   -9.78931e-01     3.37013e-01

   -9.78931e-01     3.37013e-01
   -9.83677e-01     4.16240e-01

   -9.84896e-01     4.36586e-01
   -9.83677e-01     4.16240e-01

    9.75659e-01     5.78682e-01
    9.66561e-01     6.37575e-01

    9.75659e-01     5.78682e-01
    9.79145e-01     5.56123e-01

    9.69125e-01     6.57972e-01
    9.66561e-01     6.37575e-01

    9.69125e-01     6.57972e-01
    9.69125e-01     6.57972e-01

    9.69125e-01     6.57972e-01
    9.69125e-01     6.57972e-01

    9.69125e-01     6.57972e-01
    9.69125e-01     6.57972e-01

    9.69125e-01     6.57972e-01
    9.69125e-01     6.57972e-01

    9.69125e-01     6.57972e-01
    9.69125e-01     6.57972e-01

    9.69125e-01     6.57972e-01
    9.59676e-01     6.85254e-01

    6.57972e-01     9.69125e-01
    6.37575e-01     9.66561e-01

    6.57972e-01     9.69125e-01
    6.57972e-01     9.69125e-01

    6.57972e-01     9.69125e-01
    6.57972e-01     9.69125e-01

    5.78682e-01     9.75660e-01
    6.37575e-01     9.66561e-01

    5.78682e-01     9.75660e-01
    5.56123e-01     9.79145e-01

    6.57972e-01     9.69125e-01
    6.57972e-01     9.69125e-01

    6.57972e-01     9.69125e-01
    6.57972e-01     9.69125e-01

    6.57972e-01     9.69125e-01
    6.85254e-01     9.59676e-01

    6.57972e-01     9.69125e-01
    6.85254e-01     9.59676e-01

    4.38648e-01    -9.84161e-01
    4.36586e-01    -9.84896e-01

    4.38648e-01    -9.84161e-01
    4.38648e-01    -9.84161e-01

    5.41171e-01    -9.79819e-01
    4.66452e-01    -9.83337e-01

    4.41073e-01    -9.84533e-01
    4.66452e-01    -9.83337e-01

    4.38648e-01    -9.84161e-01
    4.41073e-01    -9.84533e-01

   -9.84161e-01     4.38648e-01
   -9.84896e-01     4.36586e-01

   -9.84161e-01     4.38648e-01
   -9.84161e-01     4.38648e-01

   -9.84161e-01     4.38648e-01
   -9.84533e-01     4.41073e-01

   -9.79819e-01     5.41171e-01
   -9.83338e-01     4.66452e-01

   -9.84533e-01     4.41073e-01
   -9.83338e-01     4.66452e-01

    5.48310e-01    -9.81097e-01
    5.41171e-01    -9.79819e-01

    5.48310e-01    -9.81097e-01
    5.48310e-01    -9.81097e-01

    5.48310e-01    -9.81097e-01
    5.48310e-01    -9.81097e-01

    6.37575e-01    -9.66561e-01
    5.78681e-01    -9.75660e-01

    5.56123e-01    -9.79145e-01
    5.78681e-01    -9.75660e-01

    5.48310e-01    -9.81097e-01
    5.56123e-01    -9.79145e-01

   -9.81098e-01     5.48310e-01
   -9.79819e-01     5.41171e-01

   -9.81098e-01     5.48310e-01
   -9.81098e-01     5.48310e-01

   -9.81098e-01     5.48310e-01
   -9.79145e-01     5.56123e-01

   -9.66561e-01     6.37575e-01
   -9.75660e-01     5.78681e-01

   -9.79145e-01     5.56123e-01
   -9.75660e-01     5.78681e-01

    6.57972e-01    -9.69125e-01
    6.37575e-01    -9.66561e-01

    6.57972e-01    -9.69125e-01
    6.57972e-01    -9.69125e-01

    6.57972e-01    -9.69125e-01
    6.57972e-01    -9.69125e-01

    6.72769e-01    -9.64000e-01
    6.85254e-01    -9.59676e-01

    6.57972e-01    -9.69125e-01
    6.72769e-01    -9.64000e-01

   -9.69125e-01     6.57972e-01
   -9.66561e-01     6.37575e-01

   -9.69125e-01     6.57972e-01
   -9.69125e-01     6.57972e-01

   -9.69125e-01     6.57972e-01
   -9.69125e-01     6.57972e-01

   -9.69125e-01     6.57972e-01
   -9.59676e-01     6.85254e-01

    9.69125e-01    -6.57972e-01
    9.59676e-01    -6.85254e-01

    9.69125e-01    -6.57972e-01
    9.69125e-01    -6.57972e-01

    9.69125e-01    -6.57972e-01
    9.69125e-01    -6.57972e-01

    9.66561e-01    -6.37575e-01
    9.69125e-01    -6.57972e-01

   -6.72769e-01     9.64000e-01
   -6.57972e-01     9.69125e-01

   -6.85254e-01     9.59676e-01
   -6.72769e-01     9.64000e-01

   -6.57972e-01     9.69125e-01
   -6.57972e-01     9.69125e-01

   -6.57972e-01     9.69125e-01
   -6.57972e-01     9.69125e-01

   -6.37575e-01     9.66561e-01
   -6.57972e-01     9.69125e-01

    9.75660e-01    -5.78681e-01
    9.66561e-01    -6.37575e-01

    9.75660e-01    -5.78681e-01
    9.79145e-01    -5.56123e-01

    9.79145e-01    -5.56123e-01
    9.81098e-01    -5.48310e-01

    9.81098e-01    -5.48310e-01
    9.81098e-01    -5.48310e-01

    9.79819e-01    -5.41171e-01
    9.81098e-01    -5.48310e-01

   -5.48310e-01     9.81097e-01
   -5.56123e-01     9.79145e-01

   -5.48310e-01     9.81097e-01
   -5.48310e-01     9.81097e-01

   -5.78681e-01     9.75660e-01
   -6.37575e-01     9.66561e-01

   -5.78681e-01     9.75660e-01
   -5.56123e-01     9.79145e-01

   -5.48310e-01     9.81097e-01
   -5.48310e-01     9.81097e-01

   -5.48310e-01     9.81097e-01
   -5.41171e-01     9.79819e-01

    9.83338e-01    -4.66452e-01
    9.79819e-01    -5.41171e-01

    9.83338e-01    -4.66452e-01
    9.84533e-01    -4.41073e-01

    9.84533e-01    -4.41073e-01
    9.84161e-01    -4.38648e-01

    9.84161e-01    -4.38648e-01
    9.84161e-01    -4.38648e-01

    9.84896e-01    -4.36586e-01
    9.84161e-01    -4.38648e-01

   -4.41073e-01     9.84533e-01
   -4.38648e-01     9.84161e-01

   -4.66452e-01     9.83337e-01
   -5.41171e-01     9.79819e-01

   -4.66452e-01     9.83337e-01
   -4.41073e-01     9.84533e-01

   -4.38648e-01     9.84161e-01
   -4.38648e-01     9.84161e-01

   -4.36586e-01     9.84896e-01
   -4.38648e-01     9.84161e-01

   -6.85254e-01    -9.59676e-01
   -6.57972e-01    -9.69125e-01

   -6.57972e-01    -9.69125e-01
   -6.85254e-01    -9.59676e-01

   -6.57972e-01    -9.69125e-01
   -6.57972e-01    -9.69125e-01

   -6.57972e-01    -9.69125e-01
   -6.57972e-01    -9.69125e-01

   -6.57972e-01    -9.69125e-01
   -6.57972e-01    -9.69125e-01

   -6.57972e-01    -9.69125e-01
   -6.57972e-01    -9.69125e-01

   -5.78681e-01    -9.75659e-01
   -6.37575e-01    -9.66561e-01

   -5.78681e-01    -9.75659e-01
   -6.37575e-01    -9.66561e-01

   -6.37575e-01    -9.66561e-01
   -6.37575e-01    -9.66561e-01

   -5.56123e-01    -9.79145e-01
   -5.78681e-01    -9.75659e-01

   -5.78681e-01    -9.75659e-01
   -5.78681e-01    -9.75659e-01

   -5.78681e-01    -9.75659e-01
   -5.56123e-01    -9.79145e-01

   -6.37575e-01    -9.66561e-01
   -6.57972e-01    -9.69125e-01

   -6.57972e-01    -9.69125e-01
   -6.37575e-01    -9.66561e-01

   -9.59675e-01    -6.85254e-01
   -9.69125e-01    -6.57972e-01

   -9.59675e-01    -6.85254e-01
   -9.69125e-01    -6.57972e-01

   -9.69125e-01    -6.57972e-01
   -9.69125e-01    -6.57972e-01

   -9.69125e-01    -6.57972e-01
   -9.69125e-01    -6.57972e-01

   -9.69125e-01    -6.57972e-01
   -9.69125e-01    -6.57972e-01

   -9.69125e-01    -6.57972e-01
   -9.69125e-01    -6.57972e-01

   -9.69125e-01    -6.57972e-01
   -9.66561e-01    -6.37575e-01

   -9.66561e-01    -6.37575e-01
   -9.69125e-01    -6.57972e-01

   -9.66561e-01    -6.37575e-01
   -9.75659e-01    -5.78681e-01

   -9.75659e-01    -5.78681e-01
   -9.66561e-01    -6.37575e-01

   -9.66561e-01    -6.37575e-01
   -9.66561e-01    -6.37575e-01

   -9.75659e-01    -5.78681e-01
   -9.79145e-01    -5.56123e-01

   -9.75659e-01    -5.78681e-01
   -9.75659e-01    -5.78681e-01

   -9.79145e-01    -5.56123e-01
   -9.75659e-01    -5.78681e-01

    9.83677e-01    -4.16240e-01
    9.78931e-01    -3.37013e-01

    9.83677e-01    -4.16240e-01
    9.84896e-01    -4.36586e-01

    9.78931e-01    -3.37013e-01
    9.78077e-01    -3.28986e-01

    9.78077e-01    -3.28986e-01
    9.78077e-01    -3.28986e-01

    9.79291e-01    -3.21319e-01
    9.78077e-01    -3.28986e-01

   -3.37013e-01     9.78931e-01
   -3.28986e-01     9.78077e-01

   -4.16240e-01     9.83677e-01
   -3.37013e-01     9.78931e-01

   -4.16240e-01     9.83677e-01
   -4.36586e-01     9.84896e-01

   -3.28986e-01     9.78077e-01
   -3.28986e-01     9.78077e-01

   -3.21319e-01     9.79291e-01
   -3.28986e-01     9.78077e-01

   -5.56123e-01    -9.79145e-01
   -5.48310e-01    -9.81097e-01

   -5.48310e-01    -9.81097e-01
   -5.56123e-01    -9.79145e-01

   -5.48310e-01    -9.81097e-01
   -5.48310e-01    -9.81097e-01

   -5.48310e-01    -9.81097e-01
   -5.48310e-01    -9.81097e-01

   -4.66452e-01    -9.83337e-01
   -5.41171e-01    -9.79819e-01

   -4.66452e-01    -9.83337e-01
   -5.41171e-01    -9.79819e-01

   -5.41171e-01    -9.79819e-01
   -5.41171e-01    -9.79819e-01

   -4.41073e-01    -9.84533e-01
   -4.66452e-01    -9.83337e-01

   -4.66452e-01    -9.83337e-01
   -4.66452e-01    -9.83337e-01

   -4.66452e-01    -9.83337e-01
   -4.41073e-01    -9.84533e-01

   -5.41171e-01    -9.79819e-01
   -5.48310e-01    -9.81097e-01

   -5.48310e-01    -9.81097e-01
   -5.41171e-01    -9.79819e-01

   -9.79145e-01    -5.56123e-01
   -9.81097e-01    -5.48310e-01

   -9.79145e-01    -5.56123e-01
   -9.81097e-01    -5.48310e-01

   -9.81097e-01    -5.48310e-01
   -9.81097e-01    -5.48310e-01

   -9.81097e-01    -5.48310e-01
   -9.81097e-01    -5.48310e-01

   -9.81097e-01    -5.48310e-01
   -9.79819e-01    -5.41171e-01

   -9.79819e-01    -5.41171e-01
   -9.81097e-01    -5.48310e-01

   -9.79819e-01    -5.41171e-01
   -9.83337e-01    -4.66452e-01

   -9.83337e-01    -4.66452e-01
   -9.79819e-01    -5.41171e-01

   -9.79819e-01    -5.41171e-01
   -9.79819e-01    -5.41171e-01

   -9.83337e-01    -4.66452e-01
   -9.84533e-01    -4.41073e-01

   -9.83337e-01    -4.66452e-01
   -9.83337e-01    -4.66452e-01

   -9.84533e-01    -4.41073e-01
   -9.83337e-01    -4.66452e-01

    9.76428e-01    -2.94633e-01
    9.70151e-01    -2.36131e-01

    9.76428e-01    -2.94633e-01
    9.79291e-01    -3.21319e-01

    9.70151e-01    -2.36131e-01
    9.68068e-01    -2.19324e-01

    9.68068e-01    -2.19324e-01
    9.68068e-01    -2.19324e-01

    9.68777e-01    -2.01143e-01
    9.68068e-01    -2.19324e-01

   -2.36131e-01     9.70151e-01
   -2.19324e-01     9.68068e-01

   -2.94633e-01     9.76428e-01
   -2.36131e-01     9.70151e-01

   -2.94633e-01     9.76428e-01
   -3.21319e-01     9.79291e-01

   -2.19324e-01     9.68068e-01
   -2.19324e-01     9.68068e-01

   -2.01143e-01     9.68777e-01
   -2.19324e-01     9.68068e-01

   -4.41073e-01    -9.84533e-01
   -4.41073e-01    -9.84533e-01

   -4.41073e-01    -9.84533e-01
   -4.41073e-01    -9.84533e-01

   -3.37013e-01    -9.78931e-01
   -4.16240e-01    -9.83677e-01

   -3.37013e-01    -9.78931e-01
   -3.37013e-01    -9.78931e-01

   -3.37013e-01    -9.78931e-01
   -3.37013e-01    -9.78931e-01

   -4.36586e-01    -9.84896e-01
   -4.36586e-01    -9.84896e-01

   -4.36586e-01    -9.84896e-01
   -4.36586e-01    -9.84896e-01

   -4.16242e-01    -9.83677e-01
   -4.16242e-01    -9.83677e-01

   -4.16242e-01    -9.83677e-01
   -4.16240e-01    -9.83677e-01

   -4.36586e-01    -9.84896e-01
   -4.16242e-01    -9.83677e-01

   -4.36586e-01    -9.84896e-01
   -4.36586e-01    -9.84896e-01

   -4.36586e-01    -9.84896e-01
   -4.36586e-01    -9.84896e-01

   -4.36586e-01    -9.84896e-01
   -4.36586e-01    -9.84896e-01

   -9.84533e-01    -4.41073e-01
   -9.84533e-01    -4.41073e-01

   -9.84533e-01    -4.41073e-01
   -9.84533e-01    -4.41073e-01

   -9.84896e-01    -4.36586e-01
   -9.84896e-01    -4.36586e-01

   -9.84896e-01    -4.36586e-01
   -9.84896e-01    -4.36586e-01

   -9.78931e-01    -3.37013e-01
   -9.83677e-01    -4.16240e-01

   -9.78931e-01    -3.37013e-01
   -9.78931e-01    -3.37013e-01

   -9.78931e-01    -3.37013e-01
   -9.78931e-01    -3.37013e-01

   -9.84896e-01    -4.36586e-01
   -9.84896e-01    -4.36586e-01

   -9.84896e-01    -4.36586e-01
   -9.84896e-01    -4.36586e-01

   -9.83678e-01    -4.16242e-01
   -9.83678e-01    -4.16242e-01

   -9.83678e-01    -4.16242e-01
   -9.83677e-01    -4.16240e-01

   -9.84896e-01    -4.36586e-01
   -9.83678e-01    -4.16242e-01

   -9.84896e-01    -4.36586e-01
   -9.84896e-01    -4.36586e-01

    9.65868e-01    -1.73267e-01
    9.61849e-01    -1.34770e-01

    9.65868e-01    -1.73267e-01
    9.68777e-01    -2.01143e-01

    9.59619e-01    -1.09662e-01
    9.61849e-01    -1.34770e-01

    9.59619e-01    -1.09662e-01
    9.59619e-01    -1.09662e-01

    9.59619e-01    -1.09662e-01
    9.59619e-01    -1.09662e-01

    9.59619e-01    -1.09662e-01
    9.57875e-01    -8.05792e-02

   -1.34770e-01     9.61849e-01
   -1.09662e-01     9.59619e-01

   -1.73267e-01     9.65868e-01
   -1.34770e-01     9.61849e-01

   -1.73267e-01     9.65868e-01
   -2.01143e-01     9.68777e-01

   -1.09662e-01     9.59619e-01
   -1.09662e-01     9.59619e-01

   -8.05793e-02     9.57875e-01
   -1.09662e-01     9.59619e-01

   -3.37013e-01    -9.78931e-01
   -3.28986e-01    -9.78077e-01

   -3.37013e-01    -9.78931e-01
   -3.37013e-01    -9.78931e-01

   -3.28986e-01    -9.78077e-01
   -3.28986e-01    -9.78077e-01

   -2.94632e-01    -9.76428e-01
   -2.36131e-01    -9.70151e-01

   -2.94632e-01    -9.76428e-01
   -2.36131e-01    -9.70151e-01

   -2.36131e-01    -9.70151e-01
   -2.36131e-01    -9.70151e-01

   -3.21319e-01    -9.79291e-01
   -2.94632e-01    -9.76428e-01

   -2.94632e-01    -9.76428e-01
   -2.94632e-01    -9.76428e-01

   -2.94632e-01    -9.76428e-01
   -3.21319e-01    -9.79291e-01

   -3.21319e-01    -9.79291e-01
   -3.28986e-01    -9.78077e-01

   -3.21319e-01    -9.79291e-01
   -3.21319e-01    -9.79291e-01

   -9.78931e-01    -3.37013e-01
   -9.78077e-01    -3.28986e-01

   -9.78931e-01    -3.37013e-01
   -9.78931e-01    -3.37013e-01

   -9.78077e-01    -3.28986e-01
   -9.78077e-01    -3.28986e-01

   -9.79291e-01    -3.21319e-01
   -9.78077e-01    -3.28986e-01

   -9.79291e-01    -3.21319e-01
   -9.79291e-01    -3.21319e-01

   -9.70151e-01    -2.36131e-01
   -9.76428e-01    -2.94632e-01

   -9.76428e-01    -2.94632e-01
   -9.70151e-01    -2.36131e-01

   -9.70151e-01    -2.36131e-01
   -9.70151e-01    -2.36131e-01

   -9.79291e-01    -3.21319e-01
   -9.76428e-01    -2.94632e-01

   -9.76428e-01    -2.94632e-01
   -9.76428e-01    -2.94632e-01

   -9.79291e-01    -3.21319e-01
   -9.76428e-01    -2.94632e-01

    9.56743e-01    -5.69647e-02
    9.55520e-01    -3.14379e-02

    9.56743e-01    -5.69647e-02
    9.57875e-01    -8.05792e-02

    9.56285e-01     0.00000e+00
    9.55520e-01    -3.14379e-02

    9.56285e-01     0.00000e+00
    9.56285e-01     0.00000e+00

    9.56285e-01     0.00000e+00
    9.56285e-01     0.00000e+00

    9.56285e-01     0.00000e+00
    9.55520e-01     3.14379e-02

    0.00000e+00     9.56285e-01
   -3.14379e-02     9.55520e-01

    0.00000e+00     9.56285e-01
    0.00000e+00     9.56285e-01

   -5.69648e-02     9.56743e-01
   -3.14379e-02     9.55520e-01

   -5.69648e-02     9.56743e-01
   -8.05793e-02     9.57875e-01

    0.00000e+00     9.56285e-01
    0.00000e+00     9.56285e-01

    0.00000e+00     9.56285e-01
    3.14379e-02     9.55520e-01

   -2.36131e-01    -9.70151e-01
   -2.19324e-01    -9.68068e-01

   -2.19324e-01    -9.68068e-01
   -2.36131e-01    -9.70151e-01

   -2.19324e-01    -9.68068e-01
   -2.19324e-01    -9.68068e-01

   -2.19324e-01    -9.68068e-01
   -2.19324e-01    -9.68068e-01

   -1.34770e-01    -9.61849e-01
   -1.73267e-01    -9.65868e-01

   -1.34770e-01    -9.61849e-01
   -1.34770e-01    -9.61849e-01

   -1.34770e-01    -9.61849e-01
   -1.34770e-01    -9.61849e-01

   -2.01143e-01    -9.68777e-01
   -2.01143e-01    -9.68777e-01

   -1.73268e-01    -9.65868e-01
   -1.73267e-01    -9.65868e-01

   -2.01143e-01    -9.68777e-01
   -1.73268e-01    -9.65868e-01

   -2.01143e-01    -9.68777e-01
   -2.19324e-01    -9.68068e-01

   -2.01143e-01    -9.68777e-01
   -2.19324e-01    -9.68068e-01

   -9.70151e-01    -2.36131e-01
   -9.68068e-01    -2.19324e-01

   -9.70151e-01    -2.36131e-01
   -9.68068e-01    -2.19324e-01

   -9.68068e-01    -2.19324e-01
   -9.68068e-01    -2.19324e-01

   -9.68068e-01    -2.19324e-01
   -9.68068e-01    -2.19324e-01

   -9.68777e-01    -2.01143e-01
   -9.68068e-01    -2.19324e-01

   -9.68068e-01    -2.19324e-01
   -9.68777e-01    -2.01143e-01

   -9.61849e-01    -1.34770e-01
   -9.65868e-01    -1.73267e-01

   -9.61849e-01    -1.34770e-01
   -9.61849e-01    -1.34770e-01

   -9.61849e-01    -1.34770e-01
   -9.61849e-01    -1.34770e-01

   -9.68777e-01    -2.01143e-01
   -9.68777e-01    -2.01143e-01

   -9.65868e-01    -1.73268e-01
   -9.65868e-01    -1.73267e-01

   -9.68777e-01    -2.01143e-01
   -9.65868e-01    -1.73268e-01

    9.56743e-01     5.69648e-02
    9.55520e-01     3.14379e-02

    9.56743e-01     5.69648e-02
    9.57875e-01     8.05793e-02

    9.57875e-01     8.05793e-02
    9.59619e-01     1.09662e-01

    9.59619e-01     1.09662e-01
    9.59619e-01     1.09662e-01

    9.61849e-01     1.34770e-01
    9.59619e-01     1.09662e-01

    8.05793e-02     9.57875e-01
    1.09662e-01     9.59619e-01

    5.69648e-02     9.56743e-01
    3.14379e-02     9.55520e-01

    5.69648e-02     9.56743e-01
    8.05793e-02     9.57875e-01

    1.09662e-01     9.59619e-01
    1.09662e-01     9.59619e-01

    1.34770e-01     9.61849e-01
    1.09662e-01     9.59619e-01

