   -2.19324e-01    -8.61328e-01
   -2.34527e-01    -8.62093e-01

   -2.19324e-01    -8.61328e-01
   -2.19324e-01    -8.61328e-01

   -1.42107e-01    -8.44850e-01
   -1.73411e-01    -8.50127e-01

   -1.95956e-01    -8.53928e-01
   -1.73411e-01    -8.50127e-01

   -2.19324e-01    -8.61328e-01
   -1.95956e-01    -8.53928e-01

   -8.62093e-01    -2.34527e-01
   -8.61328e-01    -2.19324e-01

   -8.61328e-01    -2.19324e-01
   -8.61328e-01    -2.19324e-01

   -8.53927e-01    -1.95956e-01
   -8.61328e-01    -2.19324e-01

   -8.44850e-01    -1.42108e-01
   -8.50127e-01    -1.73410e-01

   -8.53927e-01    -1.95956e-01
   -8.50127e-01    -1.73410e-01

    8.69620e-01     3.01302e-01
    8.62093e-01     2.34527e-01

    8.69620e-01     3.01302e-01
    8.72162e-01     3.23852e-01

    8.72536e-01     3.28986e-01
    8.72162e-01     3.23852e-01

    8.72536e-01     3.28986e-01
    8.72536e-01     3.28986e-01

    8.72536e-01     3.28986e-01
    8.72536e-01     3.28986e-01

    8.72536e-01     3.28986e-01
    8.64754e-01     3.41527e-01

    3.28986e-01     8.72536e-01
    3.23852e-01     8.72162e-01

    3.28986e-01     8.72536e-01
    3.28986e-01     8.72536e-01

    3.01302e-01     8.69620e-01
    2.34527e-01     8.62093e-01

    3.01302e-01     8.69620e-01
    3.23852e-01     8.72162e-01

    3.28986e-01     8.72536e-01
    3.28986e-01     8.72536e-01

    3.28986e-01     8.72536e-01
    3.41527e-01     8.64754e-01

   -1.42107e-01    -8.44850e-01
   -1.09662e-01    -8.40864e-01

   -1.09662e-01    -8.40864e-01
   -1.09662e-01    -8.40864e-01

   -4.73396e-02    -8.29956e-01
   -5.54481e-02    -8.30489e-01

   -6.33761e-02    -8.31010e-01
   -5.54481e-02    -8.30489e-01

   -6.33761e-02    -8.31010e-01
   -1.09662e-01    -8.40864e-01

   -8.40864e-01    -1.09662e-01
   -8.44850e-01    -1.42108e-01

   -8.40864e-01    -1.09662e-01
   -8.40864e-01    -1.09662e-01

   -8.40864e-01    -1.09662e-01
   -8.40864e-01    -1.09662e-01

   -8.40864e-01    -1.09662e-01
   -8.31010e-01    -6.33761e-02

   -8.29956e-01    -4.73396e-02
   -8.30489e-01    -5.54481e-02

   -8.31010e-01    -6.33761e-02
   -8.30489e-01    -5.54481e-02

    8.58272e-01     3.55476e-01
    8.37918e-01     3.99270e-01

    8.58272e-01     3.55476e-01
    8.64754e-01     3.41527e-01

    8.27531e-01     4.38648e-01
    8.37918e-01     3.99270e-01

    8.27531e-01     4.38648e-01
    8.27531e-01     4.38648e-01

    8.27531e-01     4.38648e-01
    8.27531e-01     4.38648e-01

    7.67634e-01     5.31114e-01
    7.58758e-01     5.39434e-01

    7.67634e-01     5.31114e-01
    7.67634e-01     5.31114e-01

    7.58758e-01     5.39434e-01
    7.55583e-01     5.48310e-01

    8.27531e-01     4.38648e-01
    8.27531e-01     4.38648e-01

    8.27531e-01     4.38648e-01
    8.27531e-01     4.38648e-01

    7.67634e-01     5.31114e-01
    7.67634e-01     5.31114e-01

    8.27531e-01     4.38648e-01
    8.03716e-01     4.74730e-01

    7.67634e-01     5.31114e-01
    8.03716e-01     4.74730e-01

    7.55583e-01     5.48310e-01
    7.55583e-01     5.48310e-01

    7.06007e-01     5.96345e-01
    7.55583e-01     5.48310e-01

    6.73190e-01     6.40601e-01
    6.67013e-01     6.48931e-01

    6.73190e-01     6.40601e-01
    7.06007e-01     5.96345e-01

    5.39434e-01     7.58758e-01
    5.48310e-01     7.55583e-01

    5.31114e-01     7.67634e-01
    5.39434e-01     7.58758e-01

    5.31114e-01     7.67634e-01
    5.31114e-01     7.67634e-01

    5.48310e-01     7.55583e-01
    5.48310e-01     7.55583e-01

    6.40601e-01     6.73190e-01
    6.48931e-01     6.67013e-01

    6.40601e-01     6.73190e-01
    5.96345e-01     7.06007e-01

    5.96345e-01     7.06007e-01
    5.48310e-01     7.55583e-01

    4.38648e-01     8.27531e-01
    3.99270e-01     8.37918e-01

    4.38648e-01     8.27531e-01
    4.38648e-01     8.27531e-01

    4.38648e-01     8.27531e-01
    4.38648e-01     8.27531e-01

    3.55476e-01     8.58272e-01
    3.99270e-01     8.37918e-01

    3.55476e-01     8.58272e-01
    3.41527e-01     8.64754e-01

    5.31114e-01     7.67634e-01
    5.31114e-01     7.67634e-01

    4.38648e-01     8.27531e-01
    4.38648e-01     8.27531e-01

    4.38648e-01     8.27531e-01
    4.38648e-01     8.27531e-01

    5.31114e-01     7.67634e-01
    4.74730e-01     8.03716e-01

    4.38648e-01     8.27531e-01
    4.74730e-01     8.03716e-01

    0.00000e+00    -8.32013e-01
   -4.73396e-02    -8.29956e-01

    0.00000e+00    -8.32013e-01
    0.00000e+00    -8.32013e-01

    0.00000e+00    -8.32013e-01
    0.00000e+00    -8.32013e-01

    4.73396e-02    -8.29956e-01
    5.54481e-02    -8.30489e-01

    6.33761e-02    -8.31010e-01
    5.54481e-02    -8.30489e-01

    0.00000e+00    -8.32013e-01
    4.73396e-02    -8.29956e-01

   -8.32013e-01     0.00000e+00
   -8.29956e-01    -4.73396e-02

   -8.32013e-01     0.00000e+00
   -8.32013e-01     0.00000e+00

   -8.32013e-01     0.00000e+00
   -8.32013e-01     0.00000e+00

   -8.32013e-01     0.00000e+00
   -8.29956e-01     4.73396e-02

   -8.29956e-01     4.73396e-02
   -8.30489e-01     5.54481e-02

   -8.31010e-01     6.33761e-02
   -8.30489e-01     5.54481e-02

    6.61307e-01     6.57972e-01
    6.67013e-01     6.48931e-01

    6.61307e-01     6.57972e-01
    6.61307e-01     6.57972e-01

    6.57972e-01     6.61307e-01
    6.48931e-01     6.67013e-01

    6.57972e-01     6.61307e-01
    6.57972e-01     6.61307e-01

    6.61307e-01     6.57972e-01
    6.61307e-01     6.57972e-01

    6.57972e-01     6.61307e-01
    6.57972e-01     6.61307e-01

    6.61307e-01     6.57972e-01
    6.59645e-01     6.59645e-01

    6.57972e-01     6.61307e-01
    6.59645e-01     6.59645e-01

    1.09662e-01    -8.40864e-01
    6.33761e-02    -8.31010e-01

    1.09662e-01    -8.40864e-01
    1.09662e-01    -8.40864e-01

    1.42107e-01    -8.44850e-01
    1.73411e-01    -8.50127e-01

    1.95956e-01    -8.53927e-01
    1.73411e-01    -8.50127e-01

    1.09662e-01    -8.40864e-01
    1.42107e-01    -8.44850e-01

   -8.40864e-01     1.09662e-01
   -8.31010e-01     6.33761e-02

   -8.40864e-01     1.09662e-01
   -8.40864e-01     1.09662e-01

   -8.40864e-01     1.09662e-01
   -8.40864e-01     1.09662e-01

   -8.40864e-01     1.09662e-01
   -8.44850e-01     1.42107e-01

   -8.44850e-01     1.42107e-01
   -8.50127e-01     1.73411e-01

   -8.53928e-01     1.95956e-01
   -8.50127e-01     1.73411e-01

    2.19324e-01    -8.61328e-01
    1.95956e-01    -8.53927e-01

    2.19324e-01    -8.61328e-01
    2.19324e-01    -8.61328e-01

    2.34527e-01    -8.62093e-01
    3.01303e-01    -8.69620e-01

    3.23852e-01    -8.72162e-01
    3.01303e-01    -8.69620e-01

    2.19324e-01    -8.61328e-01
    2.34527e-01    -8.62093e-01

   -8.61328e-01     2.19324e-01
   -8.53928e-01     1.95956e-01

   -8.61328e-01     2.19324e-01
   -8.61328e-01     2.19324e-01

   -8.61328e-01     2.19324e-01
   -8.62093e-01     2.34527e-01

   -8.62093e-01     2.34527e-01
   -8.69620e-01     3.01303e-01

   -8.72162e-01     3.23852e-01
   -8.69620e-01     3.01303e-01

    3.28986e-01    -8.72536e-01
    3.23852e-01    -8.72162e-01

    3.28986e-01    -8.72536e-01
    3.28986e-01    -8.72536e-01

    3.99270e-01    -8.37918e-01
    3.55476e-01    -8.58272e-01

    3.41527e-01    -8.64754e-01
    3.55476e-01    -8.58272e-01

    3.28986e-01    -8.72536e-01
    3.41527e-01    -8.64754e-01

   -8.72536e-01     3.28986e-01
   -8.72162e-01     3.23852e-01

   -8.72536e-01     3.28986e-01
   -8.72536e-01     3.28986e-01

   -8.72536e-01     3.28986e-01
   -8.64754e-01     3.41527e-01

   -8.37918e-01     3.99270e-01
   -8.58272e-01     3.55476e-01

   -8.64754e-01     3.41527e-01
   -8.58272e-01     3.55476e-01

    4.38648e-01    -8.27531e-01
    3.99270e-01    -8.37918e-01

    4.38648e-01    -8.27531e-01
    4.38648e-01    -8.27531e-01

    4.38648e-01    -8.27531e-01
    4.38648e-01    -8.27531e-01

    4.38648e-01    -8.27531e-01
    4.38648e-01    -8.27531e-01

    4.38648e-01    -8.27531e-01
    4.38648e-01    -8.27531e-01

    4.38648e-01    -8.27531e-01
    4.74730e-01    -8.03716e-01

   -8.27531e-01     4.38648e-01
   -8.37918e-01     3.99270e-01

   -8.27531e-01     4.38648e-01
   -8.27531e-01     4.38648e-01

   -8.27531e-01     4.38648e-01
   -8.27531e-01     4.38648e-01

   -8.27531e-01     4.38648e-01
   -8.27531e-01     4.38648e-01

   -8.27531e-01     4.38648e-01
   -8.27531e-01     4.38648e-01

   -8.27531e-01     4.38648e-01
   -8.03716e-01     4.74730e-01

    5.31114e-01    -7.67634e-01
    4.74730e-01    -8.03716e-01

    5.31114e-01    -7.67634e-01
    5.31114e-01    -7.67634e-01

    5.31114e-01    -7.67634e-01
    5.31114e-01    -7.67634e-01

    5.31114e-01    -7.67634e-01
    5.39434e-01    -7.58758e-01

   -7.67634e-01     5.31114e-01
   -8.03716e-01     4.74730e-01

   -7.67634e-01     5.31114e-01
   -7.67634e-01     5.31114e-01

   -7.67634e-01     5.31114e-01
   -7.67634e-01     5.31114e-01

   -7.67634e-01     5.31114e-01
   -7.58758e-01     5.39434e-01

    5.39434e-01    -7.58758e-01
    5.48310e-01    -7.55583e-01

    5.48310e-01    -7.55583e-01
    5.48310e-01    -7.55583e-01

    5.96345e-01    -7.06007e-01
    5.48310e-01    -7.55583e-01

   -7.58758e-01     5.39434e-01
   -7.55583e-01     5.48310e-01

   -7.55583e-01     5.48310e-01
   -7.55583e-01     5.48310e-01

   -7.06007e-01     5.96345e-01
   -7.55583e-01     5.48310e-01

    6.57972e-01    -6.61307e-01
    6.48931e-01    -6.67013e-01

    6.57972e-01    -6.61307e-01
    6.57972e-01    -6.61307e-01

    6.40601e-01    -6.73190e-01
    6.48931e-01    -6.67013e-01

    6.40601e-01    -6.73190e-01
    5.96345e-01    -7.06007e-01

    6.57972e-01    -6.61307e-01
    6.57972e-01    -6.61307e-01

    6.57972e-01    -6.61307e-01
    6.59645e-01    -6.59645e-01

   -6.73190e-01     6.40601e-01
   -6.67013e-01     6.48931e-01

   -6.73190e-01     6.40601e-01
   -7.06007e-01     5.96345e-01

   -6.61307e-01     6.57972e-01
   -6.67013e-01     6.48931e-01

   -6.61307e-01     6.57972e-01
   -6.61307e-01     6.57972e-01

   -6.61307e-01     6.57972e-01
   -6.61307e-01     6.57972e-01

   -6.61307e-01     6.57972e-01
   -6.59645e-01     6.59645e-01

    6.61307e-01    -6.57972e-01
    6.59645e-01    -6.59645e-01

    6.61307e-01    -6.57972e-01
    6.61307e-01    -6.57972e-01

    6.61307e-01    -6.57972e-01
    6.61307e-01    -6.57972e-01

    6.61307e-01    -6.57972e-01
    6.67013e-01    -6.48931e-01

    6.73190e-01    -6.40601e-01
    6.67013e-01    -6.48931e-01

    6.73190e-01    -6.40601e-01
    7.06007e-01    -5.96345e-01

   -6.57972e-01     6.61307e-01
   -6.59645e-01     6.59645e-01

   -6.57972e-01     6.61307e-01
   -6.57972e-01     6.61307e-01

   -6.57972e-01     6.61307e-01
   -6.57972e-01     6.61307e-01

   -6.40601e-01     6.73190e-01
   -6.48931e-01     6.67013e-01

   -6.40601e-01     6.73190e-01
   -5.96345e-01     7.06007e-01

   -6.57972e-01     6.61307e-01
   -6.48931e-01     6.67013e-01

    7.55583e-01    -5.48310e-01
    7.06007e-01    -5.96345e-01

    7.55583e-01    -5.48310e-01
    7.55583e-01    -5.48310e-01

    7.55583e-01    -5.48310e-01
    7.58758e-01    -5.39434e-01

   -5.48310e-01     7.55583e-01
   -5.96345e-01     7.06007e-01

   -5.48310e-01     7.55583e-01
   -5.48310e-01     7.55583e-01

   -5.48310e-01     7.55583e-01
   -5.39434e-01     7.58758e-01

    7.67634e-01    -5.31114e-01
    7.58758e-01    -5.39434e-01

    7.67634e-01    -5.31114e-01
    7.67634e-01    -5.31114e-01

    7.67634e-01    -5.31114e-01
    7.67634e-01    -5.31114e-01

    7.67634e-01    -5.31114e-01
    8.03716e-01    -4.74730e-01

   -5.31114e-01     7.67634e-01
   -5.39434e-01     7.58758e-01

   -5.31114e-01     7.67634e-01
   -5.31114e-01     7.67634e-01

   -5.31114e-01     7.67634e-01
   -5.31114e-01     7.67634e-01

   -5.31114e-01     7.67634e-01
   -4.74730e-01     8.03716e-01

    8.27531e-01    -4.38648e-01
    8.03716e-01    -4.74730e-01

    8.27531e-01    -4.38648e-01
    8.27531e-01    -4.38648e-01

    8.27531e-01    -4.38648e-01
    8.27531e-01    -4.38648e-01

    8.27531e-01    -4.38648e-01
    8.27531e-01    -4.38648e-01

    8.27531e-01    -4.38648e-01
    8.27531e-01    -4.38648e-01

    8.27531e-01    -4.38648e-01
    8.37918e-01    -3.99270e-01

   -4.38648e-01     8.27531e-01
   -4.74730e-01     8.03716e-01

   -4.38648e-01     8.27531e-01
   -4.38648e-01     8.27531e-01

   -4.38648e-01     8.27531e-01
   -4.38648e-01     8.27531e-01

   -4.38648e-01     8.27531e-01
   -4.38648e-01     8.27531e-01

   -4.38648e-01     8.27531e-01
   -4.38648e-01     8.27531e-01

   -4.38648e-01     8.27531e-01
   -3.99270e-01     8.37918e-01

    8.58272e-01    -3.55476e-01
    8.37918e-01    -3.99270e-01

    8.58272e-01    -3.55476e-01
    8.64754e-01    -3.41527e-01

    8.64754e-01    -3.41527e-01
    8.72536e-01    -3.28986e-01

    8.72536e-01    -3.28986e-01
    8.72536e-01    -3.28986e-01

    8.72162e-01    -3.23852e-01
    8.72536e-01    -3.28986e-01

   -3.41527e-01     8.64754e-01
   -3.28986e-01     8.72536e-01

   -3.55476e-01     8.58272e-01
   -3.99270e-01     8.37918e-01

   -3.55476e-01     8.58272e-01
   -3.41527e-01     8.64754e-01

   -3.28986e-01     8.72536e-01
   -3.28986e-01     8.72536e-01

   -3.23852e-01     8.72162e-01
   -3.28986e-01     8.72536e-01

    8.69620e-01    -3.01303e-01
    8.62093e-01    -2.34527e-01

    8.69620e-01    -3.01303e-01
    8.72162e-01    -3.23852e-01

    8.62093e-01    -2.34527e-01
    8.61328e-01    -2.19324e-01

    8.61328e-01    -2.19324e-01
    8.61328e-01    -2.19324e-01

    8.53928e-01    -1.95956e-01
    8.61328e-01    -2.19324e-01

   -2.34527e-01     8.62093e-01
   -2.19324e-01     8.61328e-01

   -3.01303e-01     8.69620e-01
   -2.34527e-01     8.62093e-01

   -3.01303e-01     8.69620e-01
   -3.23852e-01     8.72162e-01

   -2.19324e-01     8.61328e-01
   -2.19324e-01     8.61328e-01

   -1.95956e-01     8.53927e-01
   -2.19324e-01     8.61328e-01

    8.50127e-01    -1.73411e-01
    8.44850e-01    -1.42107e-01

    8.50127e-01    -1.73411e-01
    8.53928e-01    -1.95956e-01

    8.40864e-01    -1.09662e-01
    8.44850e-01    -1.42107e-01

    8.40864e-01    -1.09662e-01
    8.40864e-01    -1.09662e-01

    8.40864e-01    -1.09662e-01
    8.40864e-01    -1.09662e-01

    8.40864e-01    -1.09662e-01
    8.31010e-01    -6.33761e-02

   -1.42107e-01     8.44850e-01
   -1.09662e-01     8.40864e-01

   -1.73411e-01     8.50127e-01
   -1.42107e-01     8.44850e-01

   -1.73411e-01     8.50127e-01
   -1.95956e-01     8.53927e-01

   -1.09662e-01     8.40864e-01
   -1.09662e-01     8.40864e-01

   -6.33761e-02     8.31010e-01
   -1.09662e-01     8.40864e-01

   -6.59645e-01    -6.59645e-01
   -6.57972e-01    -6.61307e-01

   -6.57972e-01    -6.61307e-01
   -6.59645e-01    -6.59645e-01

   -6.57972e-01    -6.61307e-01
   -6.57972e-01    -6.61307e-01

   -6.59645e-01    -6.59645e-01
   -6.61307e-01    -6.57972e-01

   -6.59645e-01    -6.59645e-01
   -6.61307e-01    -6.57972e-01

   -6.61307e-01    -6.57972e-01
   -6.61307e-01    -6.57972e-01

   -6.57972e-01    -6.61307e-01
   -6.57972e-01    -6.61307e-01

   -6.57972e-01    -6.61307e-01
   -6.48931e-01    -6.67013e-01

   -6.48931e-01    -6.67013e-01
   -6.57972e-01    -6.61307e-01

   -6.61307e-01    -6.57972e-01
   -6.61307e-01    -6.57972e-01

   -6.61307e-01    -6.57972e-01
   -6.67013e-01    -6.48931e-01

   -6.61307e-01    -6.57972e-01
   -6.67013e-01    -6.48931e-01

    8.30489e-01    -5.54481e-02
    8.29956e-01    -4.73396e-02

    8.30489e-01    -5.54481e-02
    8.31010e-01    -6.33761e-02

    8.32013e-01     0.00000e+00
    8.29956e-01    -4.73396e-02

    8.32013e-01     0.00000e+00
    8.32013e-01     0.00000e+00

    8.32013e-01     0.00000e+00
    8.32013e-01     0.00000e+00

    8.32013e-01     0.00000e+00
    8.29956e-01     4.73396e-02

    0.00000e+00     8.32013e-01
   -4.73396e-02     8.29956e-01

    0.00000e+00     8.32013e-01
    0.00000e+00     8.32013e-01

   -5.54481e-02     8.30489e-01
   -4.73396e-02     8.29956e-01

   -5.54481e-02     8.30489e-01
   -6.33761e-02     8.31010e-01

    0.00000e+00     8.32013e-01
    0.00000e+00     8.32013e-01

    0.00000e+00     8.32013e-01
    4.73396e-02     8.29956e-01

   -4.38648e-01    -8.27531e-01
   -4.38648e-01    -8.27531e-01

   -4.38648e-01    -8.27531e-01
   -4.74730e-01    -8.03716e-01

   -4.38648e-01    -8.27531e-01
   -4.38648e-01    -8.27531e-01

   -4.38648e-01    -8.27531e-01
   -4.38648e-01    -8.27531e-01

   -5.31114e-01    -7.67634e-01
   -5.31114e-01    -7.67634e-01

   -5.31114e-01    -7.67634e-01
   -4.74730e-01    -8.03716e-01

   -5.31114e-01    -7.67634e-01
   -5.31114e-01    -7.67634e-01

   -4.38648e-01    -8.27531e-01
   -4.38648e-01    -8.27531e-01

   -4.38648e-01    -8.27531e-01
   -4.38648e-01    -8.27531e-01

   -3.55476e-01    -8.58272e-01
   -3.99270e-01    -8.37918e-01

   -3.55476e-01    -8.58272e-01
   -3.99270e-01    -8.37918e-01

   -3.99270e-01    -8.37918e-01
   -3.99270e-01    -8.37918e-01

   -3.55476e-01    -8.58272e-01
   -3.41527e-01    -8.64754e-01

   -3.55476e-01    -8.58272e-01
   -3.55476e-01    -8.58272e-01

   -3.41527e-01    -8.64754e-01
   -3.55476e-01    -8.58272e-01

   -4.38648e-01    -8.27531e-01
   -3.99270e-01    -8.37918e-01

   -3.99270e-01    -8.37918e-01
   -4.38648e-01    -8.27531e-01

   -5.48310e-01    -7.55583e-01
   -5.96345e-01    -7.06007e-01

   -5.96345e-01    -7.06007e-01
   -5.96345e-01    -7.06007e-01

   -5.48310e-01    -7.55583e-01
   -5.48310e-01    -7.55583e-01

   -6.40601e-01    -6.73190e-01
   -6.48931e-01    -6.67013e-01

   -6.48931e-01    -6.67013e-01
   -6.40601e-01    -6.73190e-01

   -6.40601e-01    -6.73190e-01
   -6.40601e-01    -6.73190e-01

   -6.40601e-01    -6.73190e-01
   -5.96345e-01    -7.06007e-01

   -5.96345e-01    -7.06007e-01
   -5.96345e-01    -7.06007e-01

   -5.96345e-01    -7.06007e-01
   -6.40601e-01    -6.73190e-01

   -5.31114e-01    -7.67634e-01
   -5.31114e-01    -7.67634e-01

   -5.31114e-01    -7.67634e-01
   -5.39434e-01    -7.58758e-01

   -5.31114e-01    -7.67634e-01
   -5.39434e-01    -7.58758e-01

   -5.39434e-01    -7.58758e-01
   -5.39434e-01    -7.58758e-01

   -5.39434e-01    -7.58758e-01
   -5.39434e-01    -7.58758e-01

   -6.67013e-01    -6.48931e-01
   -6.73190e-01    -6.40601e-01

   -6.67013e-01    -6.48931e-01
   -6.73190e-01    -6.40601e-01

   -6.73190e-01    -6.40601e-01
   -6.73190e-01    -6.40601e-01

   -6.73190e-01    -6.40601e-01
   -7.06007e-01    -5.96345e-01

   -7.06007e-01    -5.96345e-01
   -7.06007e-01    -5.96345e-01

   -6.73190e-01    -6.40601e-01
   -7.06007e-01    -5.96345e-01

   -7.55583e-01    -5.48310e-01
   -7.06007e-01    -5.96345e-01

   -7.06007e-01    -5.96345e-01
   -7.06007e-01    -5.96345e-01

   -7.55583e-01    -5.48310e-01
   -7.55583e-01    -5.48310e-01

   -7.67634e-01    -5.31114e-01
   -7.67634e-01    -5.31114e-01

   -7.67634e-01    -5.31114e-01
   -8.03716e-01    -4.74730e-01

   -7.67634e-01    -5.31114e-01
   -7.67634e-01    -5.31114e-01

   -8.27531e-01    -4.38648e-01
   -8.27531e-01    -4.38648e-01

   -8.27531e-01    -4.38648e-01
   -8.03716e-01    -4.74730e-01

   -8.27531e-01    -4.38648e-01
   -8.27531e-01    -4.38648e-01

   -8.27531e-01    -4.38648e-01
   -8.27531e-01    -4.38648e-01

   -7.67634e-01    -5.31114e-01
   -7.67634e-01    -5.31114e-01

   -7.58758e-01    -5.39434e-01
   -7.58758e-01    -5.39434e-01

   -7.58758e-01    -5.39434e-01
   -7.58758e-01    -5.39434e-01

   -7.67634e-01    -5.31114e-01
   -7.58758e-01    -5.39434e-01

   -7.58758e-01    -5.39434e-01
   -7.67634e-01    -5.31114e-01

   -8.27531e-01    -4.38648e-01
   -8.27531e-01    -4.38648e-01

   -8.27531e-01    -4.38648e-01
   -8.27531e-01    -4.38648e-01

   -8.27531e-01    -4.38648e-01
   -8.37918e-01    -3.99270e-01

   -8.27531e-01    -4.38648e-01
   -8.37918e-01    -3.99270e-01

   -8.37918e-01    -3.99270e-01
   -8.58272e-01    -3.55476e-01

   -8.37918e-01    -3.99270e-01
   -8.58272e-01    -3.55476e-01

   -8.37918e-01    -3.99270e-01
   -8.37918e-01    -3.99270e-01

   -8.58272e-01    -3.55476e-01
   -8.64754e-01    -3.41527e-01

   -8.58272e-01    -3.55476e-01
   -8.58272e-01    -3.55476e-01

   -8.58272e-01    -3.55476e-01
   -8.64754e-01    -3.41527e-01

    8.30489e-01     5.54481e-02
    8.29956e-01     4.73396e-02

    8.30489e-01     5.54481e-02
    8.31010e-01     6.33761e-02

    8.40864e-01     1.09662e-01
    8.31010e-01     6.33761e-02

    8.40864e-01     1.09662e-01
    8.40864e-01     1.09662e-01

    8.40864e-01     1.09662e-01
    8.40864e-01     1.09662e-01

    8.40864e-01     1.09662e-01
    8.44850e-01     1.42108e-01

    1.09662e-01     8.40864e-01
    6.33761e-02     8.31010e-01

    1.09662e-01     8.40864e-01
    1.09662e-01     8.40864e-01

    5.54481e-02     8.30489e-01
    4.73396e-02     8.29956e-01

    5.54481e-02     8.30489e-01
    6.33761e-02     8.31010e-01

    1.09662e-01     8.40864e-01
    1.42107e-01     8.44850e-01

   -3.41527e-01    -8.64754e-01
   -3.28986e-01    -8.72536e-01

   -3.28986e-01    -8.72536e-01
   -3.41527e-01    -8.64754e-01

   -3.28986e-01    -8.72536e-01
   -3.28986e-01    -8.72536e-01

   -3.28986e-01    -8.72536e-01
   -3.28986e-01    -8.72536e-01

   -3.01303e-01    -8.69620e-01
   -2.34527e-01    -8.62092e-01

   -3.01303e-01    -8.69620e-01
   -3.01303e-01    -8.69620e-01

   -3.01303e-01    -8.69620e-01
   -2.34527e-01    -8.62092e-01

   -2.34527e-01    -8.62092e-01
   -2.34527e-01    -8.62092e-01

   -3.01303e-01    -8.69620e-01
   -3.23852e-01    -8.72162e-01

   -3.01303e-01    -8.69620e-01
   -3.01303e-01    -8.69620e-01

   -3.01303e-01    -8.69620e-01
   -3.01303e-01    -8.69620e-01

   -3.23852e-01    -8.72162e-01
   -3.01303e-01    -8.69620e-01

   -3.23852e-01    -8.72162e-01
   -3.28986e-01    -8.72536e-01

   -3.28986e-01    -8.72536e-01
   -3.23852e-01    -8.72162e-01

   -8.64754e-01    -3.41527e-01
   -8.72536e-01    -3.28986e-01

   -8.64754e-01    -3.41527e-01
   -8.72536e-01    -3.28986e-01

   -8.72536e-01    -3.28986e-01
   -8.72536e-01    -3.28986e-01

   -8.72536e-01    -3.28986e-01
   -8.72536e-01    -3.28986e-01

   -8.72536e-01    -3.28986e-01
   -8.72162e-01    -3.23852e-01

   -8.72162e-01    -3.23852e-01
   -8.72536e-01    -3.28986e-01

   -8.62092e-01    -2.34527e-01
   -8.69620e-01    -3.01303e-01

   -8.69620e-01    -3.01303e-01
   -8.69620e-01    -3.01303e-01

   -8.69620e-01    -3.01303e-01
   -8.62092e-01    -2.34527e-01

   -8.62092e-01    -2.34527e-01
   -8.62092e-01    -2.34527e-01

   -8.72162e-01    -3.23852e-01
   -8.69620e-01    -3.01303e-01

   -8.72162e-01    -3.23852e-01
   -8.72162e-01    -3.23852e-01

   -8.69620e-01    -3.01303e-01
   -8.69620e-01    -3.01303e-01

   -8.69620e-01    -3.01303e-01
   -8.69620e-01    -3.01303e-01

   -8.69620e-01    -3.01303e-01
   -8.72162e-01    -3.23852e-01

   -8.72162e-01    -3.23852e-01
   -8.72162e-01    -3.23852e-01

    8.50127e-01     1.73410e-01
    8.44850e-01     1.42108e-01

    8.50127e-01     1.73410e-01
    8.53927e-01     1.95956e-01

    8.61328e-01     2.19324e-01
    8.53927e-01     1.95956e-01

    8.61328e-01     2.19324e-01
    8.61328e-01     2.19324e-01

    8.61328e-01     2.19324e-01
    8.62093e-01     2.34527e-01

    1.95956e-01     8.53928e-01
    2.19324e-01     8.61328e-01

    1.73411e-01     8.50127e-01
    1.42107e-01     8.44850e-01

    1.73411e-01     8.50127e-01
    1.95956e-01     8.53928e-01

    2.19324e-01     8.61328e-01
    2.19324e-01     8.61328e-01

    2.34527e-01     8.62093e-01
    2.19324e-01     8.61328e-01

   -1.09662e-01    -9.52349e-01
   -1.63930e-01    -9.32689e-01

   -1.09662e-01    -9.52349e-01
   -1.09662e-01    -9.52349e-01

   -7.21564e-02    -9.49452e-01
   -5.28344e-02    -9.50818e-01

   -3.48701e-02    -9.52088e-01
   -5.28344e-02    -9.50818e-01

   -1.09662e-01    -9.52349e-01
   -7.21564e-02    -9.49452e-01

   -9.52349e-01    -1.09662e-01
   -9.32689e-01    -1.63930e-01

   -9.52349e-01    -1.09662e-01
   -9.52349e-01    -1.09662e-01

   -9.52349e-01    -1.09662e-01
   -9.49452e-01    -7.21564e-02

   -9.49452e-01    -7.21564e-02
   -9.50818e-01    -5.28344e-02

   -9.52088e-01    -3.48701e-02
   -9.50818e-01    -5.28344e-02

    9.32592e-01     1.64395e-01
    9.32495e-01     1.64861e-01

    9.32592e-01     1.64395e-01
    9.32689e-01     1.63930e-01

    9.29515e-01     2.19324e-01
    9.32495e-01     1.64861e-01

    9.29515e-01     2.19324e-01
    9.29515e-01     2.19324e-01

    9.29515e-01     2.19324e-01
    9.29515e-01     2.19324e-01

    9.29515e-01     2.19324e-01
    9.29515e-01     2.19324e-01

    9.29515e-01     2.19324e-01
    9.29515e-01     2.19324e-01

    9.29515e-01     2.19324e-01
    9.16816e-01     2.58844e-01

    9.12045e-01     2.80774e-01
    9.08302e-01     2.97979e-01

    9.12045e-01     2.80774e-01
    9.16816e-01     2.58844e-01

    2.19324e-01     9.29515e-01
    1.64861e-01     9.32495e-01

    2.19324e-01     9.29515e-01
    2.19324e-01     9.29515e-01

    2.19324e-01     9.29515e-01
    2.19324e-01     9.29515e-01

    1.64395e-01     9.32592e-01
    1.64861e-01     9.32495e-01

    1.64395e-01     9.32592e-01
    1.63930e-01     9.32689e-01

    2.19324e-01     9.29515e-01
    2.19324e-01     9.29515e-01

    2.19324e-01     9.29515e-01
    2.19324e-01     9.29515e-01

    2.80774e-01     9.12045e-01
    2.97979e-01     9.08302e-01

    2.80774e-01     9.12045e-01
    2.58844e-01     9.16816e-01

    2.19324e-01     9.29515e-01
    2.58844e-01     9.16816e-01

    0.00000e+00    -9.59812e-01
   -3.48701e-02    -9.52088e-01

    0.00000e+00    -9.59812e-01
    0.00000e+00    -9.59812e-01

    0.00000e+00    -9.59812e-01
    0.00000e+00    -9.59812e-01

    7.21563e-02    -9.49452e-01
    5.28344e-02    -9.50818e-01

    3.48701e-02    -9.52088e-01
    5.28344e-02    -9.50818e-01

    0.00000e+00    -9.59812e-01
    3.48701e-02    -9.52088e-01

   -9.59812e-01     0.00000e+00
   -9.52088e-01    -3.48701e-02

   -9.59812e-01     0.00000e+00
   -9.59812e-01     0.00000e+00

   -9.59812e-01     0.00000e+00
   -9.59812e-01     0.00000e+00

   -9.59812e-01     0.00000e+00
   -9.52088e-01     3.48701e-02

   -9.49452e-01     7.21563e-02
   -9.50818e-01     5.28344e-02

   -9.52088e-01     3.48701e-02
   -9.50818e-01     5.28344e-02

    9.05077e-01     3.28986e-01
    9.08302e-01     2.97979e-01

    9.05077e-01     3.28986e-01
    9.05077e-01     3.28986e-01

    9.05077e-01     3.28986e-01
    9.05077e-01     3.28986e-01

    9.05077e-01     3.28986e-01
    9.07952e-01     3.59643e-01

    9.12116e-01     3.76371e-01
    9.07952e-01     3.59643e-01

    9.12116e-01     3.76371e-01
    9.17587e-01     3.98356e-01

    3.28986e-01     9.05077e-01
    2.97979e-01     9.08302e-01

    3.28986e-01     9.05077e-01
    3.28986e-01     9.05077e-01

    3.28986e-01     9.05077e-01
    3.28986e-01     9.05077e-01

    3.76371e-01     9.12116e-01
    3.59643e-01     9.07952e-01

    3.76371e-01     9.12116e-01
    3.98356e-01     9.17587e-01

    3.28986e-01     9.05077e-01
    3.59643e-01     9.07952e-01

    1.09662e-01    -9.52349e-01
    7.21563e-02    -9.49452e-01

    1.09662e-01    -9.52349e-01
    1.09662e-01    -9.52349e-01

    1.64861e-01    -9.32495e-01
    1.64395e-01    -9.32592e-01

    1.63930e-01    -9.32689e-01
    1.64395e-01    -9.32592e-01

    1.09662e-01    -9.52349e-01
    1.63930e-01    -9.32689e-01

   -9.52349e-01     1.09662e-01
   -9.49452e-01     7.21563e-02

   -9.52349e-01     1.09662e-01
   -9.52349e-01     1.09662e-01

   -9.52349e-01     1.09662e-01
   -9.52349e-01     1.09662e-01

   -9.52349e-01     1.09662e-01
   -9.32689e-01     1.63930e-01

   -9.32495e-01     1.64861e-01
   -9.32592e-01     1.64395e-01

   -9.32689e-01     1.63930e-01
   -9.32592e-01     1.64395e-01

    9.25327e-01     4.38648e-01
    9.17587e-01     3.98356e-01

    9.25327e-01     4.38648e-01
    9.25327e-01     4.38648e-01

    9.25327e-01     4.38648e-01
    9.25327e-01     4.38648e-01

    9.25327e-01     4.38648e-01
    9.27480e-01     4.88832e-01

    9.26211e-01     4.94865e-01
    9.25005e-01     5.00601e-01

    9.26211e-01     4.94865e-01
    9.27480e-01     4.88832e-01

    4.38648e-01     9.25327e-01
    3.98356e-01     9.17587e-01

    4.38648e-01     9.25327e-01
    4.38648e-01     9.25327e-01

    4.38648e-01     9.25327e-01
    4.38648e-01     9.25327e-01

    4.94865e-01     9.26211e-01
    5.00601e-01     9.25005e-01

    4.94865e-01     9.26211e-01
    4.88832e-01     9.27480e-01

    4.38648e-01     9.25327e-01
    4.88832e-01     9.27480e-01

    2.19324e-01    -9.29515e-01
    1.64861e-01    -9.32495e-01

    2.19324e-01    -9.29515e-01
    2.19324e-01    -9.29515e-01

    2.19324e-01    -9.29515e-01
    2.19324e-01    -9.29515e-01

    2.19324e-01    -9.29515e-01
    2.58844e-01    -9.16816e-01

   -9.29515e-01     2.19324e-01
   -9.32495e-01     1.64861e-01

   -9.29515e-01     2.19324e-01
   -9.29515e-01     2.19324e-01

   -9.29515e-01     2.19324e-01
   -9.29515e-01     2.19324e-01

   -9.29515e-01     2.19324e-01
   -9.16816e-01     2.58844e-01

    9.15382e-01     5.48310e-01
    9.25005e-01     5.00601e-01

    9.15382e-01     5.48310e-01
    9.15382e-01     5.48310e-01

    9.15382e-01     5.48310e-01
    9.15382e-01     5.48310e-01

    9.15382e-01     5.48310e-01
    9.23818e-01     5.94832e-01

    9.14841e-01     6.13721e-01
    9.08768e-01     6.26499e-01

    9.14841e-01     6.13721e-01
    9.23818e-01     5.94832e-01

    5.48310e-01     9.15382e-01
    5.00601e-01     9.25005e-01

    5.48310e-01     9.15382e-01
    5.48310e-01     9.15382e-01

    5.48310e-01     9.15382e-01
    5.48310e-01     9.15382e-01

    6.13721e-01     9.14841e-01
    6.26499e-01     9.08768e-01

    6.13721e-01     9.14841e-01
    5.94832e-01     9.23818e-01

    5.48310e-01     9.15382e-01
    5.94832e-01     9.23818e-01

    3.28986e-01    -9.05077e-01
    2.97979e-01    -9.08302e-01

    3.28986e-01    -9.05077e-01
    3.28986e-01    -9.05077e-01

    2.80774e-01    -9.12045e-01
    2.97979e-01    -9.08302e-01

    2.80774e-01    -9.12045e-01
    2.58844e-01    -9.16816e-01

    3.28986e-01    -9.05077e-01
    3.59643e-01    -9.07953e-01

   -9.12045e-01     2.80774e-01
   -9.08302e-01     2.97979e-01

   -9.12045e-01     2.80774e-01
   -9.16816e-01     2.58844e-01

   -9.05077e-01     3.28986e-01
   -9.08302e-01     2.97979e-01

   -9.05077e-01     3.28986e-01
   -9.05077e-01     3.28986e-01

   -9.05077e-01     3.28986e-01
   -9.07953e-01     3.59643e-01

    8.89023e-01     6.57972e-01
    9.08768e-01     6.26499e-01

    8.89023e-01     6.57972e-01
    8.89023e-01     6.57972e-01

    8.77296e-01     6.88624e-01
    8.46473e-01     7.36812e-01

    8.77296e-01     6.88624e-01
    8.77296e-01     6.88624e-01

    8.77296e-01     6.88624e-01
    8.77296e-01     6.88624e-01

    7.94586e-01     7.67634e-01
    8.46473e-01     7.36812e-01

    7.94586e-01     7.67634e-01
    7.94586e-01     7.67634e-01

    8.89023e-01     6.57972e-01
    8.89023e-01     6.57972e-01

    8.77296e-01     6.88624e-01
    8.77296e-01     6.88624e-01

    8.77296e-01     6.88624e-01
    8.77296e-01     6.88624e-01

    8.89023e-01     6.57972e-01
    8.91007e-01     6.71683e-01

    8.77296e-01     6.88624e-01
    8.91007e-01     6.71683e-01

    7.67634e-01     7.94586e-01
    7.36812e-01     8.46473e-01

    7.67634e-01     7.94586e-01
    7.67634e-01     7.94586e-01

    6.88624e-01     8.77296e-01
    7.36812e-01     8.46473e-01

    6.88624e-01     8.77296e-01
    6.88624e-01     8.77296e-01

    6.88624e-01     8.77296e-01
    6.88624e-01     8.77296e-01

    7.94586e-01     7.67634e-01
    7.94586e-01     7.67634e-01

    7.67634e-01     7.94586e-01
    7.67634e-01     7.94586e-01

    7.94586e-01     7.67634e-01
    7.83098e-01     7.83098e-01

    7.67634e-01     7.94586e-01
    7.83098e-01     7.83098e-01

    6.57972e-01     8.89023e-01
    6.26499e-01     9.08768e-01

    6.57972e-01     8.89023e-01
    6.57972e-01     8.89023e-01

    6.88624e-01     8.77296e-01
    6.88624e-01     8.77296e-01

    6.88624e-01     8.77296e-01
    6.88624e-01     8.77296e-01

    6.57972e-01     8.89023e-01
    6.57972e-01     8.89023e-01

    6.88624e-01     8.77296e-01
    6.71683e-01     8.91007e-01

    6.57972e-01     8.89023e-01
    6.71683e-01     8.91007e-01

    4.38648e-01    -9.25327e-01
    3.98356e-01    -9.17587e-01

    4.38648e-01    -9.25327e-01
    4.38648e-01    -9.25327e-01

    3.76371e-01    -9.12116e-01
    3.59643e-01    -9.07953e-01

    3.76371e-01    -9.12116e-01
    3.98356e-01    -9.17587e-01

    4.38648e-01    -9.25327e-01
    4.88832e-01    -9.27480e-01

   -9.12116e-01     3.76371e-01
   -9.07953e-01     3.59643e-01

   -9.12116e-01     3.76371e-01
   -9.17587e-01     3.98356e-01

   -9.25327e-01     4.38648e-01
   -9.17587e-01     3.98356e-01

   -9.25327e-01     4.38648e-01
   -9.25327e-01     4.38648e-01

   -9.25327e-01     4.38648e-01
   -9.27480e-01     4.88832e-01

    5.48310e-01    -9.15382e-01
    5.00601e-01    -9.25005e-01

    5.48310e-01    -9.15382e-01
    5.48310e-01    -9.15382e-01

    4.94865e-01    -9.26211e-01
    5.00601e-01    -9.25005e-01

    4.94865e-01    -9.26211e-01
    4.88832e-01    -9.27480e-01

    5.48310e-01    -9.15382e-01
    5.48310e-01    -9.15382e-01

    5.48310e-01    -9.15382e-01
    5.94832e-01    -9.23818e-01

   -9.26211e-01     4.94865e-01
   -9.25005e-01     5.00601e-01

   -9.26211e-01     4.94865e-01
   -9.27480e-01     4.88832e-01

   -9.15382e-01     5.48310e-01
   -9.25005e-01     5.00601e-01

   -9.15382e-01     5.48310e-01
   -9.15382e-01     5.48310e-01

   -9.15382e-01     5.48310e-01
   -9.23818e-01     5.94832e-01

    6.57972e-01    -8.89023e-01
    6.26499e-01    -9.08768e-01

    6.57972e-01    -8.89023e-01
    6.57972e-01    -8.89023e-01

    6.13721e-01    -9.14841e-01
    6.26499e-01    -9.08768e-01

    6.13721e-01    -9.14841e-01
    5.94832e-01    -9.23818e-01

    6.57972e-01    -8.89023e-01
    6.71683e-01    -8.91007e-01

   -9.14841e-01     6.13721e-01
   -9.08768e-01     6.26499e-01

   -9.14841e-01     6.13721e-01
   -9.23818e-01     5.94832e-01

   -8.89023e-01     6.57972e-01
   -9.08768e-01     6.26499e-01

   -8.89023e-01     6.57972e-01
   -8.89023e-01     6.57972e-01

   -8.89023e-01     6.57972e-01
   -8.91007e-01     6.71683e-01

    6.88624e-01    -8.77296e-01
    6.71683e-01    -8.91007e-01

    6.88625e-01    -8.77296e-01
    6.88624e-01    -8.77296e-01

    6.88625e-01    -8.77296e-01
    6.88625e-01    -8.77296e-01

    6.88625e-01    -8.77296e-01
    7.36812e-01    -8.46473e-01

   -8.77296e-01     6.88624e-01
   -8.91007e-01     6.71683e-01

   -8.77296e-01     6.88625e-01
   -8.77296e-01     6.88624e-01

   -8.77296e-01     6.88625e-01
   -8.77296e-01     6.88625e-01

   -8.77296e-01     6.88625e-01
   -8.46473e-01     7.36812e-01

    7.67634e-01    -7.94586e-01
    7.36812e-01    -8.46473e-01

    7.67634e-01    -7.94586e-01
    7.67634e-01    -7.94586e-01

    7.67634e-01    -7.94586e-01
    7.67634e-01    -7.94586e-01

    7.67634e-01    -7.94586e-01
    7.83098e-01    -7.83098e-01

   -7.94586e-01     7.67634e-01
   -8.46473e-01     7.36812e-01

   -7.94586e-01     7.67634e-01
   -7.94586e-01     7.67634e-01

   -7.94586e-01     7.67634e-01
   -7.94586e-01     7.67634e-01

   -7.94586e-01     7.67634e-01
   -7.83098e-01     7.83098e-01

    7.94586e-01    -7.67634e-01
    7.83098e-01    -7.83098e-01

    7.94586e-01    -7.67634e-01
    7.94586e-01    -7.67634e-01

    7.94586e-01    -7.67634e-01
    7.94586e-01    -7.67634e-01

    7.94586e-01    -7.67634e-01
    8.46473e-01    -7.36812e-01

   -7.67634e-01     7.94586e-01
   -7.83098e-01     7.83098e-01

   -7.67634e-01     7.94586e-01
   -7.67634e-01     7.94586e-01

   -7.67634e-01     7.94586e-01
   -7.67634e-01     7.94586e-01

   -7.67634e-01     7.94586e-01
   -7.36812e-01     8.46473e-01

    8.46473e-01    -7.36812e-01
    8.77296e-01    -6.88625e-01

    8.77296e-01    -6.88624e-01
    8.77296e-01    -6.88625e-01

    8.77296e-01    -6.88625e-01
    8.77296e-01    -6.88625e-01

    8.91007e-01    -6.71683e-01
    8.77296e-01    -6.88624e-01

   -7.36812e-01     8.46473e-01
   -6.88625e-01     8.77296e-01

   -6.88624e-01     8.77296e-01
   -6.88625e-01     8.77296e-01

   -6.88625e-01     8.77296e-01
   -6.88625e-01     8.77296e-01

   -6.71683e-01     8.91007e-01
   -6.88624e-01     8.77296e-01

    8.91007e-01    -6.71683e-01
    8.89023e-01    -6.57972e-01

    8.89023e-01    -6.57972e-01
    8.89023e-01    -6.57972e-01

    9.08768e-01    -6.26499e-01
    8.89023e-01    -6.57972e-01

    9.14841e-01    -6.13721e-01
    9.08768e-01    -6.26499e-01

    9.14841e-01    -6.13721e-01
    9.23818e-01    -5.94832e-01

   -6.71683e-01     8.91007e-01
   -6.57972e-01     8.89023e-01

   -6.57972e-01     8.89023e-01
   -6.57972e-01     8.89023e-01

   -6.13721e-01     9.14841e-01
   -6.26499e-01     9.08768e-01

   -6.13721e-01     9.14841e-01
   -5.94832e-01     9.23818e-01

   -6.26499e-01     9.08768e-01
   -6.57972e-01     8.89023e-01

    9.23818e-01    -5.94832e-01
    9.15382e-01    -5.48310e-01

    9.15382e-01    -5.48310e-01
    9.15382e-01    -5.48310e-01

    9.25005e-01    -5.00601e-01
    9.15382e-01    -5.48310e-01

    9.26211e-01    -4.94865e-01
    9.25005e-01    -5.00601e-01

    9.26211e-01    -4.94865e-01
    9.27480e-01    -4.88832e-01

   -5.48310e-01     9.15382e-01
   -5.94832e-01     9.23818e-01

   -5.48310e-01     9.15382e-01
   -5.48310e-01     9.15382e-01

   -5.48310e-01     9.15382e-01
   -5.48310e-01     9.15382e-01

   -4.94865e-01     9.26211e-01
   -5.00601e-01     9.25005e-01

   -4.94865e-01     9.26211e-01
   -4.88832e-01     9.27480e-01

   -5.48310e-01     9.15382e-01
   -5.00601e-01     9.25005e-01

    9.27480e-01    -4.88832e-01
    9.25327e-01    -4.38648e-01

    9.25327e-01    -4.38648e-01
    9.25327e-01    -4.38648e-01

    9.17587e-01    -3.98356e-01
    9.25327e-01    -4.38648e-01

    9.12116e-01    -3.76371e-01
    9.07953e-01    -3.59643e-01

    9.12116e-01    -3.76371e-01
    9.17587e-01    -3.98356e-01

   -4.88832e-01     9.27480e-01
   -4.38648e-01     9.25327e-01

   -4.38648e-01     9.25327e-01
   -4.38648e-01     9.25327e-01

   -3.76371e-01     9.12116e-01
   -3.59643e-01     9.07953e-01

   -3.76371e-01     9.12116e-01
   -3.98356e-01     9.17587e-01

   -3.98356e-01     9.17587e-01
   -4.38648e-01     9.25327e-01

   -6.71683e-01    -8.91007e-01
   -6.57972e-01    -8.89023e-01

   -6.57972e-01    -8.89023e-01
   -6.71683e-01    -8.91007e-01

   -6.57972e-01    -8.89023e-01
   -6.57972e-01    -8.89023e-01

   -6.88624e-01    -8.77296e-01
   -6.71683e-01    -8.91007e-01

   -6.71683e-01    -8.91007e-01
   -6.88624e-01    -8.77296e-01

   -6.88624e-01    -8.77296e-01
   -6.88624e-01    -8.77296e-01

   -6.88624e-01    -8.77296e-01
   -6.88624e-01    -8.77296e-01

   -6.57972e-01    -8.89023e-01
   -6.57972e-01    -8.89023e-01

   -6.57972e-01    -8.89023e-01
   -6.26499e-01    -9.08768e-01

   -6.26499e-01    -9.08768e-01
   -6.57972e-01    -8.89023e-01

   -7.83098e-01    -7.83098e-01
   -7.67634e-01    -7.94586e-01

   -7.67634e-01    -7.94586e-01
   -7.83098e-01    -7.83098e-01

   -7.67634e-01    -7.94586e-01
   -7.67634e-01    -7.94586e-01

   -7.83098e-01    -7.83098e-01
   -7.94586e-01    -7.67634e-01

   -7.83098e-01    -7.83098e-01
   -7.94586e-01    -7.67634e-01

   -7.94586e-01    -7.67634e-01
   -7.94586e-01    -7.67634e-01

   -6.88624e-01    -8.77296e-01
   -6.88624e-01    -8.77296e-01

   -6.88624e-01    -8.77296e-01
   -6.88624e-01    -8.77296e-01

   -7.67634e-01    -7.94586e-01
   -7.67634e-01    -7.94586e-01

   -7.36811e-01    -8.46473e-01
   -6.88624e-01    -8.77296e-01

   -6.88624e-01    -8.77296e-01
   -7.36811e-01    -8.46473e-01

   -7.36811e-01    -8.46473e-01
   -7.67634e-01    -7.94586e-01

   -7.36811e-01    -8.46473e-01
   -7.67634e-01    -7.94586e-01

   -8.77296e-01    -6.88624e-01
   -8.91007e-01    -6.71683e-01

   -8.77296e-01    -6.88624e-01
   -8.91007e-01    -6.71683e-01

   -8.77296e-01    -6.88624e-01
   -8.77296e-01    -6.88624e-01

   -8.77296e-01    -6.88624e-01
   -8.77296e-01    -6.88624e-01

   -8.91007e-01    -6.71683e-01
   -8.89023e-01    -6.57972e-01

   -8.91007e-01    -6.71683e-01
   -8.89023e-01    -6.57972e-01

   -8.89023e-01    -6.57972e-01
   -8.89023e-01    -6.57972e-01

   -7.94586e-01    -7.67634e-01
   -7.94586e-01    -7.67634e-01

   -8.77296e-01    -6.88624e-01
   -8.77296e-01    -6.88624e-01

   -8.77296e-01    -6.88624e-01
   -8.77296e-01    -6.88624e-01

   -8.46473e-01    -7.36811e-01
   -7.94586e-01    -7.67634e-01

   -7.94586e-01    -7.67634e-01
   -8.46473e-01    -7.36811e-01

   -8.46473e-01    -7.36811e-01
   -8.77296e-01    -6.88624e-01

   -8.46473e-01    -7.36811e-01
   -8.77296e-01    -6.88624e-01

   -8.89023e-01    -6.57972e-01
   -8.89023e-01    -6.57972e-01

   -8.89023e-01    -6.57972e-01
   -9.08768e-01    -6.26499e-01

   -8.89023e-01    -6.57972e-01
   -9.08768e-01    -6.26499e-01

    9.07953e-01    -3.59643e-01
    9.05077e-01    -3.28986e-01

    9.05077e-01    -3.28986e-01
    9.05077e-01    -3.28986e-01

    9.08302e-01    -2.97979e-01
    9.05077e-01    -3.28986e-01

    9.12045e-01    -2.80774e-01
    9.08302e-01    -2.97979e-01

    9.12045e-01    -2.80774e-01
    9.16816e-01    -2.58844e-01

   -3.59643e-01     9.07953e-01
   -3.28986e-01     9.05077e-01

   -3.28986e-01     9.05077e-01
   -3.28986e-01     9.05077e-01

   -2.80774e-01     9.12045e-01
   -2.97979e-01     9.08302e-01

   -2.80774e-01     9.12045e-01
   -2.58844e-01     9.16816e-01

   -2.97979e-01     9.08302e-01
   -3.28986e-01     9.05077e-01

   -5.94832e-01    -9.23818e-01
   -5.48310e-01    -9.15382e-01

   -5.48310e-01    -9.15382e-01
   -5.94832e-01    -9.23818e-01

   -5.48310e-01    -9.15382e-01
   -5.48310e-01    -9.15382e-01

   -6.26499e-01    -9.08768e-01
   -6.13721e-01    -9.14841e-01

   -6.26499e-01    -9.08768e-01
   -6.26499e-01    -9.08768e-01

   -5.94832e-01    -9.23818e-01
   -5.94832e-01    -9.23818e-01

   -5.94832e-01    -9.23818e-01
   -5.94832e-01    -9.23818e-01

   -5.94832e-01    -9.23818e-01
   -6.13721e-01    -9.14841e-01

   -5.48310e-01    -9.15382e-01
   -5.48310e-01    -9.15382e-01

   -5.48310e-01    -9.15382e-01
   -5.00601e-01    -9.25005e-01

   -5.00601e-01    -9.25005e-01
   -5.48310e-01    -9.15382e-01

   -9.08768e-01    -6.26499e-01
   -9.14841e-01    -6.13721e-01

   -9.08768e-01    -6.26499e-01
   -9.08768e-01    -6.26499e-01

   -9.23818e-01    -5.94832e-01
   -9.23818e-01    -5.94832e-01

   -9.14841e-01    -6.13721e-01
   -9.23818e-01    -5.94832e-01

   -9.15382e-01    -5.48310e-01
   -9.15382e-01    -5.48310e-01

   -9.15382e-01    -5.48310e-01
   -9.23818e-01    -5.94832e-01

   -9.15382e-01    -5.48310e-01
   -9.15382e-01    -5.48310e-01

   -9.15382e-01    -5.48310e-01
   -9.15382e-01    -5.48310e-01

   -9.15382e-01    -5.48310e-01
   -9.25005e-01    -5.00601e-01

   -9.15382e-01    -5.48310e-01
   -9.25005e-01    -5.00601e-01

    9.16816e-01    -2.58844e-01
    9.29515e-01    -2.19324e-01

    9.29515e-01    -2.19324e-01
    9.29515e-01    -2.19324e-01

    9.29515e-01    -2.19324e-01
    9.29515e-01    -2.19324e-01

    9.32495e-01    -1.64861e-01
    9.29515e-01    -2.19324e-01

   -2.58844e-01     9.16816e-01
   -2.19324e-01     9.29515e-01

   -2.19324e-01     9.29515e-01
   -2.19324e-01     9.29515e-01

   -2.19324e-01     9.29515e-01
   -2.19324e-01     9.29515e-01

   -1.64861e-01     9.32495e-01
   -2.19324e-01     9.29515e-01

   -4.88832e-01    -9.27480e-01
   -4.38648e-01    -9.25327e-01

   -4.38648e-01    -9.25327e-01
   -4.88832e-01    -9.27480e-01

   -4.38648e-01    -9.25327e-01
   -4.38648e-01    -9.25327e-01

   -5.00601e-01    -9.25005e-01
   -4.94865e-01    -9.26211e-01

   -5.00601e-01    -9.25005e-01
   -5.00601e-01    -9.25005e-01

   -4.88832e-01    -9.27480e-01
   -4.88832e-01    -9.27480e-01

   -4.88832e-01    -9.27480e-01
   -4.88832e-01    -9.27480e-01

   -4.88832e-01    -9.27480e-01
   -4.94865e-01    -9.26211e-01

   -4.38648e-01    -9.25327e-01
   -4.38648e-01    -9.25327e-01

   -3.98356e-01    -9.17587e-01
   -4.38648e-01    -9.25327e-01

   -4.38648e-01    -9.25327e-01
   -3.98356e-01    -9.17587e-01

   -9.25005e-01    -5.00601e-01
   -9.26211e-01    -4.94865e-01

   -9.25005e-01    -5.00601e-01
   -9.26211e-01    -4.94865e-01

   -9.26211e-01    -4.94865e-01
   -9.26211e-01    -4.94865e-01

   -9.26211e-01    -4.94865e-01
   -9.27480e-01    -4.88832e-01

   -9.27480e-01    -4.88832e-01
   -9.27480e-01    -4.88832e-01

   -9.26211e-01    -4.94865e-01
   -9.27480e-01    -4.88832e-01

   -9.27480e-01    -4.88832e-01
   -9.25327e-01    -4.38648e-01

   -9.27480e-01    -4.88832e-01
   -9.25327e-01    -4.38648e-01

   -9.25327e-01    -4.38648e-01
   -9.25327e-01    -4.38648e-01

   -9.25327e-01    -4.38648e-01
   -9.25327e-01    -4.38648e-01

   -9.25327e-01    -4.38648e-01
   -9.17587e-01    -3.98356e-01

   -9.17587e-01    -3.98356e-01
   -9.25327e-01    -4.38648e-01

    9.32592e-01    -1.64395e-01
    9.32495e-01    -1.64861e-01

    9.32592e-01    -1.64395e-01
    9.32689e-01    -1.63930e-01

    9.52349e-01    -1.09662e-01
    9.32689e-01    -1.63930e-01

    9.52349e-01    -1.09662e-01
    9.52349e-01    -1.09662e-01

    9.52349e-01    -1.09662e-01
    9.52349e-01    -1.09662e-01

    9.52349e-01    -1.09662e-01
    9.49452e-01    -7.21563e-02

   -1.63930e-01     9.32689e-01
   -1.09662e-01     9.52349e-01

   -1.64395e-01     9.32592e-01
   -1.64861e-01     9.32495e-01

   -1.64395e-01     9.32592e-01
   -1.63930e-01     9.32689e-01

   -1.09662e-01     9.52349e-01
   -1.09662e-01     9.52349e-01

   -7.21563e-02     9.49452e-01
   -1.09662e-01     9.52349e-01

   -3.28986e-01    -9.05077e-01
   -3.59643e-01    -9.07952e-01

   -3.59643e-01    -9.07952e-01
   -3.59643e-01    -9.07952e-01

   -3.59643e-01    -9.07952e-01
   -3.28986e-01    -9.05077e-01

   -3.59643e-01    -9.07952e-01
   -3.59643e-01    -9.07952e-01

   -3.28986e-01    -9.05077e-01
   -3.28986e-01    -9.05077e-01

   -3.28986e-01    -9.05077e-01
   -3.28986e-01    -9.05077e-01

   -3.59643e-01    -9.07952e-01
   -3.76371e-01    -9.12116e-01

   -3.59643e-01    -9.07952e-01
   -3.59643e-01    -9.07952e-01

   -3.98356e-01    -9.17587e-01
   -3.98356e-01    -9.17587e-01

   -3.98356e-01    -9.17587e-01
   -3.98356e-01    -9.17587e-01

   -3.98356e-01    -9.17587e-01
   -3.76371e-01    -9.12116e-01

   -3.28986e-01    -9.05077e-01
   -3.28986e-01    -9.05077e-01

   -3.28986e-01    -9.05077e-01
   -3.28986e-01    -9.05077e-01

   -2.97979e-01    -9.08302e-01
   -3.28986e-01    -9.05077e-01

   -2.97979e-01    -9.08302e-01
   -3.28986e-01    -9.05077e-01

   -9.07952e-01    -3.59643e-01
   -9.12116e-01    -3.76371e-01

   -9.07952e-01    -3.59643e-01
   -9.07952e-01    -3.59643e-01

   -9.17587e-01    -3.98356e-01
   -9.17587e-01    -3.98356e-01

   -9.17587e-01    -3.98356e-01
   -9.17587e-01    -3.98356e-01

   -9.17587e-01    -3.98356e-01
   -9.12116e-01    -3.76371e-01

   -9.07953e-01    -3.59643e-01
   -9.05077e-01    -3.28986e-01

   -9.07952e-01    -3.59643e-01
   -9.07952e-01    -3.59643e-01

   -9.05077e-01    -3.28986e-01
   -9.07953e-01    -3.59643e-01

   -9.07952e-01    -3.59643e-01
   -9.07952e-01    -3.59643e-01

   -9.05077e-01    -3.28986e-01
   -9.05077e-01    -3.28986e-01

   -9.05077e-01    -3.28986e-01
   -9.05077e-01    -3.28986e-01

   -9.05077e-01    -3.28986e-01
   -9.05077e-01    -3.28986e-01

   -9.05077e-01    -3.28986e-01
   -9.05077e-01    -3.28986e-01

   -9.08302e-01    -2.97979e-01
   -9.05077e-01    -3.28986e-01

   -9.05077e-01    -3.28986e-01
   -9.08302e-01    -2.97979e-01

    9.50818e-01    -5.28344e-02
    9.49452e-01    -7.21563e-02

    9.50818e-01    -5.28344e-02
    9.52088e-01    -3.48701e-02

    9.59812e-01     0.00000e+00
    9.52088e-01    -3.48701e-02

    9.59812e-01     0.00000e+00
    9.59812e-01     0.00000e+00

    9.59812e-01     0.00000e+00
    9.59812e-01     0.00000e+00

    9.59812e-01     0.00000e+00
    9.52088e-01     3.48701e-02

    0.00000e+00     9.59812e-01
   -3.48701e-02     9.52088e-01

    0.00000e+00     9.59812e-01
    0.00000e+00     9.59812e-01

   -5.28344e-02     9.50818e-01
   -7.21563e-02     9.49452e-01

   -5.28344e-02     9.50818e-01
   -3.48701e-02     9.52088e-01

    0.00000e+00     9.59812e-01
    0.00000e+00     9.59812e-01

    0.00000e+00     9.59812e-01
    3.48701e-02     9.52088e-01

   -2.58844e-01    -9.16816e-01
   -2.19324e-01    -9.29515e-01

   -2.19324e-01    -9.29515e-01
   -2.58844e-01    -9.16816e-01

   -2.19324e-01    -9.29515e-01
   -2.19324e-01    -9.29515e-01

   -2.19324e-01    -9.29515e-01
   -2.19324e-01    -9.29515e-01

   -2.80774e-01    -9.12045e-01
   -2.97979e-01    -9.08302e-01

   -2.97979e-01    -9.08302e-01
   -2.80774e-01    -9.12045e-01

   -2.80774e-01    -9.12045e-01
   -2.80774e-01    -9.12045e-01

   -2.58844e-01    -9.16816e-01
   -2.80774e-01    -9.12045e-01

   -2.58844e-01    -9.16816e-01
   -2.58844e-01    -9.16816e-01

   -2.58844e-01    -9.16816e-01
   -2.80774e-01    -9.12045e-01

   -2.19324e-01    -9.29515e-01
   -2.19324e-01    -9.29515e-01

   -2.19324e-01    -9.29515e-01
   -2.19324e-01    -9.29515e-01

   -1.64395e-01    -9.32592e-01
   -1.64861e-01    -9.32495e-01

   -1.64395e-01    -9.32592e-01
   -1.64395e-01    -9.32592e-01

   -1.63930e-01    -9.32689e-01
   -1.64395e-01    -9.32592e-01

   -1.64395e-01    -9.32592e-01
   -1.64395e-01    -9.32592e-01

   -1.63930e-01    -9.32689e-01
   -1.64395e-01    -9.32592e-01

   -2.19324e-01    -9.29515e-01
   -2.19324e-01    -9.29515e-01

   -2.19324e-01    -9.29515e-01
   -1.64861e-01    -9.32495e-01

   -9.08302e-01    -2.97979e-01
   -9.12045e-01    -2.80774e-01

   -9.08302e-01    -2.97979e-01
   -9.12045e-01    -2.80774e-01

   -9.12045e-01    -2.80774e-01
   -9.12045e-01    -2.80774e-01

   -9.16816e-01    -2.58844e-01
   -9.12045e-01    -2.80774e-01

   -9.16816e-01    -2.58844e-01
   -9.16816e-01    -2.58844e-01

   -9.12045e-01    -2.80774e-01
   -9.16816e-01    -2.58844e-01

   -9.16816e-01    -2.58844e-01
   -9.29515e-01    -2.19324e-01

   -9.16816e-01    -2.58844e-01
   -9.29515e-01    -2.19324e-01

   -9.29515e-01    -2.19324e-01
   -9.29515e-01    -2.19324e-01

   -9.29515e-01    -2.19324e-01
   -9.29515e-01    -2.19324e-01

   -9.29515e-01    -2.19324e-01
   -9.29515e-01    -2.19324e-01

   -9.29515e-01    -2.19324e-01
   -9.29515e-01    -2.19324e-01

   -9.32495e-01    -1.64861e-01
   -9.29515e-01    -2.19324e-01

   -9.29515e-01    -2.19324e-01
   -9.32495e-01    -1.64861e-01

   -9.32495e-01    -1.64861e-01
   -9.32592e-01    -1.64395e-01

   -9.32592e-01    -1.64395e-01
   -9.32495e-01    -1.64861e-01

   -9.32495e-01    -1.64861e-01
   -9.32495e-01    -1.64861e-01

   -9.32689e-01    -1.63930e-01
   -9.32592e-01    -1.64395e-01

   -9.32592e-01    -1.64395e-01
   -9.32592e-01    -1.64395e-01

   -9.32592e-01    -1.64395e-01
   -9.32689e-01    -1.63930e-01

    9.50818e-01     5.28344e-02
    9.49452e-01     7.21564e-02

    9.50818e-01     5.28344e-02
    9.52088e-01     3.48701e-02

    9.49452e-01     7.21564e-02
    9.52349e-01     1.09662e-01

    9.52349e-01     1.09662e-01
    9.52349e-01     1.09662e-01

    9.32689e-01     1.63930e-01
    9.52349e-01     1.09662e-01

    7.21564e-02     9.49452e-01
    1.09662e-01     9.52349e-01

    5.28344e-02     9.50818e-01
    7.21564e-02     9.49452e-01

    5.28344e-02     9.50818e-01
    3.48701e-02     9.52088e-01

    1.09662e-01     9.52349e-01
    1.09662e-01     9.52349e-01

    1.63930e-01     9.32689e-01
    1.09662e-01     9.52349e-01

   -1.09662e-01    -9.63309e-01
   -1.31332e-01    -9.65288e-01

   -1.09662e-01    -9.63309e-01
   -1.09662e-01    -9.63309e-01

   -2.77869e-02    -9.59171e-01
   -5.76157e-02    -9.60582e-01

   -8.45611e-02    -9.61857e-01
   -5.76157e-02    -9.60582e-01

   -1.09662e-01    -9.63309e-01
   -8.45611e-02    -9.61857e-01

   -9.63309e-01    -1.09662e-01
   -9.65288e-01    -1.31332e-01

   -9.63309e-01    -1.09662e-01
   -9.63309e-01    -1.09662e-01

   -9.63309e-01    -1.09662e-01
   -9.61857e-01    -8.45611e-02

   -9.59171e-01    -2.77869e-02
   -9.60582e-01    -5.76157e-02

   -9.61857e-01    -8.45611e-02
   -9.60582e-01    -5.76157e-02

    9.69887e-01     1.76129e-01
    9.65288e-01     1.31332e-01

    9.69887e-01     1.76129e-01
    9.72875e-01     2.05241e-01

    9.72253e-01     2.19324e-01
    9.72875e-01     2.05241e-01

    9.72253e-01     2.19324e-01
    9.72253e-01     2.19324e-01

    9.72253e-01     2.19324e-01
    9.72253e-01     2.19324e-01

    9.72253e-01     2.19324e-01
    9.73911e-01     2.32370e-01

    2.19324e-01     9.72253e-01
    2.05241e-01     9.72875e-01

    2.19324e-01     9.72253e-01
    2.19324e-01     9.72253e-01

    1.76129e-01     9.69887e-01
    1.31332e-01     9.65288e-01

    1.76129e-01     9.69887e-01
    2.05241e-01     9.72875e-01

    2.19324e-01     9.72253e-01
    2.19324e-01     9.72253e-01

    2.19324e-01     9.72253e-01
    2.32370e-01     9.73911e-01

    0.00000e+00    -9.59812e-01
   -2.77869e-02    -9.59171e-01

    0.00000e+00    -9.59812e-01
    0.00000e+00    -9.59812e-01

    0.00000e+00    -9.59812e-01
    0.00000e+00    -9.59812e-01

    2.77869e-02    -9.59171e-01
    5.76157e-02    -9.60582e-01

    8.45610e-02    -9.61857e-01
    5.76157e-02    -9.60582e-01

    0.00000e+00    -9.59812e-01
    2.77869e-02    -9.59171e-01

   -9.59812e-01     0.00000e+00
   -9.59171e-01    -2.77869e-02

   -9.59812e-01     0.00000e+00
   -9.59812e-01     0.00000e+00

   -9.59812e-01     0.00000e+00
   -9.59812e-01     0.00000e+00

   -9.59812e-01     0.00000e+00
   -9.59171e-01     2.77869e-02

   -9.59171e-01     2.77869e-02
   -9.60582e-01     5.76157e-02

   -9.61857e-01     8.45610e-02
   -9.60582e-01     5.76157e-02

    9.81748e-01     3.07093e-01
    9.73911e-01     2.32370e-01

    9.81748e-01     3.07093e-01
    9.83703e-01     3.25732e-01

    9.83165e-01     3.28986e-01
    9.83703e-01     3.25732e-01

    9.83165e-01     3.28986e-01
    9.83165e-01     3.28986e-01

    9.83165e-01     3.28986e-01
    9.83165e-01     3.28986e-01

    9.83165e-01     3.28986e-01
    9.83541e-01     3.32403e-01

    3.28986e-01     9.83165e-01
    3.25732e-01     9.83703e-01

    3.28986e-01     9.83165e-01
    3.28986e-01     9.83165e-01

    3.07093e-01     9.81748e-01
    2.32370e-01     9.73911e-01

    3.07093e-01     9.81748e-01
    3.25732e-01     9.83703e-01

    3.28986e-01     9.83165e-01
    3.28986e-01     9.83165e-01

    3.28986e-01     9.83165e-01
    3.32403e-01     9.83541e-01

    1.09662e-01    -9.63308e-01
    8.45610e-02    -9.61857e-01

    1.09662e-01    -9.63308e-01
    1.09662e-01    -9.63308e-01

    1.31332e-01    -9.65288e-01
    1.76129e-01    -9.69887e-01

    2.05241e-01    -9.72875e-01
    1.76129e-01    -9.69887e-01

    1.09662e-01    -9.63308e-01
    1.31332e-01    -9.65288e-01

   -9.63309e-01     1.09662e-01
   -9.61857e-01     8.45610e-02

   -9.63309e-01     1.09662e-01
   -9.63309e-01     1.09662e-01

   -9.63309e-01     1.09662e-01
   -9.63309e-01     1.09662e-01

   -9.63309e-01     1.09662e-01
   -9.65288e-01     1.31332e-01

   -9.65288e-01     1.31332e-01
   -9.69887e-01     1.76129e-01

   -9.72875e-01     2.05241e-01
   -9.69887e-01     1.76129e-01

    9.86958e-01     3.91790e-01
    9.83541e-01     3.32403e-01

    9.86958e-01     3.91790e-01
    9.86958e-01     3.91790e-01

    9.86958e-01     3.91790e-01
    9.86958e-01     3.91790e-01

    9.86958e-01     3.91790e-01
    9.86958e-01     3.91790e-01

    9.86958e-01     3.91790e-01
    9.86958e-01     3.91790e-01

    9.86958e-01     3.91790e-01
    9.92794e-01     4.32812e-01

    3.91790e-01     9.86958e-01
    3.32403e-01     9.83541e-01

    3.91790e-01     9.86958e-01
    3.91790e-01     9.86958e-01

    3.91790e-01     9.86958e-01
    3.91790e-01     9.86958e-01

    3.91790e-01     9.86958e-01
    3.91790e-01     9.86958e-01

    3.91790e-01     9.86958e-01
    3.91790e-01     9.86958e-01

    3.91790e-01     9.86958e-01
    4.32812e-01     9.92794e-01

    2.19324e-01    -9.72253e-01
    2.05241e-01    -9.72875e-01

    2.19324e-01    -9.72253e-01
    2.19324e-01    -9.72253e-01

    2.32370e-01    -9.73911e-01
    3.07093e-01    -9.81749e-01

    3.25732e-01    -9.83703e-01
    3.07093e-01    -9.81749e-01

    2.19324e-01    -9.72253e-01
    2.32370e-01    -9.73911e-01

   -9.72253e-01     2.19324e-01
   -9.72875e-01     2.05241e-01

   -9.72253e-01     2.19324e-01
   -9.72253e-01     2.19324e-01

   -9.72253e-01     2.19324e-01
   -9.73911e-01     2.32370e-01

   -9.73911e-01     2.32370e-01
   -9.81749e-01     3.07093e-01

   -9.83703e-01     3.25732e-01
   -9.81749e-01     3.07093e-01

    9.97179e-01     4.38648e-01
    9.92794e-01     4.32812e-01

    9.97179e-01     4.38648e-01
    9.97179e-01     4.38648e-01

    9.86958e-01     5.05767e-01
    9.85026e-01     5.46378e-01

    9.86958e-01     5.05767e-01
    9.86958e-01     5.05767e-01

    9.86958e-01     5.05767e-01
    9.86958e-01     5.05767e-01

    9.85395e-01     5.48310e-01
    9.85026e-01     5.46378e-01

    9.85395e-01     5.48310e-01
    9.85395e-01     5.48310e-01

    9.97179e-01     4.38648e-01
    9.97179e-01     4.38648e-01

    9.86958e-01     5.05767e-01
    9.86958e-01     5.05767e-01

    9.86958e-01     5.05767e-01
    9.86958e-01     5.05767e-01

    9.97179e-01     4.38648e-01
    9.98193e-01     4.49883e-01

    9.86958e-01     5.05767e-01
    9.98193e-01     4.49883e-01

    9.85395e-01     5.48310e-01
    9.85395e-01     5.48310e-01

    9.85395e-01     5.48310e-01
    9.84894e-01     5.50373e-01

    5.48310e-01     9.85395e-01
    5.46378e-01     9.85026e-01

    5.48310e-01     9.85395e-01
    5.48310e-01     9.85395e-01

    5.05767e-01     9.86958e-01
    5.46378e-01     9.85026e-01

    5.05767e-01     9.86958e-01
    5.05767e-01     9.86958e-01

    5.05767e-01     9.86958e-01
    5.05767e-01     9.86958e-01

    5.48310e-01     9.85395e-01
    5.48310e-01     9.85395e-01

    5.48310e-01     9.85395e-01
    5.50373e-01     9.84894e-01

    4.38648e-01     9.97179e-01
    4.32812e-01     9.92794e-01

    4.38648e-01     9.97179e-01
    4.38648e-01     9.97179e-01

    5.05767e-01     9.86958e-01
    5.05767e-01     9.86958e-01

    5.05767e-01     9.86958e-01
    5.05767e-01     9.86958e-01

    4.38648e-01     9.97179e-01
    4.38648e-01     9.97179e-01

    5.05767e-01     9.86958e-01
    4.49883e-01     9.98193e-01

    4.38648e-01     9.97179e-01
    4.49883e-01     9.98193e-01

    4.38648e-01    -9.97179e-01
    4.32811e-01    -9.92794e-01

    4.38648e-01    -9.97179e-01
    4.38648e-01    -9.97179e-01

    3.91790e-01    -9.86958e-01
    4.32811e-01    -9.92794e-01

    3.91790e-01    -9.86958e-01
    3.91790e-01    -9.86958e-01

    3.91790e-01    -9.86958e-01
    3.91789e-01    -9.86957e-01

    4.38648e-01    -9.97179e-01
    4.49883e-01    -9.98193e-01

    3.28986e-01    -9.83165e-01
    3.25732e-01    -9.83703e-01

    3.28986e-01    -9.83165e-01
    3.28986e-01    -9.83165e-01

    3.91789e-01    -9.86957e-01
    3.32403e-01    -9.83541e-01

    3.28986e-01    -9.83165e-01
    3.32403e-01    -9.83541e-01

   -9.83165e-01     3.28986e-01
   -9.83703e-01     3.25732e-01

   -9.83165e-01     3.28986e-01
   -9.83165e-01     3.28986e-01

   -9.86958e-01     3.91790e-01
   -9.92794e-01     4.32811e-01

   -9.86958e-01     3.91790e-01
   -9.86958e-01     3.91790e-01

   -9.86958e-01     3.91790e-01
   -9.86958e-01     3.91789e-01

   -9.97179e-01     4.38648e-01
   -9.92794e-01     4.32811e-01

   -9.97179e-01     4.38648e-01
   -9.97179e-01     4.38648e-01

   -9.83165e-01     3.28986e-01
   -9.83541e-01     3.32403e-01

   -9.86958e-01     3.91789e-01
   -9.83541e-01     3.32403e-01

   -9.97179e-01     4.38648e-01
   -9.98193e-01     4.49883e-01

    9.83308e-01     5.61005e-01
    9.71198e-01     6.42212e-01

    9.83308e-01     5.61005e-01
    9.84894e-01     5.50373e-01

    9.73153e-01     6.57972e-01
    9.71198e-01     6.42212e-01

    9.73153e-01     6.57972e-01
    9.73153e-01     6.57972e-01

    9.73153e-01     6.57972e-01
    9.73153e-01     6.57972e-01

    9.73153e-01     6.57972e-01
    9.73153e-01     6.57972e-01

    9.73153e-01     6.57972e-01
    9.73153e-01     6.57972e-01

    9.73153e-01     6.57972e-01
    9.66325e-01     6.78605e-01

    9.66325e-01     6.78605e-01
    9.73153e-01     6.57972e-01

    6.57972e-01     9.73153e-01
    6.42212e-01     9.71198e-01

    6.57972e-01     9.73153e-01
    6.57972e-01     9.73153e-01

    6.57972e-01     9.73153e-01
    6.57972e-01     9.73153e-01

    5.61005e-01     9.83308e-01
    6.42212e-01     9.71198e-01

    5.61005e-01     9.83308e-01
    5.50373e-01     9.84894e-01

    6.57972e-01     9.73153e-01
    6.57972e-01     9.73153e-01

    6.57972e-01     9.73153e-01
    6.57972e-01     9.73153e-01

    6.57972e-01     9.73153e-01
    6.78605e-01     9.66325e-01

    6.57972e-01     9.73153e-01
    6.78605e-01     9.66325e-01

    5.05766e-01    -9.86958e-01
    4.49883e-01    -9.98193e-01

    5.05767e-01    -9.86958e-01
    5.05766e-01    -9.86958e-01

    5.05767e-01    -9.86958e-01
    5.05767e-01    -9.86958e-01

    5.05767e-01    -9.86958e-01
    5.46378e-01    -9.85026e-01

   -9.86958e-01     5.05766e-01
   -9.98193e-01     4.49883e-01

   -9.86958e-01     5.05766e-01
   -9.86958e-01     5.05766e-01

   -9.86958e-01     5.05766e-01
   -9.86958e-01     5.05767e-01

   -9.86958e-01     5.05767e-01
   -9.85026e-01     5.46378e-01

    5.48310e-01    -9.85395e-01
    5.46378e-01    -9.85026e-01

    5.48310e-01    -9.85395e-01
    5.48310e-01    -9.85395e-01

    5.48310e-01    -9.85395e-01
    5.48310e-01    -9.85395e-01

    6.42212e-01    -9.71198e-01
    5.61006e-01    -9.83309e-01

    5.50373e-01    -9.84894e-01
    5.61006e-01    -9.83309e-01

    5.48310e-01    -9.85395e-01
    5.50373e-01    -9.84894e-01

   -9.85395e-01     5.48310e-01
   -9.85026e-01     5.46378e-01

   -9.85395e-01     5.48310e-01
   -9.85395e-01     5.48310e-01

   -9.85395e-01     5.48310e-01
   -9.84894e-01     5.50373e-01

   -9.71198e-01     6.42212e-01
   -9.83309e-01     5.61005e-01

   -9.84894e-01     5.50373e-01
   -9.83309e-01     5.61005e-01

    6.57972e-01    -9.73153e-01
    6.42212e-01    -9.71198e-01

    6.57972e-01    -9.73153e-01
    6.57972e-01    -9.73153e-01

    6.57972e-01    -9.73153e-01
    6.57972e-01    -9.73154e-01

    6.69355e-01    -9.69386e-01
    6.78605e-01    -9.66325e-01

    6.57972e-01    -9.73154e-01
    6.69355e-01    -9.69386e-01

   -9.73153e-01     6.57972e-01
   -9.71198e-01     6.42212e-01

   -9.73153e-01     6.57972e-01
   -9.73153e-01     6.57972e-01

   -9.73153e-01     6.57972e-01
   -9.73154e-01     6.57972e-01

   -9.71270e-01     6.63664e-01
   -9.66325e-01     6.78605e-01

   -9.73154e-01     6.57972e-01
   -9.71270e-01     6.63664e-01

    9.73154e-01    -6.57972e-01
    9.66325e-01    -6.78605e-01

    9.73153e-01    -6.57972e-01
    9.73153e-01    -6.57972e-01

    9.73154e-01    -6.57972e-01
    9.73153e-01    -6.57972e-01

    9.71198e-01    -6.42212e-01
    9.73153e-01    -6.57972e-01

   -6.78605e-01     9.66325e-01
   -6.57972e-01     9.73154e-01

   -6.57972e-01     9.73153e-01
   -6.57972e-01     9.73153e-01

   -6.57972e-01     9.73154e-01
   -6.57972e-01     9.73153e-01

   -6.42212e-01     9.71198e-01
   -6.57972e-01     9.73153e-01

    9.83309e-01    -5.61005e-01
    9.71198e-01    -6.42212e-01

    9.83309e-01    -5.61005e-01
    9.84894e-01    -5.50373e-01

    9.84894e-01    -5.50373e-01
    9.85395e-01    -5.48310e-01

    9.85395e-01    -5.48310e-01
    9.85395e-01    -5.48310e-01

    9.85026e-01    -5.46378e-01
    9.85395e-01    -5.48310e-01

   -5.48310e-01     9.85395e-01
   -5.50373e-01     9.84894e-01

   -5.48310e-01     9.85395e-01
   -5.48310e-01     9.85395e-01

   -5.61006e-01     9.83309e-01
   -6.42212e-01     9.71198e-01

   -5.61006e-01     9.83309e-01
   -5.50373e-01     9.84894e-01

   -5.48310e-01     9.85395e-01
   -5.48310e-01     9.85395e-01

   -5.48310e-01     9.85395e-01
   -5.46378e-01     9.85026e-01

    9.85026e-01    -5.46378e-01
    9.86958e-01    -5.05767e-01

    9.86958e-01    -5.05766e-01
    9.86958e-01    -5.05766e-01

    9.86958e-01    -5.05767e-01
    9.86958e-01    -5.05766e-01

    9.98193e-01    -4.49883e-01
    9.86958e-01    -5.05766e-01

   -5.46378e-01     9.85026e-01
   -5.05767e-01     9.86958e-01

   -5.05766e-01     9.86958e-01
   -5.05767e-01     9.86958e-01

   -5.05767e-01     9.86958e-01
   -5.05767e-01     9.86958e-01

   -4.49883e-01     9.98193e-01
   -5.05766e-01     9.86958e-01

   -6.78605e-01    -9.66325e-01
   -6.57972e-01    -9.73153e-01

   -6.57972e-01    -9.73153e-01
   -6.78605e-01    -9.66325e-01

   -6.57972e-01    -9.73153e-01
   -6.57972e-01    -9.73153e-01

   -6.57972e-01    -9.73153e-01
   -6.57972e-01    -9.73153e-01

   -6.57972e-01    -9.73153e-01
   -6.57972e-01    -9.73153e-01

   -6.57972e-01    -9.73153e-01
   -6.57972e-01    -9.73153e-01

   -5.61005e-01    -9.83309e-01
   -6.42212e-01    -9.71198e-01

   -5.61005e-01    -9.83309e-01
   -6.42212e-01    -9.71198e-01

   -6.42212e-01    -9.71198e-01
   -6.42212e-01    -9.71198e-01

   -5.50373e-01    -9.84894e-01
   -5.61005e-01    -9.83309e-01

   -5.61005e-01    -9.83309e-01
   -5.61005e-01    -9.83309e-01

   -5.61005e-01    -9.83309e-01
   -5.50373e-01    -9.84894e-01

   -6.42212e-01    -9.71198e-01
   -6.57972e-01    -9.73153e-01

   -6.57972e-01    -9.73153e-01
   -6.42212e-01    -9.71198e-01

   -9.66325e-01    -6.78605e-01
   -9.73153e-01    -6.57972e-01

   -9.66325e-01    -6.78605e-01
   -9.73153e-01    -6.57972e-01

   -9.73153e-01    -6.57972e-01
   -9.73153e-01    -6.57972e-01

   -9.73153e-01    -6.57972e-01
   -9.73153e-01    -6.57972e-01

   -9.73153e-01    -6.57972e-01
   -9.73153e-01    -6.57972e-01

   -9.73153e-01    -6.57972e-01
   -9.73153e-01    -6.57972e-01

   -9.73153e-01    -6.57972e-01
   -9.71198e-01    -6.42212e-01

   -9.71198e-01    -6.42212e-01
   -9.73153e-01    -6.57972e-01

   -9.71198e-01    -6.42212e-01
   -9.83309e-01    -5.61005e-01

   -9.83309e-01    -5.61005e-01
   -9.71198e-01    -6.42212e-01

   -9.71198e-01    -6.42212e-01
   -9.71198e-01    -6.42212e-01

   -9.83309e-01    -5.61005e-01
   -9.84894e-01    -5.50373e-01

   -9.83309e-01    -5.61005e-01
   -9.83309e-01    -5.61005e-01

   -9.84894e-01    -5.50373e-01
   -9.83309e-01    -5.61005e-01

    9.98193e-01    -4.49883e-01
    9.97179e-01    -4.38648e-01

    9.83541e-01    -3.32403e-01
    9.86958e-01    -3.91789e-01

    9.83541e-01    -3.32403e-01
    9.83165e-01    -3.28986e-01

    9.97179e-01    -4.38648e-01
    9.97179e-01    -4.38648e-01

    9.86958e-01    -3.91790e-01
    9.86958e-01    -3.91790e-01

    9.86958e-01    -3.91789e-01
    9.86958e-01    -3.91790e-01

    9.92794e-01    -4.32811e-01
    9.97179e-01    -4.38648e-01

    9.92794e-01    -4.32811e-01
    9.86958e-01    -3.91790e-01

    9.83165e-01    -3.28986e-01
    9.83165e-01    -3.28986e-01

    9.83703e-01    -3.25732e-01
    9.83165e-01    -3.28986e-01

   -3.32403e-01     9.83541e-01
   -3.28986e-01     9.83165e-01

   -3.32403e-01     9.83541e-01
   -3.91789e-01     9.86957e-01

   -3.28986e-01     9.83165e-01
   -3.28986e-01     9.83165e-01

   -3.25732e-01     9.83703e-01
   -3.28986e-01     9.83165e-01

   -4.49883e-01     9.98193e-01
   -4.38648e-01     9.97179e-01

   -3.91790e-01     9.86958e-01
   -3.91790e-01     9.86958e-01

   -3.91789e-01     9.86957e-01
   -3.91790e-01     9.86958e-01

   -4.38648e-01     9.97179e-01
   -4.38648e-01     9.97179e-01

   -4.32811e-01     9.92794e-01
   -3.91790e-01     9.86958e-01

   -4.32811e-01     9.92794e-01
   -4.38648e-01     9.97179e-01

   -4.38648e-01    -9.97180e-01
   -4.49883e-01    -9.98193e-01

   -4.49883e-01    -9.98193e-01
   -4.49883e-01    -9.98193e-01

   -4.49883e-01    -9.98193e-01
   -4.38648e-01    -9.97180e-01

   -4.49883e-01    -9.98193e-01
   -4.49883e-01    -9.98193e-01

   -4.38648e-01    -9.97180e-01
   -4.38648e-01    -9.97180e-01

   -4.49883e-01    -9.98193e-01
   -5.05767e-01    -9.86958e-01

   -5.05767e-01    -9.86958e-01
   -4.49883e-01    -9.98193e-01

   -5.05767e-01    -9.86958e-01
   -5.05767e-01    -9.86958e-01

   -5.05767e-01    -9.86958e-01
   -5.05767e-01    -9.86958e-01

   -4.38648e-01    -9.97180e-01
   -4.38648e-01    -9.97180e-01

   -4.32812e-01    -9.92794e-01
   -4.38648e-01    -9.97180e-01

   -4.38648e-01    -9.97180e-01
   -4.32812e-01    -9.92794e-01

   -5.50373e-01    -9.84894e-01
   -5.48310e-01    -9.85395e-01

   -5.48310e-01    -9.85395e-01
   -5.50373e-01    -9.84894e-01

   -5.48310e-01    -9.85395e-01
   -5.48310e-01    -9.85395e-01

   -5.05767e-01    -9.86958e-01
   -5.05767e-01    -9.86958e-01

   -5.05767e-01    -9.86958e-01
   -5.05767e-01    -9.86958e-01

   -5.48310e-01    -9.85395e-01
   -5.48310e-01    -9.85395e-01

   -5.46378e-01    -9.85026e-01
   -5.05767e-01    -9.86958e-01

   -5.05767e-01    -9.86958e-01
   -5.46378e-01    -9.85026e-01

   -5.46378e-01    -9.85026e-01
   -5.48310e-01    -9.85395e-01

   -5.48310e-01    -9.85395e-01
   -5.46378e-01    -9.85026e-01

   -9.84894e-01    -5.50373e-01
   -9.85395e-01    -5.48310e-01

   -9.84894e-01    -5.50373e-01
   -9.85395e-01    -5.48310e-01

   -9.85395e-01    -5.48310e-01
   -9.85395e-01    -5.48310e-01

   -9.86958e-01    -5.05767e-01
   -9.98193e-01    -4.49883e-01

   -9.98193e-01    -4.49883e-01
   -9.86958e-01    -5.05767e-01

   -9.86958e-01    -5.05767e-01
   -9.86958e-01    -5.05767e-01

   -9.86958e-01    -5.05767e-01
   -9.86958e-01    -5.05767e-01

   -9.98193e-01    -4.49883e-01
   -9.97180e-01    -4.38648e-01

   -9.98193e-01    -4.49883e-01
   -9.98193e-01    -4.49883e-01

   -9.97180e-01    -4.38648e-01
   -9.98193e-01    -4.49883e-01

   -9.98193e-01    -4.49883e-01
   -9.98193e-01    -4.49883e-01

   -9.97180e-01    -4.38648e-01
   -9.97180e-01    -4.38648e-01

   -9.85395e-01    -5.48310e-01
   -9.85395e-01    -5.48310e-01

   -9.86958e-01    -5.05767e-01
   -9.86958e-01    -5.05767e-01

   -9.86958e-01    -5.05767e-01
   -9.86958e-01    -5.05767e-01

   -9.85395e-01    -5.48310e-01
   -9.85026e-01    -5.46378e-01

   -9.85026e-01    -5.46378e-01
   -9.85395e-01    -5.48310e-01

   -9.85026e-01    -5.46378e-01
   -9.86958e-01    -5.05767e-01

   -9.85026e-01    -5.46378e-01
   -9.86958e-01    -5.05767e-01

   -9.97180e-01    -4.38648e-01
   -9.97180e-01    -4.38648e-01

   -9.97180e-01    -4.38648e-01
   -9.92794e-01    -4.32812e-01

   -9.92794e-01    -4.32812e-01
   -9.97180e-01    -4.38648e-01

    9.81749e-01    -3.07093e-01
    9.73911e-01    -2.32370e-01

    9.81749e-01    -3.07093e-01
    9.83703e-01    -3.25732e-01

    9.73911e-01    -2.32370e-01
    9.72253e-01    -2.19324e-01

    9.72253e-01    -2.19324e-01
    9.72253e-01    -2.19324e-01

    9.72875e-01    -2.05241e-01
    9.72253e-01    -2.19324e-01

   -2.32370e-01     9.73911e-01
   -2.19324e-01     9.72253e-01

   -3.07093e-01     9.81749e-01
   -2.32370e-01     9.73911e-01

   -3.07093e-01     9.81749e-01
   -3.25732e-01     9.83703e-01

   -2.19324e-01     9.72253e-01
   -2.19324e-01     9.72253e-01

   -2.05241e-01     9.72875e-01
   -2.19324e-01     9.72253e-01

   -4.32812e-01    -9.92794e-01
   -3.91790e-01    -9.86958e-01

   -3.91790e-01    -9.86958e-01
   -4.32812e-01    -9.92794e-01

   -3.91790e-01    -9.86958e-01
   -3.91790e-01    -9.86958e-01

   -3.91790e-01    -9.86958e-01
   -3.91790e-01    -9.86958e-01

   -3.91790e-01    -9.86958e-01
   -3.91790e-01    -9.86958e-01

   -3.91790e-01    -9.86958e-01
   -3.91790e-01    -9.86958e-01

   -3.32403e-01    -9.83541e-01
   -3.91790e-01    -9.86958e-01

   -3.91790e-01    -9.86958e-01
   -3.32403e-01    -9.83541e-01

   -9.92794e-01    -4.32812e-01
   -9.86958e-01    -3.91790e-01

   -9.92794e-01    -4.32812e-01
   -9.86958e-01    -3.91790e-01

   -9.86958e-01    -3.91790e-01
   -9.86958e-01    -3.91790e-01

   -9.86958e-01    -3.91790e-01
   -9.86958e-01    -3.91790e-01

   -9.86958e-01    -3.91790e-01
   -9.86958e-01    -3.91790e-01

   -9.86958e-01    -3.91790e-01
   -9.86958e-01    -3.91790e-01

   -9.86958e-01    -3.91790e-01
   -9.83541e-01    -3.32403e-01

   -9.83541e-01    -3.32403e-01
   -9.86958e-01    -3.91790e-01

    9.69887e-01    -1.76129e-01
    9.65288e-01    -1.31332e-01

    9.69887e-01    -1.76129e-01
    9.72875e-01    -2.05241e-01

    9.63309e-01    -1.09662e-01
    9.65288e-01    -1.31332e-01

    9.63309e-01    -1.09662e-01
    9.63309e-01    -1.09662e-01

    9.63309e-01    -1.09662e-01
    9.63309e-01    -1.09662e-01

    9.63309e-01    -1.09662e-01
    9.61857e-01    -8.45610e-02

   -1.31332e-01     9.65288e-01
   -1.09662e-01     9.63308e-01

   -1.76129e-01     9.69887e-01
   -1.31332e-01     9.65288e-01

   -1.76129e-01     9.69887e-01
   -2.05241e-01     9.72875e-01

   -1.09662e-01     9.63308e-01
   -1.09662e-01     9.63308e-01

   -8.45610e-02     9.61857e-01
   -1.09662e-01     9.63308e-01

   -3.32403e-01    -9.83541e-01
   -3.28986e-01    -9.83165e-01

   -3.28986e-01    -9.83165e-01
   -3.32403e-01    -9.83541e-01

   -3.28986e-01    -9.83165e-01
   -3.28986e-01    -9.83165e-01

   -3.28986e-01    -9.83165e-01
   -3.28986e-01    -9.83165e-01

   -2.32370e-01    -9.73911e-01
   -3.07093e-01    -9.81749e-01

   -2.32370e-01    -9.73911e-01
   -2.32370e-01    -9.73911e-01

   -2.32370e-01    -9.73911e-01
   -2.32370e-01    -9.73911e-01

   -3.25732e-01    -9.83703e-01
   -3.25732e-01    -9.83703e-01

   -3.07094e-01    -9.81749e-01
   -3.07093e-01    -9.81749e-01

   -3.25732e-01    -9.83703e-01
   -3.07094e-01    -9.81749e-01

   -3.25732e-01    -9.83703e-01
   -3.28986e-01    -9.83165e-01

   -3.25732e-01    -9.83703e-01
   -3.28986e-01    -9.83165e-01

   -9.83541e-01    -3.32403e-01
   -9.83165e-01    -3.28986e-01

   -9.83541e-01    -3.32403e-01
   -9.83165e-01    -3.28986e-01

   -9.83165e-01    -3.28986e-01
   -9.83165e-01    -3.28986e-01

   -9.83165e-01    -3.28986e-01
   -9.83165e-01    -3.28986e-01

   -9.83703e-01    -3.25732e-01
   -9.83165e-01    -3.28986e-01

   -9.83165e-01    -3.28986e-01
   -9.83703e-01    -3.25732e-01

   -9.73911e-01    -2.32370e-01
   -9.81749e-01    -3.07093e-01

   -9.73911e-01    -2.32370e-01
   -9.73911e-01    -2.32370e-01

   -9.73911e-01    -2.32370e-01
   -9.73911e-01    -2.32370e-01

   -9.83703e-01    -3.25732e-01
   -9.83703e-01    -3.25732e-01

   -9.81749e-01    -3.07094e-01
   -9.81749e-01    -3.07093e-01

   -9.83703e-01    -3.25732e-01
   -9.81749e-01    -3.07094e-01

    9.60582e-01    -5.76157e-02
    9.59171e-01    -2.77869e-02

    9.60582e-01    -5.76157e-02
    9.61857e-01    -8.45610e-02

    9.59812e-01     0.00000e+00
    9.59171e-01    -2.77869e-02

    9.59812e-01     0.00000e+00
    9.59812e-01     0.00000e+00

    9.59812e-01     0.00000e+00
    9.59812e-01     0.00000e+00

    9.59812e-01     0.00000e+00
    9.59171e-01     2.77869e-02

    0.00000e+00     9.59812e-01
   -2.77869e-02     9.59171e-01

    0.00000e+00     9.59812e-01
    0.00000e+00     9.59812e-01

   -5.76157e-02     9.60582e-01
   -2.77869e-02     9.59171e-01

   -5.76157e-02     9.60582e-01
   -8.45610e-02     9.61857e-01

    0.00000e+00     9.59812e-01
    0.00000e+00     9.59812e-01

    0.00000e+00     9.59812e-01
    2.77869e-02     9.59171e-01

   -2.32370e-01    -9.73911e-01
   -2.19324e-01    -9.72253e-01

   -2.19324e-01    -9.72253e-01
   -2.32370e-01    -9.73911e-01

   -2.19324e-01    -9.72253e-01
   -2.19324e-01    -9.72253e-01

   -2.19324e-01    -9.72253e-01
   -2.19324e-01    -9.72253e-01

   -1.31332e-01    -9.65288e-01
   -1.76129e-01    -9.69887e-01

   -1.31332e-01    -9.65288e-01
   -1.31332e-01    -9.65288e-01

   -1.31332e-01    -9.65288e-01
   -1.31332e-01    -9.65288e-01

   -2.05241e-01    -9.72875e-01
   -2.05241e-01    -9.72875e-01

   -1.76129e-01    -9.69887e-01
   -1.76129e-01    -9.69887e-01

   -2.05241e-01    -9.72875e-01
   -1.76129e-01    -9.69887e-01

   -2.05241e-01    -9.72875e-01
   -2.19324e-01    -9.72253e-01

   -2.05241e-01    -9.72875e-01
   -2.19324e-01    -9.72253e-01

   -9.73911e-01    -2.32370e-01
   -9.72253e-01    -2.19324e-01

   -9.73911e-01    -2.32370e-01
   -9.72253e-01    -2.19324e-01

   -9.72253e-01    -2.19324e-01
   -9.72253e-01    -2.19324e-01

   -9.72253e-01    -2.19324e-01
   -9.72253e-01    -2.19324e-01

   -9.72875e-01    -2.05241e-01
   -9.72253e-01    -2.19324e-01

   -9.72253e-01    -2.19324e-01
   -9.72875e-01    -2.05241e-01

   -9.65288e-01    -1.31332e-01
   -9.69887e-01    -1.76129e-01

   -9.65288e-01    -1.31332e-01
   -9.65288e-01    -1.31332e-01

   -9.65288e-01    -1.31332e-01
   -9.65288e-01    -1.31332e-01

   -9.72875e-01    -2.05241e-01
   -9.72875e-01    -2.05241e-01

   -9.69887e-01    -1.76129e-01
   -9.69887e-01    -1.76129e-01

   -9.72875e-01    -2.05241e-01
   -9.69887e-01    -1.76129e-01

    9.60582e-01     5.76157e-02
    9.59171e-01     2.77869e-02

    9.60582e-01     5.76157e-02
    9.61857e-01     8.45611e-02

    9.61857e-01     8.45611e-02
    9.63309e-01     1.09662e-01

    9.63309e-01     1.09662e-01
    9.63309e-01     1.09662e-01

    9.65288e-01     1.31332e-01
    9.63309e-01     1.09662e-01

    8.45611e-02     9.61857e-01
    1.09662e-01     9.63309e-01

    5.76157e-02     9.60582e-01
    2.77869e-02     9.59171e-01

    5.76157e-02     9.60582e-01
    8.45611e-02     9.61857e-01

    1.09662e-01     9.63309e-01
    1.09662e-01     9.63309e-01

    1.31332e-01     9.65288e-01
    1.09662e-01     9.63309e-01

